on,on,1.1102230246251565e-15,-0.1792290389150837,-0.06997480053775873,-0.06991871595399762,0.031347445496453574,-0.15002344409997515,-0.11744360106888119,-0.06551106043744759,-0.09763688281950267,-0.3629035921924929,-0.46122671913947993,0.4466287862961529,0.0023447974577138764,0.4292198551752666,0.43902640662686443,-0.07723609598116982,-0.13408258978713117,-0.1714614748668843,-0.20911116631615503,-0.1277664415419819,-0.04784671021551634
next to,next to,-0.1792290389150837,5.551115123125783e-16,-0.427473203627676,-0.38102366948269534,-0.36406415012604715,-0.24349595186181927,-0.40554663091719884,-0.34312213430836314,-0.7785767560235461,-0.03798071827705979,-0.2477308266610037,-0.12213355340474835,-0.5510929073897153,-0.09635394021142574,-0.26313788051233755,-0.22400744141174286,-0.036033896818031624,-0.5374768393546084,-0.7609971131003013,-0.2835008081524739,-0.3255557158519158
above,above,-0.06997480053775873,-0.427473203627676,9.992007221626409e-16,-0.25715393054935415,-0.15625859285275082,-0.13066989068873175,-0.1298190147654703,-0.06930450227349505,-0.31703362144189023,-0.010222080628031815,-0.20205733658498573,-0.031949383449547786,-0.18598969491126321,0.029127363561143482,-0.07581970577335989,-0.21884653746093335,-0.04928756246368418,-0.3059163383442476,-0.3048300964579349,-0.28308818254890844,-0.12887766854576543
behind,behind,-0.06991871595399762,-0.38102366948269534,-0.25715393054935415,0.0,0.028278909221632453,-0.1143524460510183,-0.18191552990260162,-0.2663611712811921,-0.14745001554219261,-0.02506961006201569,-0.20608862327419308,0.0890944210128008,-0.21414204334167497,-0.002831490697770278,-0.009321464250911904,-0.25863525359216644,-0.12728353344146237,-0.2526791037694009,-0.2615625743151457,-0.2084357750863972,-0.12700375388399832
in the front of,in the front of,0.031347445496453574,-0.36406415012604715,-0.15625859285275082,0.028278909221632453,4.440892098500626e-16,0.04349559602729608,-0.012370913368659253,-0.11593803450474235,0.008942752202006576,0.05115329376003758,-0.06816672143359298,-0.25667830295041427,-0.12779443438378718,-0.1751886030721827,-0.32297170021539207,0.08740063085852856,0.22321650944862234,0.039873362312846106,-0.2002092758448496,-0.05916855706903597,0.048032924783623365
under,under,-0.15002344409997515,-0.24349595186181927,-0.13066989068873175,-0.1143524460510183,0.04349559602729608,4.440892098500626e-16,-0.2741950640417895,-0.15185719064372022,-0.19574822531609182,-0.17687123524039805,-0.3176903894819826,0.12133815141163895,-0.0791202088459293,0.07116248882857873,0.055228819589347555,-0.27814213849004404,-0.27905520358072095,-0.18380763110045073,-0.180412785015256,-0.1172166290038924,-0.19036284464809944
near,near,-0.11744360106888119,-0.40554663091719884,-0.1298190147654703,-0.18191552990260162,-0.012370913368659253,-0.2741950640417895,4.440892098500626e-16,-0.1260055227253828,-0.08825359631205942,0.06223441315282269,-0.18609069638557754,0.17094308865321492,-0.08730030667720001,0.1316120372243026,-0.0741788143955957,-0.24204514956285783,-0.17129035471096105,-0.14143940510780456,-0.10420174177887309,-0.1922440176806976,-0.1302826476910378
below,below,-0.06551106043744759,-0.34312213430836314,-0.06930450227349505,-0.2663611712811921,-0.11593803450474235,-0.15185719064372022,-0.1260055227253828,6.661338147750939e-16,-0.30096237478018545,-0.027500937364076217,-0.20505596529098993,0.010770464347511721,-0.1428813408030597,0.016588279354280033,-0.021585333159485798,-0.2516120685038321,-0.07847833023913675,-0.28089356542706,-0.23320838656228193,-0.26870736908490134,-0.14760993191440525
beside,beside,-0.09763688281950267,-0.7785767560235461,-0.31703362144189023,-0.14745001554219261,0.008942752202006576,-0.19574822531609182,-0.08825359631205942,-0.30096237478018545,4.440892098500626e-16,-0.10609421842362043,-0.2533514279466523,-0.0986491177490379,-0.1372075217371398,-0.09536942969825352,-0.29538304069258625,-0.14768822005760124,-0.05953036422540792,-0.20622161233874758,-0.2853235813576737,-0.19309150318641136,-0.20513006556828378
in,in,-0.3629035921924929,-0.03798071827705979,-0.010222080628031815,-0.02506961006201569,0.05115329376003758,-0.17687123524039805,0.06223441315282269,-0.027500937364076217,-0.10609421842362043,-4.440892098500626e-16,-0.41322745783644366,0.2131375735277362,-0.053373212305766,0.1755508309413954,0.1230114800002639,0.047473484265727284,0.03325486299799918,-0.039397015892356,-0.07966294893927572,-0.12231715371955351,0.09110537247335915
by,by,-0.46122671913947993,-0.2477308266610037,-0.20205733658498573,-0.20608862327419308,-0.06816672143359298,-0.3176903894819826,-0.18609069638557754,-0.20505596529098993,-0.2533514279466523,-0.41322745783644366,1.1102230246251565e-15,0.0036517426002878883,-0.20636001603127635,-0.044797142808038815,-0.037417789483239816,-0.13243611983312278,-0.1481299495327389,-0.19649100700280034,-0.16370410611470376,-0.18817800040047356,-0.12688141592082186
on the left of,on the left of,0.4466287862961529,-0.12213355340474835,-0.031949383449547786,0.0890944210128008,-0.25667830295041427,0.12133815141163895,0.17094308865321492,0.010770464347511721,-0.0986491177490379,0.2131375735277362,0.0036517426002878883,2.220446049250313e-16,0.04923213933137438,-0.002539147465896452,0.07965126359973362,0.10659391052712319,0.23519026666112514,0.019951122575826097,-0.14260568350207603,0.12347091280677264,0.4081487029204018
beneath,beneath,0.0023447974577138764,-0.5510929073897153,-0.18598969491126321,-0.21414204334167497,-0.12779443438378718,-0.0791202088459293,-0.08730030667720001,-0.1428813408030597,-0.1372075217371398,-0.053373212305766,-0.20636001603127635,0.04923213933137438,1.7763568394002505e-15,0.05078549197030008,-0.18397657999978279,-0.09467685725102126,-0.07841392006508371,-0.20138704344168828,-0.20193429550702224,-0.17470842369191497,-0.06694109950070815
on the right of,on the right of,0.4292198551752666,-0.09635394021142574,0.029127363561143482,-0.002831490697770278,-0.1751886030721827,0.07116248882857873,0.1316120372243026,0.016588279354280033,-0.09536942969825352,0.1755508309413954,-0.044797142808038815,-0.002539147465896452,0.05078549197030008,2.220446049250313e-16,0.13504751140754695,0.14971240552852896,0.1545094621739152,0.03902708055888754,-0.14014038360142955,0.11776423068525085,0.36275179049204165
on the top of,on the top of,0.43902640662686443,-0.26313788051233755,-0.07581970577335989,-0.009321464250911904,-0.32297170021539207,0.055228819589347555,-0.0741788143955957,-0.021585333159485798,-0.29538304069258625,0.1230114800002639,-0.037417789483239816,0.07965126359973362,-0.18397657999978279,0.13504751140754695,0.0,0.04213713558954374,0.16650470597993228,-0.21228523396086024,-0.39809507172584346,-0.0008453320158226252,-0.018417345461335277
across,across,-0.07723609598116982,-0.22400744141174286,-0.21884653746093335,-0.25863525359216644,0.08740063085852856,-0.27814213849004404,-0.24204514956285783,-0.2516120685038321,-0.14768822005760124,0.047473484265727284,-0.13243611983312278,0.10659391052712319,-0.09467685725102126,0.14971240552852896,0.04213713558954374,1.3322676295501878e-15,-0.21577942379003412,-0.26937026157919036,-0.20937799706677523,-0.18933658247623275,-0.2098006235412807
against,against,-0.13408258978713117,-0.036033896818031624,-0.04928756246368418,-0.12728353344146237,0.22321650944862234,-0.27905520358072095,-0.17129035471096105,-0.07847833023913675,-0.05953036422540792,0.03325486299799918,-0.1481299495327389,0.23519026666112514,-0.07841392006508371,0.1545094621739152,0.16650470597993228,-0.21577942379003412,-2.220446049250313e-16,-0.1343404134691971,-0.17160178814320898,0.019947264936447134,-0.10161983969839777
inside,inside,-0.1714614748668843,-0.5374768393546084,-0.3059163383442476,-0.2526791037694009,0.039873362312846106,-0.18380763110045073,-0.14143940510780456,-0.28089356542706,-0.20622161233874758,-0.039397015892356,-0.19649100700280034,0.019951122575826097,-0.20138704344168828,0.03902708055888754,-0.21228523396086024,-0.26937026157919036,-0.1343404134691971,4.440892098500626e-16,-0.13292474510884617,-0.23137590820111864,-0.0669552009082669
adjacent to,adjacent to,-0.20911116631615503,-0.7609971131003013,-0.3048300964579349,-0.2615625743151457,-0.2002092758448496,-0.180412785015256,-0.10420174177887309,-0.23320838656228193,-0.2853235813576737,-0.07966294893927572,-0.16370410611470376,-0.14260568350207603,-0.20193429550702224,-0.14014038360142955,-0.39809507172584346,-0.20937799706677523,-0.17160178814320898,-0.13292474510884617,4.440892098500626e-16,-0.23747859136753324,-0.23847139165202513
contain,contain,-0.1277664415419819,-0.2835008081524739,-0.28308818254890844,-0.2084357750863972,-0.05916855706903597,-0.1172166290038924,-0.1922440176806976,-0.26870736908490134,-0.19309150318641136,-0.12231715371955351,-0.18817800040047356,0.12347091280677264,-0.17470842369191497,0.11776423068525085,-0.0008453320158226252,-0.18933658247623275,0.019947264936447134,-0.23137590820111864,-0.23747859136753324,-4.440892098500626e-16,-0.18486254953363884
outside of,outside of,-0.04784671021551634,-0.3255557158519158,-0.12887766854576543,-0.12700375388399832,0.048032924783623365,-0.19036284464809944,-0.1302826476910378,-0.14760993191440525,-0.20513006556828378,0.09110537247335915,-0.12688141592082186,0.4081487029204018,-0.06694109950070815,0.36275179049204165,-0.018417345461335277,-0.2098006235412807,-0.10161983969839777,-0.0669552009082669,-0.23847139165202513,-0.18486254953363884,-2.220446049250313e-16
