[0 0 0],4,1,5,0
[0 0 1],587,151,738,0
[0 0 2],7,0,7,0
[0 0 3],304,61,365,0
[0 0 4],159,40,199,0
[0 0 5],1,0,1,0
[0 0 6],200,42,242,0
[0 0 7],4,0,4,0
[0 0 8],150,25,175,0
[0 0 10],53,16,69,0
[0 0 11],92,23,115,0
[0 0 12],1,0,1,0
[0 0 13],97,19,116,0
[0 0 15],13,1,14,0
[0 0 16],2,0,2,0
[0 0 18],4,0,4,0
[0 1 4],3,0,3,0
[0 1 5],64,28,92,0
[0 1 7],34,9,43,0
[0 1 9],2,2,4,0
[0 1 12],9,4,13,0
[0 2 0],1,0,1,0
[0 2 1],24,2,26,0
[0 2 3],2,0,2,0
[0 2 4],56,13,69,0
[0 2 6],8,1,9,0
[0 2 8],11,1,12,0
[0 2 9],2,0,2,0
[0 2 10],6,1,7,0
[0 2 20],1,1,2,0
[0 3 0],7,1,8,0
[0 3 1],18,2,20,0
[0 3 3],12,1,13,0
[0 3 4],10,0,10,0
[0 3 6],4,3,7,0
[0 3 8],7,1,8,0
[0 3 9],11,1,12,0
[0 3 10],3,5,8,0
[0 3 13],4,0,4,0
[0 3 17],1,0,1,0
[0 4 0],17,3,20,0
[0 4 1],33,8,41,0
[0 4 3],12,0,12,0
[0 4 4],21,2,23,0
[0 4 6],16,4,20,0
[0 4 8],7,0,7,0
[0 4 9],18,4,22,0
[0 4 10],4,0,4,0
[0 4 11],3,1,4,0
[0 4 13],3,1,4,0
[0 5 0],8,2,10,0
[0 5 1],53,16,69,0
[0 5 2],1,0,1,0
[0 5 3],30,15,45,0
[0 5 4],13,1,14,0
[0 5 5],1,0,1,0
[0 5 6],13,4,17,0
[0 5 8],12,3,15,0
[0 5 10],5,2,7,0
[0 5 11],1,0,1,0
[0 5 13],3,0,3,0
[0 6 1],1,0,1,0
[0 6 4],3,0,3,0
[0 6 5],2,1,3,0
[0 6 6],7,1,8,0
[0 6 9],59,12,71,0
[0 6 10],1,0,1,0
[0 6 13],2,0,2,0
[0 7 0],49,13,62,0
[0 7 1],7,6,13,0
[0 7 2],5,1,6,0
[0 7 3],7,0,7,0
[0 7 4],6,0,6,0
[0 7 6],5,1,6,0
[0 7 8],3,2,5,0
[0 7 9],27,7,34,0
[0 7 14],2,2,4,0
[0 8 0],6,0,6,0
[0 8 1],15,9,24,0
[0 8 2],1,0,1,0
[0 8 3],9,4,13,0
[0 8 4],11,4,15,0
[0 8 6],13,1,14,0
[0 8 8],8,1,9,0
[0 8 9],8,7,15,0
[0 8 10],4,0,4,0
[0 8 11],2,0,2,0
[0 8 13],5,0,5,0
[0 8 17],1,1,2,0
[0 9 0],6,0,6,0
[0 9 1],9,5,14,0
[0 9 3],1,1,2,0
[0 9 4],2,2,4,0
[0 9 5],1,0,1,0
[0 9 6],10,1,11,0
[0 9 8],5,0,5,0
[0 9 9],2,0,2,0
[0 9 10],5,1,6,0
[0 9 11],2,0,2,0
[0 9 13],1,0,1,0
[0 9 17],2,2,4,0
[0 9 20],1,0,1,0
[0 10 1],1,0,1,0
[0 10 3],10,3,13,0
[0 10 5],1,0,1,0
[0 10 6],6,2,8,0
[0 10 9],12,6,18,0
[0 10 10],1,2,3,0
[0 11 1],12,4,16,0
[0 11 3],3,0,3,0
[0 11 4],20,6,26,0
[0 11 5],5,0,5,0
[0 11 6],5,1,6,0
[0 11 7],3,0,3,0
[0 11 8],5,0,5,0
[0 11 13],1,0,1,0
[0 12 0],28,3,31,0
[0 12 1],2,0,2,0
[0 12 4],4,0,4,0
[0 12 6],1,1,2,0
[0 12 9],15,4,19,0
[0 12 11],1,0,1,0
[0 12 13],1,0,1,0
[0 12 14],1,0,1,0
[0 12 17],1,0,1,0
[0 13 5],4,3,7,0
[0 13 6],4,2,6,0
[0 13 7],2,0,2,0
[0 13 9],23,5,28,0
[0 13 12],4,0,4,0
[0 14 1],1,0,1,0
[0 14 2],1,0,1,0
[0 14 4],31,8,39,0
[0 14 5],1,0,1,0
[0 14 6],1,0,1,0
[0 14 7],1,0,1,0
[0 14 8],1,0,1,0
[0 14 9],1,0,1,0
[0 15 0],85,16,101,0
[0 15 1],10,0,10,0
[0 15 2],9,3,12,0
[0 15 3],2,0,2,0
[0 15 4],4,4,8,0
[0 15 6],4,1,5,0
[0 15 8],1,0,1,0
[0 15 9],4,1,5,0
[0 16 1],2,0,2,0
[0 16 6],6,1,7,0
[0 16 9],44,7,51,0
[0 17 0],58,12,70,0
[0 17 1],5,1,6,0
[0 17 2],3,0,3,0
[0 17 4],1,0,1,0
[0 17 6],1,1,2,0
[0 17 8],1,0,1,0
[0 17 9],3,0,3,0
[0 18 0],64,16,80,0
[0 18 1],11,3,14,0
[0 18 2],2,0,2,0
[0 18 3],11,4,15,0
[0 18 4],5,0,5,0
[0 18 6],3,3,6,0
[0 18 8],4,0,4,0
[0 18 10],1,0,1,0
[0 18 11],1,0,1,0
[0 18 14],3,0,3,0
[0 19 8],1,0,1,0
[0 19 9],30,7,37,0
[0 20 0],1,1,2,0
[0 20 1],10,5,15,0
[0 20 3],3,1,4,0
[0 20 4],9,0,9,0
[0 20 5],2,0,2,0
[0 20 6],8,1,9,0
[0 20 7],1,0,1,0
[0 20 8],1,0,1,0
[0 20 10],2,1,3,0
[0 20 11],4,0,4,0
[0 20 12],1,0,1,0
[0 20 13],2,0,2,0
[0 21 2],2,0,2,0
[0 21 3],4,2,6,0
[0 21 6],3,0,3,0
[0 21 8],2,1,3,0
[0 21 13],1,1,2,0
[0 22 1],3,0,3,0
[0 22 3],1,1,2,0
[0 22 4],4,4,8,0
[0 22 5],100,9,109,0
[0 22 6],6,0,6,0
[0 22 7],5,2,7,0
[0 22 10],1,1,2,0
[0 22 12],11,2,13,0
[0 23 0],2,0,2,0
[0 23 1],3,1,4,0
[0 23 2],2,0,2,0
[0 23 3],7,2,9,0
[0 23 4],6,0,6,0
[0 23 6],3,0,3,0
[0 23 8],2,0,2,0
[0 24 0],54,26,80,0
[0 24 1],14,0,14,0
[0 24 3],3,0,3,0
[0 24 4],4,2,6,0
[0 24 6],3,0,3,0
[0 24 8],3,1,4,0
[0 24 11],1,0,1,0
[0 24 18],1,0,1,0
[0 25 3],5,0,5,0
[0 25 4],2,2,4,0
[0 25 5],2,1,3,0
[0 25 6],1,3,4,0
[0 25 7],1,3,4,0
[0 26 0],1,0,1,0
[0 26 1],11,0,11,0
[0 26 3],4,2,6,0
[0 26 4],3,0,3,0
[0 26 6],14,1,15,0
[0 26 8],1,0,1,0
[0 27 6],1,0,1,0
[0 27 9],10,0,10,0
[0 28 0],7,4,11,0
[0 28 1],5,1,6,0
[0 28 3],8,1,9,0
[0 28 4],5,1,6,0
[0 28 6],3,1,4,0
[0 28 7],1,0,1,0
[0 28 11],3,0,3,0
[0 28 13],2,0,2,0
[0 29 0],2,8,10,0
[0 29 1],2,0,2,0
[0 29 3],1,0,1,0
[0 29 4],2,0,2,0
[0 29 10],1,0,1,0
[0 30 4],2,0,2,0
[0 30 6],1,1,2,0
[0 30 9],1,0,1,0
[0 30 13],1,0,1,0
[0 30 18],1,0,1,0
[0 31 0],1,0,1,0
[0 31 1],1,1,2,0
[0 31 3],11,2,13,0
[0 31 4],4,2,6,0
[0 31 8],1,0,1,0
[0 31 10],1,0,1,0
[0 32 0],63,28,91,0
[0 32 1],3,2,5,0
[0 32 2],2,0,2,0
[0 32 3],2,0,2,0
[0 32 4],1,0,1,0
[0 32 6],5,1,6,0
[0 32 8],4,0,4,0
[0 32 13],1,0,1,0
[0 32 14],2,1,3,0
[0 33 6],1,0,1,0
[0 33 9],11,1,12,0
[0 34 4],2,0,2,0
[0 34 6],1,0,1,0
[0 35 1],9,2,11,0
[0 35 3],3,1,4,0
[0 35 6],4,3,7,0
[0 35 8],1,0,1,0
[0 35 10],1,0,1,0
[0 35 11],1,0,1,0
[0 36 1],1,0,1,0
[0 36 3],2,2,4,0
[0 36 4],1,0,1,0
[0 36 5],4,0,4,0
[0 36 6],2,0,2,0
[0 36 7],1,0,1,0
[0 36 9],4,1,5,0
[0 37 1],1,1,2,0
[0 37 3],1,0,1,0
[0 37 4],1,1,2,0
[0 37 6],2,1,3,0
[0 37 8],2,0,2,0
[0 38 1],4,0,4,0
[0 38 3],1,0,1,0
[0 38 4],1,0,1,0
[0 38 10],1,0,1,0
[0 38 11],1,0,1,0
[0 39 4],1,0,1,0
[0 39 9],4,0,4,0
[0 40 0],21,3,24,0
[0 40 1],3,0,3,0
[0 40 3],1,0,1,0
[0 40 5],2,0,2,0
[0 40 6],2,0,2,0
[0 40 7],1,0,1,0
[0 40 8],1,0,1,0
[0 40 9],10,2,12,0
[0 41 0],1,0,1,0
[0 41 1],7,1,8,0
[0 41 3],9,1,10,0
[0 41 4],3,1,4,0
[0 41 6],6,2,8,0
[0 41 8],2,0,2,0
[0 41 10],1,0,1,0
[0 41 11],1,1,2,0
[0 41 13],4,1,5,0
[0 42 0],1,2,3,0
[0 42 2],1,0,1,0
[0 42 4],10,6,16,0
[0 42 12],1,0,1,0
[0 42 14],2,0,2,0
[0 43 0],30,14,44,0
[0 43 1],20,3,23,0
[0 43 2],2,2,4,0
[0 43 3],2,0,2,0
[0 43 4],3,0,3,0
[0 43 6],7,0,7,0
[0 43 7],1,0,1,0
[0 43 8],2,1,3,0
[0 43 10],1,0,1,0
[0 43 14],3,0,3,0
[0 43 18],1,0,1,0
[0 44 1],8,0,8,0
[0 44 3],2,0,2,0
[0 44 4],2,0,2,0
[0 44 5],1,0,1,0
[0 44 6],3,0,3,0
[0 44 7],1,0,1,0
[0 44 8],1,1,2,0
[0 44 11],1,0,1,0
[0 45 5],2,1,3,0
[0 46 0],86,18,104,0
[0 46 1],3,0,3,0
[0 46 2],16,3,19,0
[0 46 4],1,0,1,0
[0 46 6],4,0,4,0
[0 46 8],1,0,1,0
[0 46 11],1,0,1,0
[0 46 14],15,1,16,0
[0 47 3],1,0,1,0
[0 47 4],1,1,2,0
[0 47 5],2,0,2,0
[0 47 7],1,1,2,0
[0 47 8],1,0,1,0
[0 47 12],2,0,2,0
[0 48 3],1,0,1,0
[0 48 6],1,0,1,0
[0 49 0],16,3,19,0
[0 49 1],2,0,2,0
[0 49 6],1,1,2,0
[0 49 10],2,0,2,0
[0 49 11],1,0,1,0
[0 50 1],1,0,1,0
[0 50 6],1,0,1,0
[0 50 8],1,0,1,0
[0 51 0],31,22,53,0
[0 51 1],2,2,4,0
[0 51 2],1,2,3,0
[0 51 3],1,0,1,0
[0 51 4],6,5,11,0
[0 51 6],1,2,3,0
[0 51 10],2,0,2,0
[0 51 16],1,0,1,0
[0 52 3],1,0,1,0
[0 52 8],2,0,2,0
[0 53 4],2,1,3,0
[0 54 0],1,0,1,0
[0 54 3],1,0,1,0
[0 54 4],1,0,1,0
[0 54 6],1,0,1,0
[0 54 8],1,0,1,0
[0 55 0],1,0,1,0
[0 55 1],2,1,3,0
[0 55 3],1,0,1,0
[0 55 4],1,1,2,0
[0 55 6],1,0,1,0
[0 55 10],1,0,1,0
[0 55 11],1,0,1,0
[0 55 13],1,0,1,0
[0 56 0],1,0,1,0
[0 56 1],4,0,4,0
[0 56 3],1,0,1,0
[0 56 4],8,4,12,0
[0 56 6],5,0,5,0
[0 56 8],1,0,1,0
[0 56 9],3,0,3,0
[0 56 11],1,0,1,0
[0 56 13],2,0,2,0
[0 57 0],1,0,1,0
[0 57 7],1,0,1,0
[0 57 13],1,0,1,0
[0 58 9],8,7,15,0
[0 59 1],12,0,12,0
[0 59 3],2,1,3,0
[0 59 4],3,1,4,0
[0 59 6],3,1,4,0
[0 59 11],1,0,1,0
[0 59 13],1,0,1,0
[0 60 6],1,0,1,0
[0 60 9],8,0,8,0
[0 61 2],1,0,1,0
[0 61 3],2,0,2,0
[0 61 6],2,0,2,0
[0 61 7],2,0,2,0
[0 61 8],1,0,1,0
[0 61 12],1,0,1,0
[0 61 13],1,0,1,0
[0 62 6],1,0,1,0
[0 62 9],2,0,2,0
[0 63 3],1,1,2,0
[0 63 4],1,0,1,0
[0 63 9],1,0,1,0
[0 64 0],2,1,3,0
[0 64 1],3,0,3,0
[0 64 3],3,0,3,0
[0 64 4],1,2,3,0
[0 64 8],1,0,1,0
[0 64 10],1,0,1,0
[0 65 0],8,3,11,0
[0 65 1],1,0,1,0
[0 65 6],2,0,2,0
[0 65 11],2,0,2,0
[0 66 1],1,0,1,0
[0 66 3],2,0,2,0
[0 66 4],3,0,3,0
[0 66 6],5,0,5,0
[0 66 8],1,0,1,0
[0 66 10],1,0,1,0
[0 66 11],1,0,1,0
[0 67 1],4,1,5,0
[0 67 3],2,0,2,0
[0 68 0],8,3,11,0
[0 68 1],7,0,7,0
[0 68 2],1,0,1,0
[0 68 3],2,0,2,0
[0 68 4],4,0,4,0
[0 68 6],3,0,3,0
[0 68 8],3,0,3,0
[0 68 14],1,0,1,0
[0 68 17],1,0,1,0
[0 69 1],2,1,3,0
[0 69 3],1,0,1,0
[0 69 5],5,2,7,0
[0 69 7],5,0,5,0
[0 69 11],1,0,1,0
[0 70 0],41,4,45,0
[0 70 2],3,0,3,0
[0 70 9],1,0,1,0
[0 71 3],3,0,3,0
[0 72 3],2,0,2,0
[0 72 4],1,0,1,0
[0 72 10],1,0,1,0
[0 73 1],1,0,1,0
[0 74 1],1,0,1,0
[0 74 3],1,0,1,0
[0 74 4],1,0,1,0
[0 74 6],1,0,1,0
[0 75 1],1,2,3,0
[0 75 4],1,0,1,0
[0 75 9],1,1,2,0
[0 75 13],1,0,1,0
[0 76 0],3,0,3,0
[0 76 1],3,3,6,0
[0 76 3],5,1,6,0
[0 76 6],7,0,7,0
[0 76 8],1,1,2,0
[0 76 9],1,0,1,0
[0 76 11],1,0,1,0
[0 77 0],43,16,59,0
[0 77 1],2,1,3,0
[0 77 2],4,0,4,0
[0 77 14],1,0,1,0
[0 78 3],2,0,2,0
[0 78 4],1,0,1,0
[0 79 0],14,6,20,0
[0 79 1],6,0,6,0
[0 79 2],3,0,3,0
[0 79 3],1,0,1,0
[0 79 5],1,0,1,0
[0 79 6],4,0,4,0
[0 79 8],1,0,1,0
[0 79 11],2,0,2,0
[0 79 14],4,0,4,0
[0 80 0],1,1,2,0
[0 80 7],1,0,1,0
[0 80 11],1,0,1,0
[0 81 3],1,0,1,0
[0 81 4],1,0,1,0
[0 81 6],1,0,1,0
[0 82 1],3,0,3,0
[0 82 6],3,1,4,0
[0 82 8],1,0,1,0
[0 83 4],1,0,1,0
[0 83 6],1,1,2,0
[0 83 11],1,0,1,0
[0 84 1],1,0,1,0
[0 84 6],1,1,2,0
[0 85 1],1,0,1,0
[0 85 3],2,0,2,0
[0 85 4],2,0,2,0
[0 85 5],1,0,1,0
[0 85 6],1,0,1,0
[0 85 7],2,0,2,0
[0 85 11],1,0,1,0
[0 86 1],2,0,2,0
[0 86 3],1,0,1,0
[0 86 8],1,0,1,0
[0 86 10],1,0,1,0
[0 86 11],1,0,1,0
[0 86 13],1,0,1,0
[0 87 3],1,0,1,0
[0 87 6],1,0,1,0
[0 88 6],1,0,1,0
[0 88 9],1,0,1,0
[0 89 1],8,1,9,0
[0 89 3],1,2,3,0
[0 89 6],2,0,2,0
[0 89 8],1,0,1,0
[0 90 8],1,0,1,0
[0 91 0],1,0,1,0
[0 91 1],1,0,1,0
[0 91 3],2,0,2,0
[0 91 6],3,0,3,0
[0 91 8],2,0,2,0
[0 91 10],3,0,3,0
[0 92 0],26,5,31,0
[0 92 1],5,0,5,0
[0 92 3],1,0,1,0
[0 92 6],2,0,2,0
[0 92 10],1,0,1,0
[0 92 14],3,0,3,0
[0 93 6],2,0,2,0
[0 93 13],1,0,1,0
[0 94 0],1,0,1,0
[0 97 0],259,69,328,0
[0 97 1],10,1,11,0
[0 97 2],34,6,40,0
[0 97 4],2,0,2,0
[0 97 6],7,3,10,0
[0 97 8],4,1,5,0
[0 97 9],15,5,20,0
[0 97 10],4,0,4,0
[0 97 11],2,1,3,0
[0 97 13],1,0,1,0
[0 97 15],9,3,12,0
[0 98 0],12,3,15,0
[0 98 2],9,4,13,0
[0 98 6],1,0,1,0
[0 98 14],3,1,4,0
[0 99 0],2,0,2,0
[0 99 1],4,1,5,0
[0 99 3],4,0,4,0
[0 99 4],1,0,1,0
[0 99 6],1,0,1,0
[0 99 8],1,0,1,0
[0 99 9],1,0,1,0
[0 99 11],1,0,1,0
[0 99 13],2,0,2,0
[1 0 2],227,52,279,0
[1 0 3],9,0,9,0
[1 1 3],2,0,2,0
[1 1 9],93,19,112,0
[1 1 19],1,0,1,0
[1 2 2],193,36,229,0
[1 2 3],29,11,40,0
[1 2 10],2,0,2,0
[1 2 14],2,0,2,0
[1 3 2],34,4,38,0
[1 3 3],2,0,2,0
[1 4 2],63,15,78,0
[1 4 3],1,1,2,0
[1 4 5],1,0,1,0
[1 4 10],1,0,1,0
[1 5 2],2,1,3,0
[1 6 2],9,1,10,0
[1 7 2],4,1,5,0
[1 8 2],66,17,83,0
[1 9 2],55,6,61,0
[1 9 3],4,1,5,0
[1 9 14],1,0,1,0
[1 10 2],1,0,1,0
[1 11 2],79,21,100,0
[1 11 3],9,3,12,0
[1 12 2],43,8,51,0
[1 12 14],1,0,1,0
[1 13 2],5,0,5,0
[1 14 2],68,14,82,0
[1 14 3],13,3,16,0
[1 14 10],1,0,1,0
[1 14 11],1,0,1,0
[1 15 2],20,8,28,0
[1 16 2],6,0,6,0
[1 17 2],32,9,41,0
[1 18 2],6,2,8,0
[1 19 2],2,2,4,0
[1 21 2],7,2,9,0
[1 22 2],14,3,17,0
[1 23 2],1,0,1,0
[1 24 2],10,2,12,0
[1 25 2],7,4,11,0
[1 25 3],3,0,3,0
[1 25 11],1,0,1,0
[1 25 14],1,0,1,0
[1 26 2],5,0,5,0
[1 32 2],6,0,6,0
[1 34 2],23,8,31,0
[1 34 3],10,1,11,0
[1 35 2],1,0,1,0
[1 36 2],1,1,2,0
[1 38 2],4,3,7,0
[1 39 2],3,0,3,0
[1 42 2],61,12,73,0
[1 42 3],3,1,4,0
[1 42 7],1,0,1,0
[1 43 2],9,1,10,0
[1 44 2],19,1,20,0
[1 44 3],3,0,3,0
[1 45 2],19,8,27,0
[1 45 10],1,0,1,0
[1 46 2],1,0,1,0
[1 47 2],10,2,12,0
[1 48 2],9,2,11,0
[1 49 2],2,0,2,0
[1 50 2],12,5,17,0
[1 50 3],2,1,3,0
[1 55 2],1,1,2,0
[1 56 2],16,4,20,0
[1 57 2],1,0,1,0
[1 59 2],19,4,23,0
[1 60 2],1,0,1,0
[1 62 2],2,2,4,0
[1 62 3],1,0,1,0
[1 67 2],1,0,1,0
[1 69 2],10,2,12,0
[1 69 3],3,0,3,0
[1 69 6],1,1,2,0
[1 69 14],1,0,1,0
[1 70 2],11,2,13,0
[1 70 7],1,0,1,0
[1 72 2],1,0,1,0
[1 73 2],1,0,1,0
[1 76 2],2,0,2,0
[1 77 2],2,1,3,0
[1 79 2],3,1,4,0
[1 82 2],1,0,1,0
[1 83 2],8,1,9,0
[1 85 2],2,0,2,0
[1 87 2],1,2,3,0
[1 91 2],3,0,3,0
[1 91 3],1,0,1,0
[1 92 2],2,0,2,0
[1 94 2],3,0,3,0
[1 95 2],1,0,1,0
[1 97 2],74,23,97,0
[1 98 2],5,1,6,0
[2 0 1],2,1,3,0
[2 0 3],65,14,79,0
[2 0 4],2,2,4,0
[2 0 6],2,0,2,0
[2 0 8],4,0,4,0
[2 0 11],1,0,1,0
[2 0 13],2,0,2,0
[2 1 1],3,0,3,0
[2 1 4],15,2,17,0
[2 1 5],96,23,119,0
[2 1 7],35,10,45,0
[2 1 10],1,0,1,0
[2 1 12],14,6,20,0
[2 1 16],7,1,8,0
[2 2 1],53,8,61,0
[2 2 2],2,0,2,0
[2 2 3],17,4,21,0
[2 2 4],11,2,13,0
[2 2 6],4,4,8,0
[2 2 7],1,0,1,0
[2 2 8],5,2,7,0
[2 2 10],5,0,5,0
[2 2 11],15,4,19,0
[2 2 13],13,1,14,0
[2 3 1],3,0,3,0
[2 3 3],11,4,15,0
[2 3 4],1,0,1,0
[2 3 6],1,0,1,0
[2 3 11],1,0,1,0
[2 3 13],1,1,2,0
[2 4 1],9,1,10,0
[2 4 3],35,8,43,0
[2 4 6],1,1,2,0
[2 4 8],3,1,4,0
[2 4 10],1,1,2,0
[2 4 15],1,0,1,0
[2 8 1],5,1,6,0
[2 8 2],1,0,1,0
[2 8 3],19,7,26,0
[2 8 4],1,0,1,0
[2 8 6],3,3,6,0
[2 8 8],2,0,2,0
[2 8 10],1,0,1,0
[2 9 1],5,1,6,0
[2 9 2],1,2,3,0
[2 9 3],19,7,26,0
[2 9 4],1,0,1,0
[2 9 6],3,0,3,0
[2 9 8],2,2,4,0
[2 9 10],2,0,2,0
[2 9 13],1,0,1,0
[2 11 1],7,2,9,0
[2 11 3],35,14,49,0
[2 11 4],2,0,2,0
[2 11 6],3,0,3,0
[2 11 8],3,1,4,0
[2 11 10],3,0,3,0
[2 11 11],2,0,2,0
[2 11 13],2,1,3,0
[2 12 1],4,1,5,0
[2 12 2],2,0,2,0
[2 12 3],16,1,17,0
[2 12 6],3,0,3,0
[2 12 8],1,0,1,0
[2 12 15],1,0,1,0
[2 12 18],1,0,1,0
[2 14 1],5,3,8,0
[2 14 3],32,4,36,0
[2 14 4],4,1,5,0
[2 14 6],4,0,4,0
[2 14 11],1,0,1,0
[2 15 0],6,0,6,0
[2 15 1],2,1,3,0
[2 15 2],2,0,2,0
[2 15 3],4,1,5,0
[2 15 4],1,0,1,0
[2 15 10],1,0,1,0
[2 17 1],9,1,10,0
[2 17 2],3,0,3,0
[2 17 3],3,1,4,0
[2 17 8],2,0,2,0
[2 17 10],1,2,3,0
[2 18 1],1,0,1,0
[2 18 3],1,1,2,0
[2 18 6],1,0,1,0
[2 22 3],5,0,5,0
[2 22 6],1,0,1,0
[2 24 3],3,1,4,0
[2 24 6],1,0,1,0
[2 25 3],6,0,6,0
[2 25 7],2,0,2,0
[2 32 3],2,0,2,0
[2 34 1],6,0,6,0
[2 34 3],4,1,5,0
[2 34 5],1,0,1,0
[2 34 6],1,1,2,0
[2 34 7],3,1,4,0
[2 34 10],2,0,2,0
[2 34 11],2,0,2,0
[2 38 1],1,0,1,0
[2 38 3],1,0,1,0
[2 41 3],1,0,1,0
[2 42 0],9,0,9,0
[2 42 4],7,2,9,0
[2 42 6],1,0,1,0
[2 42 7],1,0,1,0
[2 42 9],1,0,1,0
[2 42 10],1,1,2,0
[2 44 3],4,0,4,0
[2 44 4],1,0,1,0
[2 44 6],1,0,1,0
[2 44 7],1,0,1,0
[2 45 1],1,0,1,0
[2 45 2],1,0,1,0
[2 45 3],1,0,1,0
[2 45 5],2,1,3,0
[2 45 7],3,0,3,0
[2 47 3],4,1,5,0
[2 47 6],1,0,1,0
[2 48 3],6,3,9,0
[2 50 3],3,5,8,0
[2 50 5],1,0,1,0
[2 50 11],1,0,1,0
[2 54 0],1,1,2,0
[2 56 3],5,0,5,0
[2 59 1],1,0,1,0
[2 59 3],2,0,2,0
[2 59 10],1,0,1,0
[2 68 1],1,0,1,0
[2 68 3],1,0,1,0
[2 69 7],1,0,1,0
[2 70 1],1,0,1,0
[2 75 3],1,0,1,0
[2 76 10],1,0,1,0
[2 82 6],1,0,1,0
[2 83 3],1,0,1,0
[2 84 3],1,0,1,0
[2 94 3],2,0,2,0
[2 97 0],8,0,8,0
[2 97 1],21,5,26,0
[2 97 2],2,3,5,0
[2 97 3],8,2,10,0
[2 97 4],1,0,1,0
[2 97 6],6,3,9,0
[2 97 8],7,2,9,0
[2 97 10],7,1,8,0
[2 97 11],2,0,2,0
[2 97 13],1,0,1,0
[2 97 14],1,0,1,0
[2 97 15],2,0,2,0
[3 0 1],5,1,6,0
[3 0 3],11,0,11,0
[3 0 4],2,0,2,0
[3 0 6],6,1,7,0
[3 0 8],1,1,2,0
[3 0 11],2,0,2,0
[3 0 13],1,0,1,0
[3 1 4],2,0,2,0
[3 1 5],10,2,12,0
[3 1 7],6,0,6,0
[3 1 12],5,0,5,0
[3 2 1],4,4,8,0
[3 2 4],24,6,30,0
[3 2 6],1,1,2,0
[3 2 8],1,0,1,0
[3 2 10],2,0,2,0
[3 3 1],15,0,15,0
[3 3 3],7,7,14,0
[3 3 4],2,1,3,0
[3 3 6],1,0,1,0
[3 3 8],1,0,1,0
[3 3 10],2,0,2,0
[3 3 11],2,0,2,0
[3 3 13],1,0,1,0
[3 4 1],6,0,6,0
[3 4 3],4,1,5,0
[3 4 4],4,1,5,0
[3 4 6],2,0,2,0
[3 4 8],3,0,3,0
[3 4 11],1,0,1,0
[3 4 13],2,0,2,0
[3 8 1],9,3,12,0
[3 8 3],6,2,8,0
[3 8 4],5,1,6,0
[3 8 6],6,3,9,0
[3 8 8],1,0,1,0
[3 8 10],1,0,1,0
[3 8 11],1,0,1,0
[3 8 13],3,1,4,0
[3 11 1],3,1,4,0
[3 11 3],3,0,3,0
[3 11 4],3,0,3,0
[3 11 5],2,0,2,0
[3 11 6],1,0,1,0
[3 11 8],1,0,1,0
[3 11 10],1,0,1,0
[3 14 3],2,1,3,0
[3 14 4],2,1,3,0
[3 14 10],1,0,1,0
[3 15 0],4,0,4,0
[3 15 1],3,1,4,0
[3 15 2],2,0,2,0
[3 15 3],1,0,1,0
[3 15 6],1,0,1,0
[3 15 8],2,0,2,0
[3 15 9],1,0,1,0
[3 17 0],20,5,25,0
[3 17 2],3,0,3,0
[3 17 6],1,0,1,0
[3 17 8],1,0,1,0
[3 17 9],1,0,1,0
[3 18 1],2,0,2,0
[3 18 3],1,0,1,0
[3 18 18],1,0,1,0
[3 21 2],1,0,1,0
[3 21 6],1,0,1,0
[3 22 3],1,1,2,0
[3 24 3],1,0,1,0
[3 24 4],1,0,1,0
[3 24 6],1,0,1,0
[3 26 3],1,0,1,0
[3 34 3],1,0,1,0
[3 34 11],1,0,1,0
[3 42 0],1,0,1,0
[3 42 4],1,0,1,0
[3 42 8],2,0,2,0
[3 44 1],1,0,1,0
[3 44 3],2,0,2,0
[3 44 4],3,0,3,0
[3 44 5],1,0,1,0
[3 44 6],2,0,2,0
[3 44 7],1,0,1,0
[3 44 8],1,0,1,0
[3 44 11],1,0,1,0
[3 45 5],1,0,1,0
[3 48 1],1,0,1,0
[3 48 4],1,0,1,0
[3 50 1],2,0,2,0
[3 50 4],1,0,1,0
[3 50 5],1,1,2,0
[3 50 6],3,0,3,0
[3 50 7],2,0,2,0
[3 50 12],1,0,1,0
[3 55 19],1,0,1,0
[3 56 1],1,0,1,0
[3 56 3],3,0,3,0
[3 56 4],1,0,1,0
[3 68 3],1,0,1,0
[3 69 7],1,0,1,0
[3 82 1],1,0,1,0
[3 83 3],1,0,1,0
[3 83 8],1,0,1,0
[3 89 3],1,0,1,0
[3 91 1],1,0,1,0
[3 91 3],1,0,1,0
[3 94 13],1,0,1,0
[3 97 0],60,12,72,0
[3 97 1],3,1,4,0
[3 97 2],8,1,9,0
[3 97 8],2,0,2,0
[3 97 9],1,1,2,0
[3 97 10],1,0,1,0
[3 98 0],1,0,1,0
[4 0 1],7,2,9,0
[4 0 3],16,2,18,0
[4 0 4],7,0,7,0
[4 0 5],1,0,1,0
[4 0 6],13,1,14,0
[4 0 8],4,0,4,0
[4 0 10],2,0,2,0
[4 0 11],2,0,2,0
[4 0 13],1,0,1,0
[4 1 4],1,0,1,0
[4 1 5],17,5,22,0
[4 1 7],16,1,17,0
[4 1 12],3,0,3,0
[4 2 1],16,1,17,0
[4 2 4],27,8,35,0
[4 2 6],3,1,4,0
[4 2 8],6,0,6,0
[4 2 10],1,0,1,0
[4 2 11],1,1,2,0
[4 2 15],1,0,1,0
[4 3 1],6,0,6,0
[4 3 3],5,1,6,0
[4 3 4],1,0,1,0
[4 3 6],4,0,4,0
[4 3 10],1,0,1,0
[4 3 11],2,0,2,0
[4 3 13],1,0,1,0
[4 4 1],13,13,26,0
[4 4 3],23,6,29,0
[4 4 4],10,3,13,0
[4 4 6],8,1,9,0
[4 4 8],3,2,5,0
[4 4 10],2,0,2,0
[4 4 11],1,1,2,0
[4 4 13],2,1,3,0
[4 6 6],1,0,1,0
[4 8 1],9,3,12,0
[4 8 3],16,6,22,0
[4 8 4],13,6,19,0
[4 8 6],5,5,10,0
[4 8 8],1,5,6,0
[4 8 10],1,0,1,0
[4 8 11],3,1,4,0
[4 8 13],2,1,3,0
[4 8 18],2,0,2,0
[4 11 1],2,0,2,0
[4 11 3],2,1,3,0
[4 11 4],1,1,2,0
[4 11 5],1,2,3,0
[4 11 6],1,0,1,0
[4 11 11],1,1,2,0
[4 12 3],1,0,1,0
[4 14 1],2,1,3,0
[4 14 3],1,0,1,0
[4 14 4],5,3,8,0
[4 15 1],2,0,2,0
[4 15 6],1,0,1,0
[4 15 8],1,0,1,0
[4 17 0],64,18,82,0
[4 17 2],4,3,7,0
[4 17 9],1,1,2,0
[4 17 10],1,0,1,0
[4 17 14],1,0,1,0
[4 18 3],1,0,1,0
[4 18 13],1,0,1,0
[4 21 0],1,0,1,0
[4 21 2],1,2,3,0
[4 21 14],2,0,2,0
[4 24 1],1,1,2,0
[4 24 6],3,0,3,0
[4 32 3],1,0,1,0
[4 38 4],1,0,1,0
[4 43 3],2,0,2,0
[4 44 3],1,0,1,0
[4 45 7],1,0,1,0
[4 47 6],1,0,1,0
[4 47 7],2,0,2,0
[4 48 1],1,0,1,0
[4 48 6],2,0,2,0
[4 56 1],4,0,4,0
[4 56 2],1,0,1,0
[4 56 3],3,1,4,0
[4 56 4],1,0,1,0
[4 56 6],3,0,3,0
[4 59 3],1,0,1,0
[4 59 4],1,0,1,0
[4 59 6],1,0,1,0
[4 59 8],1,0,1,0
[4 67 5],1,0,1,0
[4 78 3],1,0,1,0
[4 82 3],1,0,1,0
[4 82 6],1,0,1,0
[4 83 3],1,1,2,0
[4 83 6],1,0,1,0
[4 83 11],1,0,1,0
[4 89 1],1,0,1,0
[4 97 0],113,27,140,0
[4 97 1],7,4,11,0
[4 97 2],11,1,12,0
[4 97 6],7,1,8,0
[4 97 8],1,0,1,0
[4 97 9],6,2,8,0
[4 97 10],4,0,4,0
[4 97 14],2,0,2,0
[4 97 15],1,0,1,0
[5 0 1],10,2,12,0
[5 0 3],14,2,16,0
[5 0 4],12,4,16,0
[5 0 5],1,2,3,0
[5 0 6],5,4,9,0
[5 0 8],3,1,4,0
[5 0 10],6,0,6,0
[5 0 11],1,0,1,0
[5 0 13],1,0,1,0
[5 3 0],1,0,1,0
[5 4 3],1,0,1,0
[5 5 1],1,0,1,0
[5 5 3],1,0,1,0
[5 5 4],1,0,1,0
[5 6 6],2,0,2,0
[5 7 1],8,6,14,0
[5 7 2],1,0,1,0
[5 7 6],3,2,5,0
[5 7 8],9,0,9,0
[5 7 10],1,0,1,0
[5 9 1],1,0,1,0
[5 9 8],1,0,1,0
[5 10 5],11,0,11,0
[5 10 7],3,0,3,0
[5 10 12],4,0,4,0
[5 11 4],1,0,1,0
[5 12 1],1,0,1,0
[5 12 4],1,0,1,0
[5 14 4],1,0,1,0
[5 15 0],1,0,1,0
[5 15 14],1,0,1,0
[5 20 1],1,0,1,0
[5 20 4],1,0,1,0
[5 20 5],3,1,4,0
[5 20 6],2,0,2,0
[5 20 7],3,1,4,0
[5 20 10],1,0,1,0
[5 20 12],1,2,3,0
[5 22 1],1,0,1,0
[5 22 5],5,1,6,0
[5 22 12],2,0,2,0
[5 23 0],1,0,1,0
[5 23 5],9,2,11,0
[5 23 6],1,0,1,0
[5 23 7],3,0,3,0
[5 23 12],3,1,4,0
[5 24 12],1,0,1,0
[5 25 12],1,0,1,0
[5 26 2],1,0,1,0
[5 26 5],2,0,2,0
[5 28 5],13,2,15,0
[5 28 6],2,0,2,0
[5 28 7],6,0,6,0
[5 28 12],9,2,11,0
[5 29 3],1,0,1,0
[5 29 15],1,0,1,0
[5 30 4],1,0,1,0
[5 32 2],1,0,1,0
[5 32 6],1,0,1,0
[5 35 5],9,0,9,0
[5 35 6],1,0,1,0
[5 35 7],3,1,4,0
[5 35 12],1,0,1,0
[5 37 1],2,0,2,0
[5 37 18],1,0,1,0
[5 38 7],1,0,1,0
[5 38 12],1,0,1,0
[5 40 1],3,1,4,0
[5 40 6],1,0,1,0
[5 40 8],1,0,1,0
[5 40 10],2,1,3,0
[5 41 2],1,0,1,0
[5 41 4],1,0,1,0
[5 44 10],1,0,1,0
[5 49 5],2,0,2,0
[5 49 7],1,0,1,0
[5 51 1],9,4,13,0
[5 51 4],12,5,17,0
[5 51 6],5,4,9,0
[5 51 10],1,0,1,0
[5 52 5],9,0,9,0
[5 52 7],2,1,3,0
[5 52 12],1,0,1,0
[5 53 1],1,0,1,0
[5 56 1],1,0,1,0
[5 59 7],1,0,1,0
[5 61 1],1,0,1,0
[5 61 12],1,0,1,0
[5 63 5],1,1,2,0
[5 63 6],1,0,1,0
[5 65 6],1,0,1,0
[5 65 10],1,0,1,0
[5 67 2],1,0,1,0
[5 67 4],1,0,1,0
[5 67 6],1,0,1,0
[5 67 7],1,0,1,0
[5 72 4],1,0,1,0
[5 72 5],2,0,2,0
[5 73 5],1,0,1,0
[5 74 5],3,0,3,0
[5 74 7],3,0,3,0
[5 74 12],2,0,2,0
[5 74 19],1,0,1,0
[5 75 4],1,1,2,0
[5 78 7],1,0,1,0
[5 80 5],1,0,1,0
[5 84 1],1,0,1,0
[5 97 0],5,0,5,0
[5 97 1],2,0,2,0
[5 97 2],1,0,1,0
[6 0 0],266,60,326,0
[6 0 3],3,0,3,0
[6 0 4],3,0,3,0
[6 0 6],5,0,5,0
[6 1 5],3,1,4,0
[6 1 7],2,0,2,0
[6 2 1],1,0,1,0
[6 5 0],1,0,1,0
[6 5 1],1,0,1,0
[6 5 2],1,0,1,0
[6 5 6],1,0,1,0
[6 6 1],1,0,1,0
[6 6 2],1,0,1,0
[6 6 3],3,0,3,0
[6 6 4],2,0,2,0
[6 6 5],2,0,2,0
[6 6 6],1,1,2,0
[6 6 7],1,0,1,0
[6 6 8],1,0,1,0
[6 6 10],2,0,2,0
[6 6 13],2,0,2,0
[6 7 0],2,1,3,0
[6 7 4],1,0,1,0
[6 9 6],1,0,1,0
[6 10 6],1,1,2,0
[6 10 7],1,0,1,0
[6 13 5],2,0,2,0
[6 13 7],2,1,3,0
[6 13 13],1,0,1,0
[6 16 2],31,5,36,0
[6 16 5],1,0,1,0
[6 16 6],1,0,1,0
[6 16 17],2,1,3,0
[6 19 5],6,0,6,0
[6 19 12],4,0,4,0
[6 22 4],1,0,1,0
[6 22 5],1,0,1,0
[6 22 6],1,0,1,0
[6 26 3],1,0,1,0
[6 31 0],1,0,1,0
[6 32 0],2,0,2,0
[6 32 2],1,0,1,0
[6 32 4],1,0,1,0
[6 33 2],7,0,7,0
[6 36 3],1,0,1,0
[6 36 7],1,1,2,0
[6 41 0],1,0,1,0
[6 44 1],1,0,1,0
[6 45 5],1,0,1,0
[6 58 2],18,5,23,0
[6 58 6],1,0,1,0
[6 60 2],11,0,11,0
[6 60 9],1,0,1,0
[6 61 1],1,0,1,0
[6 62 7],1,0,1,0
[6 67 2],1,0,1,0
[6 84 5],1,0,1,0
[6 86 0],1,1,2,0
[6 88 5],3,2,5,0
[6 97 2],2,0,2,0
[6 98 4],1,0,1,0
[7 0 1],4,5,9,0
[7 0 3],21,9,30,0
[7 0 4],6,2,8,0
[7 0 5],15,4,19,0
[7 0 6],3,0,3,0
[7 0 7],3,0,3,0
[7 0 8],2,0,2,0
[7 0 10],4,0,4,0
[7 0 11],1,0,1,0
[7 0 12],13,2,15,0
[7 1 5],2,0,2,0
[7 1 7],2,0,2,0
[7 2 4],2,0,2,0
[7 2 6],1,0,1,0
[7 5 1],40,9,49,0
[7 5 3],12,5,17,0
[7 5 4],8,3,11,0
[7 5 5],12,0,12,0
[7 5 6],10,2,12,0
[7 5 8],18,4,22,0
[7 5 10],4,1,5,0
[7 5 11],1,0,1,0
[7 7 1],4,6,10,0
[7 7 3],1,0,1,0
[7 7 4],1,0,1,0
[7 7 6],2,1,3,0
[7 7 8],3,1,4,0
[7 7 10],7,2,9,0
[7 8 4],1,1,2,0
[7 10 2],1,0,1,0
[7 10 6],1,0,1,0
[7 11 1],1,0,1,0
[7 11 4],1,0,1,0
[7 11 8],1,0,1,0
[7 12 0],2,0,2,0
[7 15 0],4,1,5,0
[7 15 9],1,0,1,0
[7 19 5],1,0,1,0
[7 20 1],1,1,2,0
[7 20 3],1,0,1,0
[7 20 4],1,2,3,0
[7 20 6],1,0,1,0
[7 22 1],2,1,3,0
[7 22 5],4,0,4,0
[7 22 10],1,0,1,0
[7 24 2],1,0,1,0
[7 24 6],1,0,1,0
[7 24 13],1,0,1,0
[7 25 4],1,0,1,0
[7 26 6],1,0,1,0
[7 28 1],1,0,1,0
[7 28 3],2,1,3,0
[7 28 11],2,0,2,0
[7 29 0],1,0,1,0
[7 29 1],4,1,5,0
[7 29 2],1,0,1,0
[7 29 3],2,1,3,0
[7 29 4],9,4,13,0
[7 29 5],3,2,5,0
[7 29 6],5,1,6,0
[7 29 10],3,0,3,0
[7 29 11],2,0,2,0
[7 29 13],1,0,1,0
[7 30 1],1,0,1,0
[7 30 4],1,0,1,0
[7 31 1],2,0,2,0
[7 31 3],1,0,1,0
[7 31 16],1,0,1,0
[7 32 1],1,0,1,0
[7 32 6],2,0,2,0
[7 32 10],2,0,2,0
[7 35 5],1,0,1,0
[7 35 12],1,0,1,0
[7 38 1],2,0,2,0
[7 38 3],1,0,1,0
[7 38 4],1,0,1,0
[7 38 5],2,0,2,0
[7 38 6],1,0,1,0
[7 38 13],1,0,1,0
[7 40 1],1,0,1,0
[7 40 3],1,0,1,0
[7 40 6],2,0,2,0
[7 40 8],2,0,2,0
[7 40 10],1,0,1,0
[7 40 12],1,0,1,0
[7 40 13],1,0,1,0
[7 41 3],1,0,1,0
[7 44 5],1,0,1,0
[7 44 12],2,0,2,0
[7 49 4],1,0,1,0
[7 51 1],3,0,3,0
[7 51 3],2,0,2,0
[7 51 6],2,1,3,0
[7 51 8],1,1,2,0
[7 51 10],2,1,3,0
[7 52 4],1,0,1,0
[7 54 1],1,0,1,0
[7 54 6],1,0,1,0
[7 54 8],1,0,1,0
[7 61 6],1,0,1,0
[7 61 11],1,0,1,0
[7 65 12],1,0,1,0
[7 70 0],3,0,3,0
[7 71 3],1,0,1,0
[7 71 6],1,0,1,0
[7 73 11],1,0,1,0
[7 74 1],1,1,2,0
[7 75 1],3,0,3,0
[7 75 11],1,0,1,0
[7 85 3],1,0,1,0
[7 86 19],1,0,1,0
[7 97 0],7,0,7,0
[7 97 2],2,0,2,0
[7 97 9],1,0,1,0
[7 99 2],1,0,1,0
[8 0 1],11,2,13,0
[8 0 3],25,13,38,0
[8 0 4],3,2,5,0
[8 0 6],7,0,7,0
[8 0 7],1,0,1,0
[8 0 8],2,1,3,0
[8 0 10],1,0,1,0
[8 0 11],4,1,5,0
[8 0 13],2,0,2,0
[8 1 5],13,7,20,0
[8 1 7],14,4,18,0
[8 1 12],7,1,8,0
[8 1 16],1,0,1,0
[8 2 1],11,4,15,0
[8 2 3],3,0,3,0
[8 2 4],32,9,41,0
[8 2 6],8,4,12,0
[8 2 7],1,0,1,0
[8 2 8],3,1,4,0
[8 2 10],1,0,1,0
[8 2 20],1,0,1,0
[8 3 1],7,4,11,0
[8 3 3],12,5,17,0
[8 3 4],3,2,5,0
[8 3 6],10,2,12,0
[8 3 8],5,1,6,0
[8 3 10],1,0,1,0
[8 3 11],1,0,1,0
[8 3 13],2,0,2,0
[8 4 1],15,7,22,0
[8 4 3],30,9,39,0
[8 4 4],13,4,17,0
[8 4 6],4,5,9,0
[8 4 8],7,3,10,0
[8 4 10],2,0,2,0
[8 4 11],5,1,6,0
[8 4 13],5,0,5,0
[8 4 18],2,0,2,0
[8 5 3],1,0,1,0
[8 7 3],1,0,1,0
[8 8 1],19,9,28,0
[8 8 3],43,10,53,0
[8 8 4],27,8,35,0
[8 8 6],11,1,12,0
[8 8 8],6,1,7,0
[8 8 10],3,0,3,0
[8 8 11],2,1,3,0
[8 8 13],2,1,3,0
[8 9 1],1,1,2,0
[8 9 3],2,0,2,0
[8 9 4],1,1,2,0
[8 9 6],2,0,2,0
[8 9 13],1,0,1,0
[8 11 1],6,0,6,0
[8 11 3],2,1,3,0
[8 11 4],4,0,4,0
[8 11 6],1,1,2,0
[8 11 8],3,1,4,0
[8 11 10],2,0,2,0
[8 11 11],2,1,3,0
[8 12 3],1,0,1,0
[8 12 6],3,0,3,0
[8 14 1],1,0,1,0
[8 14 4],1,0,1,0
[8 14 6],2,0,2,0
[8 15 0],3,2,5,0
[8 15 1],1,0,1,0
[8 15 3],3,0,3,0
[8 15 4],1,0,1,0
[8 15 10],2,0,2,0
[8 17 0],81,28,109,0
[8 17 2],5,3,8,0
[8 17 9],2,1,3,0
[8 18 1],7,0,7,0
[8 18 3],8,2,10,0
[8 18 4],1,0,1,0
[8 18 6],1,0,1,0
[8 18 8],1,0,1,0
[8 18 18],1,0,1,0
[8 20 5],1,0,1,0
[8 21 0],1,0,1,0
[8 22 13],1,0,1,0
[8 23 0],1,0,1,0
[8 24 1],6,1,7,0
[8 24 3],3,0,3,0
[8 24 6],1,0,1,0
[8 25 3],1,1,2,0
[8 25 7],1,0,1,0
[8 26 1],2,0,2,0
[8 32 3],1,1,2,0
[8 34 11],1,0,1,0
[8 41 3],1,1,2,0
[8 42 4],1,0,1,0
[8 43 1],1,1,2,0
[8 43 3],1,0,1,0
[8 43 11],1,0,1,0
[8 44 1],1,0,1,0
[8 44 3],1,0,1,0
[8 44 4],2,0,2,0
[8 44 6],1,0,1,0
[8 44 11],1,0,1,0
[8 44 12],1,0,1,0
[8 47 4],1,0,1,0
[8 47 5],1,1,2,0
[8 47 7],1,0,1,0
[8 48 1],2,0,2,0
[8 48 3],2,0,2,0
[8 48 10],1,0,1,0
[8 49 4],1,0,1,0
[8 50 3],1,0,1,0
[8 52 0],1,0,1,0
[8 56 1],2,0,2,0
[8 56 3],6,3,9,0
[8 56 4],6,2,8,0
[8 56 6],4,2,6,0
[8 56 8],1,0,1,0
[8 56 11],2,1,3,0
[8 59 3],1,2,3,0
[8 68 3],3,0,3,0
[8 68 8],1,0,1,0
[8 70 0],1,2,3,0
[8 74 10],1,0,1,0
[8 76 3],1,0,1,0
[8 76 13],1,0,1,0
[8 83 1],1,0,1,0
[8 85 3],1,0,1,0
[8 86 14],1,0,1,0
[8 91 1],2,1,3,0
[8 91 3],3,2,5,0
[8 97 0],153,38,191,0
[8 97 1],6,2,8,0
[8 97 2],16,2,18,0
[8 97 6],1,3,4,0
[8 97 8],5,1,6,0
[8 97 9],9,0,9,0
[8 97 10],3,0,3,0
[8 97 13],2,0,2,0
[8 97 14],1,0,1,0
[9 0 1],2,2,4,0
[9 0 3],1,0,1,0
[9 0 6],3,0,3,0
[9 0 10],3,0,3,0
[9 0 11],1,0,1,0
[9 0 13],1,1,2,0
[9 1 4],4,1,5,0
[9 1 5],13,7,20,0
[9 1 6],1,0,1,0
[9 1 7],13,3,16,0
[9 1 12],6,0,6,0
[9 1 16],1,0,1,0
[9 2 1],3,3,6,0
[9 2 4],8,1,9,0
[9 2 8],4,0,4,0
[9 2 10],1,0,1,0
[9 2 11],1,0,1,0
[9 4 3],2,0,2,0
[9 5 8],1,0,1,0
[9 6 6],1,0,1,0
[9 8 3],1,0,1,0
[9 8 11],1,0,1,0
[9 9 1],9,3,12,0
[9 9 3],2,2,4,0
[9 9 4],2,0,2,0
[9 9 6],3,0,3,0
[9 9 8],3,0,3,0
[9 9 12],1,0,1,0
[9 10 6],1,0,1,0
[9 11 3],1,0,1,0
[9 11 6],1,0,1,0
[9 11 11],1,0,1,0
[9 14 1],4,0,4,0
[9 14 3],1,0,1,0
[9 14 4],1,0,1,0
[9 14 7],1,1,2,0
[9 14 8],2,2,4,0
[9 14 11],1,0,1,0
[9 14 13],2,0,2,0
[9 15 2],1,1,2,0
[9 16 6],1,0,1,0
[9 17 0],1,0,1,0
[9 17 1],2,0,2,0
[9 24 6],1,0,1,0
[9 25 4],1,0,1,0
[9 25 6],1,0,1,0
[9 25 7],1,0,1,0
[9 25 10],1,0,1,0
[9 32 1],1,0,1,0
[9 32 3],1,0,1,0
[9 32 8],1,0,1,0
[9 32 11],1,0,1,0
[9 33 6],1,0,1,0
[9 34 6],1,0,1,0
[9 42 4],1,1,2,0
[9 47 5],1,0,1,0
[9 47 13],1,0,1,0
[9 54 0],1,0,1,0
[9 59 6],1,0,1,0
[9 97 0],3,0,3,0
[9 97 2],5,1,6,0
[9 97 6],1,0,1,0
[9 97 8],1,0,1,0
[10 0 0],94,34,128,0
[10 0 3],1,0,1,0
[10 0 4],5,2,7,0
[10 0 6],6,3,9,0
[10 0 7],1,0,1,0
[10 0 8],1,0,1,0
[10 0 11],1,0,1,0
[10 1 7],1,1,2,0
[10 5 0],76,26,102,0
[10 5 2],3,1,4,0
[10 5 3],1,0,1,0
[10 5 4],1,0,1,0
[10 5 14],2,1,3,0
[10 6 0],1,0,1,0
[10 6 2],4,1,5,0
[10 6 6],1,2,3,0
[10 7 4],1,0,1,0
[10 9 6],1,0,1,0
[10 10 1],2,3,5,0
[10 10 8],3,0,3,0
[10 10 10],4,1,5,0
[10 13 5],1,0,1,0
[10 13 6],1,1,2,0
[10 13 7],3,2,5,0
[10 16 2],1,0,1,0
[10 19 2],1,1,2,0
[10 20 6],1,0,1,0
[10 22 11],1,0,1,0
[10 23 0],1,0,1,0
[10 23 1],2,2,4,0
[10 23 3],4,2,6,0
[10 23 4],2,1,3,0
[10 23 6],2,0,2,0
[10 23 8],1,1,2,0
[10 23 10],3,0,3,0
[10 26 1],1,0,1,0
[10 28 1],3,0,3,0
[10 28 3],1,0,1,0
[10 28 6],1,0,1,0
[10 28 7],1,0,1,0
[10 28 11],1,0,1,0
[10 29 0],6,5,11,0
[10 30 0],2,0,2,0
[10 30 5],1,0,1,0
[10 30 9],1,0,1,0
[10 31 0],6,1,7,0
[10 31 2],1,0,1,0
[10 32 2],1,0,1,0
[10 35 1],4,0,4,0
[10 35 4],1,0,1,0
[10 35 6],2,2,4,0
[10 35 8],1,0,1,0
[10 35 13],1,1,2,0
[10 36 7],1,0,1,0
[10 37 1],1,0,1,0
[10 37 11],1,0,1,0
[10 40 6],1,0,1,0
[10 40 10],1,0,1,0
[10 49 1],1,0,1,0
[10 52 1],2,0,2,0
[10 53 1],1,0,1,0
[10 54 0],3,0,3,0
[10 54 2],1,0,1,0
[10 54 10],1,0,1,0
[10 57 9],6,0,6,0
[10 63 1],1,0,1,0
[10 63 10],1,0,1,0
[10 64 1],2,0,2,0
[10 64 8],1,0,1,0
[10 65 6],1,0,1,0
[10 66 1],1,0,1,0
[10 74 1],1,0,1,0
[10 76 2],1,0,1,0
[10 81 10],1,0,1,0
[10 84 1],1,0,1,0
[10 88 2],2,0,2,0
[10 90 8],1,0,1,0
[10 95 2],1,0,1,0
[10 96 0],19,3,22,0
[10 96 4],1,0,1,0
[10 97 2],1,0,1,0
[11 0 1],12,2,14,0
[11 0 2],8,0,8,0
[11 0 3],49,6,55,0
[11 0 4],4,0,4,0
[11 0 6],4,0,4,0
[11 0 8],8,0,8,0
[11 0 11],1,1,2,0
[11 0 13],2,0,2,0
[11 0 15],1,0,1,0
[11 1 4],9,1,10,0
[11 1 5],39,15,54,0
[11 1 7],14,2,16,0
[11 1 10],1,0,1,0
[11 1 11],1,0,1,0
[11 1 12],3,1,4,0
[11 1 16],2,0,2,0
[11 2 1],18,4,22,0
[11 2 2],1,0,1,0
[11 2 3],9,3,12,0
[11 2 4],42,10,52,0
[11 2 5],2,0,2,0
[11 2 6],6,1,7,0
[11 2 8],7,5,12,0
[11 2 10],4,0,4,0
[11 2 11],2,0,2,0
[11 3 1],3,0,3,0
[11 3 2],2,0,2,0
[11 3 3],8,3,11,0
[11 3 4],1,0,1,0
[11 3 8],1,0,1,0
[11 3 10],1,0,1,0
[11 4 1],3,0,3,0
[11 4 2],4,1,5,0
[11 4 3],12,6,18,0
[11 4 4],1,0,1,0
[11 4 10],1,0,1,0
[11 4 11],2,0,2,0
[11 4 13],1,1,2,0
[11 5 0],1,0,1,0
[11 5 2],1,0,1,0
[11 5 3],3,0,3,0
[11 6 0],1,0,1,0
[11 7 3],1,0,1,0
[11 7 8],1,0,1,0
[11 8 1],4,1,5,0
[11 8 2],7,0,7,0
[11 8 3],11,2,13,0
[11 8 4],3,2,5,0
[11 8 6],2,0,2,0
[11 8 8],1,1,2,0
[11 8 10],1,0,1,0
[11 9 1],2,1,3,0
[11 9 3],10,2,12,0
[11 9 4],1,0,1,0
[11 9 6],2,1,3,0
[11 9 8],3,1,4,0
[11 11 1],14,5,19,0
[11 11 3],4,0,4,0
[11 11 4],2,0,2,0
[11 11 8],4,1,5,0
[11 11 11],1,0,1,0
[11 12 2],1,0,1,0
[11 12 3],3,1,4,0
[11 12 4],1,0,1,0
[11 12 6],3,0,3,0
[11 12 8],1,0,1,0
[11 14 3],1,0,1,0
[11 15 0],14,6,20,0
[11 15 2],9,0,9,0
[11 15 4],1,0,1,0
[11 15 6],1,0,1,0
[11 15 9],3,0,3,0
[11 15 14],1,0,1,0
[11 17 1],5,0,5,0
[11 17 2],1,0,1,0
[11 17 3],1,0,1,0
[11 17 9],1,0,1,0
[11 17 10],1,1,2,0
[11 18 2],1,0,1,0
[11 18 3],3,0,3,0
[11 20 1],1,0,1,0
[11 20 6],2,0,2,0
[11 20 11],1,0,1,0
[11 21 3],1,0,1,0
[11 22 2],1,0,1,0
[11 22 3],4,1,5,0
[11 22 4],1,0,1,0
[11 24 3],1,1,2,0
[11 25 1],1,0,1,0
[11 25 3],1,1,2,0
[11 25 7],2,0,2,0
[11 32 1],2,1,3,0
[11 32 3],4,1,5,0
[11 32 4],1,0,1,0
[11 32 8],1,0,1,0
[11 32 13],3,0,3,0
[11 32 15],1,0,1,0
[11 34 1],3,2,5,0
[11 34 3],1,0,1,0
[11 34 4],1,1,2,0
[11 34 6],1,0,1,0
[11 34 7],1,0,1,0
[11 36 3],1,0,1,0
[11 40 4],1,0,1,0
[11 42 0],6,2,8,0
[11 42 1],1,1,2,0
[11 42 4],1,0,1,0
[11 42 13],1,0,1,0
[11 43 3],2,1,3,0
[11 45 4],1,1,2,0
[11 46 3],1,0,1,0
[11 47 3],3,0,3,0
[11 47 8],1,0,1,0
[11 48 2],1,1,2,0
[11 48 3],2,1,3,0
[11 49 1],1,0,1,0
[11 50 3],1,0,1,0
[11 50 4],1,0,1,0
[11 55 3],1,0,1,0
[11 55 6],1,0,1,0
[11 56 1],2,0,2,0
[11 56 2],2,0,2,0
[11 59 1],2,0,2,0
[11 59 3],1,1,2,0
[11 68 1],1,0,1,0
[11 68 2],1,0,1,0
[11 68 3],3,0,3,0
[11 69 3],1,0,1,0
[11 69 5],1,0,1,0
[11 70 9],1,0,1,0
[11 72 3],1,0,1,0
[11 76 6],1,0,1,0
[11 78 2],1,0,1,0
[11 78 9],4,2,6,0
[11 78 17],1,0,1,0
[11 82 3],1,1,2,0
[11 83 4],1,0,1,0
[11 86 1],1,0,1,0
[11 87 6],1,0,1,0
[11 91 3],1,1,2,0
[11 97 0],20,5,25,0
[11 97 1],3,3,6,0
[11 97 2],17,2,19,0
[11 97 4],2,0,2,0
[11 97 6],2,2,4,0
[11 97 8],5,1,6,0
[11 97 9],4,1,5,0
[11 97 10],1,2,3,0
[11 98 3],1,0,1,0
[12 0 3],8,1,9,0
[12 0 5],2,0,2,0
[12 0 6],1,0,1,0
[12 1 4],1,1,2,0
[12 1 5],14,1,15,0
[12 1 7],10,2,12,0
[12 1 12],4,2,6,0
[12 2 1],9,0,9,0
[12 2 3],2,0,2,0
[12 2 4],11,0,11,0
[12 2 6],4,0,4,0
[12 2 7],1,0,1,0
[12 2 8],1,0,1,0
[12 2 18],1,0,1,0
[12 3 0],1,0,1,0
[12 3 3],2,1,3,0
[12 8 3],1,0,1,0
[12 8 4],2,0,2,0
[12 9 11],1,0,1,0
[12 11 1],1,0,1,0
[12 11 3],2,0,2,0
[12 12 1],28,1,29,0
[12 12 3],11,3,14,0
[12 12 4],10,2,12,0
[12 12 6],4,0,4,0
[12 12 8],8,0,8,0
[12 12 11],4,0,4,0
[12 12 13],5,2,7,0
[12 12 15],1,0,1,0
[12 14 3],1,0,1,0
[12 14 4],2,0,2,0
[12 14 6],1,0,1,0
[12 15 0],1,0,1,0
[12 20 0],2,0,2,0
[12 21 1],1,0,1,0
[12 32 6],1,0,1,0
[12 42 0],3,0,3,0
[12 42 4],2,1,3,0
[12 42 6],1,0,1,0
[12 45 3],1,0,1,0
[12 45 13],1,0,1,0
[12 61 3],1,0,1,0
[12 70 0],10,0,10,0
[12 82 4],1,0,1,0
[12 97 2],1,0,1,0
[12 98 3],1,0,1,0
[13 0 0],142,24,166,0
[13 0 2],13,2,15,0
[13 0 3],2,0,2,0
[13 0 4],1,0,1,0
[13 0 6],4,2,6,0
[13 0 11],1,0,1,0
[13 0 14],3,1,4,0
[13 1 7],3,0,3,0
[13 5 0],3,1,4,0
[13 6 2],17,3,20,0
[13 6 11],2,0,2,0
[13 6 13],1,0,1,0
[13 7 0],1,0,1,0
[13 10 2],9,0,9,0
[13 10 6],1,2,3,0
[13 13 1],10,0,10,0
[13 13 2],2,0,2,0
[13 13 6],5,0,5,0
[13 13 8],2,0,2,0
[13 13 10],1,0,1,0
[13 13 11],1,0,1,0
[13 13 12],1,0,1,0
[13 16 2],5,1,6,0
[13 19 2],4,1,5,0
[13 19 6],2,0,2,0
[13 20 0],1,2,3,0
[13 20 5],1,0,1,0
[13 22 1],1,0,1,0
[13 22 2],1,0,1,0
[13 22 5],1,0,1,0
[13 23 2],1,0,1,0
[13 24 2],1,0,1,0
[13 33 2],1,0,1,0
[13 33 11],1,0,1,0
[13 35 1],1,0,1,0
[13 35 6],1,0,1,0
[13 39 2],3,0,3,0
[13 40 0],1,1,2,0
[13 43 2],2,0,2,0
[13 46 2],2,0,2,0
[13 49 1],1,0,1,0
[13 49 2],1,0,1,0
[13 51 4],1,0,1,0
[13 57 9],1,0,1,0
[13 58 2],1,0,1,0
[13 58 11],1,0,1,0
[13 60 6],1,0,1,0
[13 62 2],4,0,4,0
[13 62 10],1,0,1,0
[13 66 2],1,0,1,0
[13 77 2],2,0,2,0
[13 88 1],1,0,1,0
[13 88 2],2,0,2,0
[13 97 2],2,0,2,0
[14 0 1],1,0,1,0
[14 0 2],2,0,2,0
[14 0 3],61,8,69,0
[14 0 4],1,0,1,0
[14 0 6],1,0,1,0
[14 0 11],1,1,2,0
[14 1 4],14,0,14,0
[14 1 5],26,12,38,0
[14 1 7],19,2,21,0
[14 1 9],1,0,1,0
[14 1 10],1,0,1,0
[14 1 12],4,1,5,0
[14 1 16],5,0,5,0
[14 2 1],7,1,8,0
[14 2 2],1,0,1,0
[14 2 3],19,6,25,0
[14 2 4],30,4,34,0
[14 2 6],2,0,2,0
[14 2 8],2,0,2,0
[14 2 10],2,0,2,0
[14 2 11],1,3,4,0
[14 2 13],1,0,1,0
[14 2 15],1,0,1,0
[14 3 3],9,3,12,0
[14 3 10],1,0,1,0
[14 4 1],1,0,1,0
[14 4 2],1,0,1,0
[14 4 3],7,2,9,0
[14 4 8],1,0,1,0
[14 4 11],2,0,2,0
[14 5 3],1,0,1,0
[14 6 3],1,0,1,0
[14 7 3],1,0,1,0
[14 8 2],3,0,3,0
[14 8 3],4,3,7,0
[14 8 6],1,0,1,0
[14 9 1],5,0,5,0
[14 9 2],2,0,2,0
[14 9 3],15,3,18,0
[14 9 4],2,0,2,0
[14 9 5],1,0,1,0
[14 9 8],2,1,3,0
[14 9 10],1,0,1,0
[14 9 11],2,0,2,0
[14 9 13],1,0,1,0
[14 12 3],5,0,5,0
[14 12 4],1,0,1,0
[14 13 3],2,0,2,0
[14 14 15],1,0,1,0
[14 15 0],3,1,4,0
[14 15 1],1,0,1,0
[14 15 2],5,1,6,0
[14 15 3],8,1,9,0
[14 15 6],1,0,1,0
[14 15 8],1,0,1,0
[14 15 9],1,0,1,0
[14 15 14],3,0,3,0
[14 17 0],1,0,1,0
[14 17 1],4,0,4,0
[14 17 3],1,0,1,0
[14 17 8],3,0,3,0
[14 18 2],1,0,1,0
[14 18 3],3,1,4,0
[14 19 3],1,0,1,0
[14 21 3],2,0,2,0
[14 22 2],1,0,1,0
[14 22 3],2,0,2,0
[14 24 3],2,0,2,0
[14 32 3],2,0,2,0
[14 32 4],1,0,1,0
[14 34 3],4,0,4,0
[14 34 4],3,1,4,0
[14 34 5],2,0,2,0
[14 34 6],1,0,1,0
[14 34 10],1,0,1,0
[14 38 3],1,0,1,0
[14 39 6],1,0,1,0
[14 41 3],1,0,1,0
[14 42 0],9,2,11,0
[14 42 1],1,0,1,0
[14 42 4],8,3,11,0
[14 42 6],1,0,1,0
[14 42 7],3,0,3,0
[14 42 14],2,2,4,0
[14 44 3],2,0,2,0
[14 46 3],1,0,1,0
[14 47 5],1,0,1,0
[14 48 3],3,1,4,0
[14 50 3],2,0,2,0
[14 50 5],1,0,1,0
[14 56 3],1,0,1,0
[14 59 3],1,0,1,0
[14 61 3],1,0,1,0
[14 68 3],1,2,3,0
[14 69 3],2,0,2,0
[14 70 3],1,0,1,0
[14 79 3],1,0,1,0
[14 83 3],1,0,1,0
[14 87 2],1,0,1,0
[14 87 3],5,0,5,0
[14 97 0],6,1,7,0
[14 97 1],1,2,3,0
[14 97 2],3,1,4,0
[14 97 3],1,1,2,0
[14 97 6],1,0,1,0
[14 97 8],2,1,3,0
[14 97 10],1,0,1,0
[14 98 3],2,0,2,0
[15 0 1],1,0,1,0
[15 0 3],18,0,18,0
[15 0 4],1,0,1,0
[15 0 5],19,4,23,0
[15 0 6],2,0,2,0
[15 0 7],9,2,11,0
[15 0 12],5,0,5,0
[15 1 5],12,4,16,0
[15 1 7],7,0,7,0
[15 1 12],2,0,2,0
[15 2 4],9,1,10,0
[15 2 6],1,1,2,0
[15 2 7],1,0,1,0
[15 2 8],1,0,1,0
[15 2 15],1,0,1,0
[15 3 1],1,0,1,0
[15 3 5],3,0,3,0
[15 3 7],1,0,1,0
[15 4 1],1,0,1,0
[15 4 6],1,0,1,0
[15 4 8],1,0,1,0
[15 5 3],1,0,1,0
[15 5 5],1,0,1,0
[15 6 5],1,0,1,0
[15 6 7],1,0,1,0
[15 7 5],1,0,1,0
[15 8 1],1,0,1,0
[15 8 4],1,0,1,0
[15 8 5],1,0,1,0
[15 8 7],1,0,1,0
[15 8 8],1,0,1,0
[15 9 5],1,0,1,0
[15 9 6],1,0,1,0
[15 11 1],2,0,2,0
[15 11 3],2,0,2,0
[15 11 4],1,0,1,0
[15 11 5],5,2,7,0
[15 11 7],2,0,2,0
[15 12 5],2,0,2,0
[15 14 1],2,0,2,0
[15 14 4],1,0,1,0
[15 14 5],3,1,4,0
[15 14 6],1,0,1,0
[15 14 7],4,0,4,0
[15 17 1],9,0,9,0
[15 17 6],1,0,1,0
[15 17 8],3,0,3,0
[15 17 13],1,0,1,0
[15 17 18],1,0,1,0
[15 18 3],2,0,2,0
[15 21 5],1,0,1,0
[15 22 5],1,0,1,0
[15 24 5],1,0,1,0
[15 24 7],2,0,2,0
[15 27 5],1,0,1,0
[15 32 3],6,2,8,0
[15 32 5],1,1,2,0
[15 32 6],1,0,1,0
[15 33 5],2,0,2,0
[15 34 12],1,0,1,0
[15 38 3],1,0,1,0
[15 41 3],1,0,1,0
[15 41 5],1,0,1,0
[15 42 0],4,1,5,0
[15 42 4],1,0,1,0
[15 48 4],1,0,1,0
[15 48 6],1,0,1,0
[15 48 8],1,0,1,0
[15 48 9],1,0,1,0
[15 50 1],1,1,2,0
[15 51 3],1,0,1,0
[15 57 7],1,0,1,0
[15 58 5],1,0,1,0
[15 59 5],3,1,4,0
[15 61 3],1,0,1,0
[15 68 7],1,0,1,0
[15 70 2],1,0,1,0
[15 74 9],2,0,2,0
[15 78 4],1,0,1,0
[15 85 3],1,0,1,0
[15 85 5],1,0,1,0
[15 85 12],1,0,1,0
[15 86 5],1,0,1,0
[15 86 7],1,0,1,0
[15 87 1],1,0,1,0
[15 87 12],1,0,1,0
[15 91 10],1,0,1,0
[15 91 12],1,0,1,0
[15 97 0],11,1,12,0
[15 97 1],12,3,15,0
[15 97 2],1,0,1,0
[15 97 6],2,1,3,0
[15 97 8],7,1,8,0
[15 97 10],3,0,3,0
[15 98 6],1,0,1,0
[16 0 0],119,17,136,0
[16 0 3],1,0,1,0
[16 0 6],5,1,6,0
[16 0 7],1,0,1,0
[16 2 1],2,0,2,0
[16 6 5],2,0,2,0
[16 6 6],1,1,2,0
[16 6 7],14,1,15,0
[16 6 10],1,0,1,0
[16 6 12],5,0,5,0
[16 6 13],1,0,1,0
[16 8 4],1,0,1,0
[16 9 6],1,0,1,0
[16 10 7],1,0,1,0
[16 13 5],2,0,2,0
[16 13 7],2,0,2,0
[16 16 1],1,0,1,0
[16 19 5],2,0,2,0
[16 19 7],8,1,9,0
[16 19 12],2,0,2,0
[16 22 5],1,0,1,0
[16 22 6],1,0,1,0
[16 27 2],2,2,4,0
[16 27 10],1,0,1,0
[16 27 14],1,0,1,0
[16 28 13],1,0,1,0
[16 29 1],1,0,1,0
[16 33 2],6,0,6,0
[16 33 6],1,0,1,0
[16 39 5],1,0,1,0
[16 39 7],3,0,3,0
[16 39 12],1,0,1,0
[16 41 3],1,0,1,0
[16 58 1],1,0,1,0
[16 77 2],1,0,1,0
[16 97 0],1,0,1,0
[16 97 2],1,1,2,0
[17 0 1],1,0,1,0
[17 0 5],6,4,10,0
[17 0 6],2,0,2,0
[17 0 7],1,1,2,0
[17 0 10],1,0,1,0
[17 0 12],1,0,1,0
[17 1 5],8,6,14,0
[17 1 7],3,2,5,0
[17 1 12],5,1,6,0
[17 2 1],5,0,5,0
[17 2 3],1,0,1,0
[17 2 4],2,0,2,0
[17 2 5],4,3,7,0
[17 2 6],1,0,1,0
[17 2 7],1,0,1,0
[17 3 5],9,0,9,0
[17 3 7],1,0,1,0
[17 3 12],2,0,2,0
[17 4 5],12,4,16,0
[17 4 7],5,0,5,0
[17 4 12],4,3,7,0
[17 6 5],2,0,2,0
[17 8 5],8,3,11,0
[17 8 7],4,0,4,0
[17 8 12],3,0,3,0
[17 9 4],1,0,1,0
[17 9 5],1,0,1,0
[17 10 5],1,0,1,0
[17 11 4],1,0,1,0
[17 11 11],1,0,1,0
[17 14 1],2,0,2,0
[17 14 4],2,1,3,0
[17 14 5],1,0,1,0
[17 15 1],3,0,3,0
[17 15 5],1,0,1,0
[17 15 6],1,0,1,0
[17 15 8],1,0,1,0
[17 15 9],1,0,1,0
[17 15 11],1,0,1,0
[17 16 5],2,1,3,0
[17 18 5],6,2,8,0
[17 18 7],1,0,1,0
[17 18 12],2,0,2,0
[17 19 5],2,0,2,0
[17 21 5],4,1,5,0
[17 21 12],1,0,1,0
[17 24 1],1,0,1,0
[17 24 5],5,2,7,0
[17 24 12],2,0,2,0
[17 25 7],2,0,2,0
[17 32 3],1,0,1,0
[17 33 5],1,0,1,0
[17 34 4],1,0,1,0
[17 34 10],1,0,1,0
[17 36 5],1,2,3,0
[17 39 5],1,0,1,0
[17 42 0],1,0,1,0
[17 42 4],1,0,1,0
[17 43 5],1,1,2,0
[17 43 6],1,0,1,0
[17 44 5],1,0,1,0
[17 45 5],1,0,1,0
[17 45 7],1,0,1,0
[17 47 5],1,0,1,0
[17 48 5],1,0,1,0
[17 50 5],1,1,2,0
[17 50 12],1,0,1,0
[17 56 5],2,1,3,0
[17 59 5],1,0,1,0
[17 60 5],1,0,1,0
[17 61 3],1,0,1,0
[17 91 10],1,1,2,0
[17 97 1],6,1,7,0
[17 97 10],1,1,2,0
[17 97 11],1,0,1,0
[18 0 1],7,3,10,0
[18 0 3],9,1,10,0
[18 0 4],3,1,4,0
[18 0 5],7,0,7,0
[18 0 6],1,0,1,0
[18 0 7],2,0,2,0
[18 0 8],1,0,1,0
[18 0 12],1,0,1,0
[18 1 5],3,1,4,0
[18 1 7],1,1,2,0
[18 2 1],7,0,7,0
[18 2 4],4,0,4,0
[18 2 9],1,0,1,0
[18 2 10],2,0,2,0
[18 2 20],1,0,1,0
[18 3 1],3,0,3,0
[18 3 18],1,0,1,0
[18 4 1],1,0,1,0
[18 4 3],1,0,1,0
[18 4 4],2,0,2,0
[18 4 11],1,0,1,0
[18 5 0],1,0,1,0
[18 7 11],1,0,1,0
[18 8 1],4,1,5,0
[18 8 3],2,0,2,0
[18 8 4],5,0,5,0
[18 8 6],3,0,3,0
[18 8 10],1,0,1,0
[18 8 11],1,0,1,0
[18 11 4],2,0,2,0
[18 11 6],1,0,1,0
[18 14 1],1,0,1,0
[18 14 4],1,0,1,0
[18 15 0],1,1,2,0
[18 15 3],1,0,1,0
[18 15 4],1,0,1,0
[18 17 0],32,5,37,0
[18 17 2],1,0,1,0
[18 17 14],1,0,1,0
[18 18 1],10,4,14,0
[18 18 3],4,1,5,0
[18 18 4],3,1,4,0
[18 18 6],4,1,5,0
[18 18 8],1,1,2,0
[18 24 1],2,0,2,0
[18 24 3],1,1,2,0
[18 24 4],1,0,1,0
[18 24 6],2,0,2,0
[18 31 6],1,0,1,0
[18 36 5],1,0,1,0
[18 42 4],1,0,1,0
[18 42 6],1,0,1,0
[18 48 6],1,0,1,0
[18 48 8],1,0,1,0
[18 55 19],2,0,2,0
[18 61 5],1,0,1,0
[18 68 3],1,0,1,0
[18 76 6],1,0,1,0
[18 83 4],1,0,1,0
[18 83 6],1,0,1,0
[18 97 0],35,9,44,0
[18 97 2],4,0,4,0
[18 97 6],1,0,1,0
[18 97 8],1,0,1,0
[18 97 9],3,1,4,0
[19 0 0],100,23,123,0
[19 0 3],1,1,2,0
[19 0 6],2,1,3,0
[19 0 8],1,1,2,0
[19 0 11],1,0,1,0
[19 1 7],1,0,1,0
[19 7 0],10,0,10,0
[19 10 6],1,0,1,0
[19 13 5],1,1,2,0
[19 13 6],2,0,2,0
[19 13 7],3,0,3,0
[19 13 12],3,0,3,0
[19 16 2],12,1,13,0
[19 18 0],2,0,2,0
[19 18 6],1,0,1,0
[19 19 8],2,0,2,0
[19 22 5],1,0,1,0
[19 26 3],1,0,1,0
[19 28 2],1,0,1,0
[19 29 13],1,0,1,0
[19 33 2],1,0,1,0
[19 36 5],1,0,1,0
[19 36 6],1,0,1,0
[19 36 12],1,0,1,0
[19 39 1],1,0,1,0
[19 39 11],1,0,1,0
[19 41 0],1,0,1,0
[19 46 1],1,0,1,0
[19 58 2],1,1,2,0
[19 60 2],2,0,2,0
[19 70 2],1,0,1,0
[19 77 2],1,1,2,0
[19 79 2],1,0,1,0
[19 86 0],1,0,1,0
[19 89 6],1,0,1,0
[19 92 3],1,0,1,0
[20 0 1],3,1,4,0
[20 0 2],2,0,2,0
[20 0 3],6,1,7,0
[20 0 4],5,2,7,0
[20 0 6],1,0,1,0
[20 0 11],2,0,2,0
[20 5 0],12,7,19,0
[20 5 1],1,0,1,0
[20 5 2],5,1,6,0
[20 5 3],2,1,3,0
[20 5 11],1,0,1,0
[20 5 14],4,3,7,0
[20 6 2],1,0,1,0
[20 7 1],1,0,1,0
[20 7 4],2,0,2,0
[20 7 6],1,0,1,0
[20 7 11],1,0,1,0
[20 11 1],1,0,1,0
[20 11 6],1,0,1,0
[20 11 13],1,0,1,0
[20 13 2],2,0,2,0
[20 20 0],1,0,1,0
[20 20 1],10,4,14,0
[20 20 2],1,0,1,0
[20 20 6],1,0,1,0
[20 20 8],3,1,4,0
[20 20 11],1,0,1,0
[20 20 13],2,0,2,0
[20 25 2],1,0,1,0
[20 25 7],1,0,1,0
[20 26 1],1,0,1,0
[20 26 11],1,0,1,0
[20 28 1],7,5,12,0
[20 28 2],1,0,1,0
[20 28 3],3,1,4,0
[20 28 6],2,1,3,0
[20 28 10],1,0,1,0
[20 28 11],1,0,1,0
[20 29 0],38,6,44,0
[20 29 2],1,1,2,0
[20 29 3],1,0,1,0
[20 29 14],3,1,4,0
[20 30 0],5,1,6,0
[20 30 2],2,0,2,0
[20 30 9],1,0,1,0
[20 30 14],1,1,2,0
[20 31 0],1,1,2,0
[20 31 2],1,2,3,0
[20 35 6],1,0,1,0
[20 37 6],1,0,1,0
[20 38 1],1,0,1,0
[20 38 6],1,0,1,0
[20 38 7],1,0,1,0
[20 38 13],2,0,2,0
[20 40 2],2,0,2,0
[20 40 4],2,0,2,0
[20 40 6],1,0,1,0
[20 40 10],1,0,1,0
[20 41 3],1,0,1,0
[20 41 4],1,0,1,0
[20 41 6],1,0,1,0
[20 41 10],1,0,1,0
[20 49 1],1,0,1,0
[20 49 6],1,0,1,0
[20 49 13],1,0,1,0
[20 51 1],1,1,2,0
[20 51 2],1,0,1,0
[20 51 4],1,1,2,0
[20 51 6],1,1,2,0
[20 52 6],1,0,1,0
[20 54 0],7,0,7,0
[20 54 7],1,1,2,0
[20 54 13],1,0,1,0
[20 54 14],1,0,1,0
[20 55 14],1,0,1,0
[20 61 1],1,0,1,0
[20 61 3],2,0,2,0
[20 61 11],1,0,1,0
[20 64 1],2,0,2,0
[20 64 2],4,0,4,0
[20 64 8],1,0,1,0
[20 64 13],1,0,1,0
[20 71 1],4,3,7,0
[20 71 2],11,3,14,0
[20 71 3],5,3,8,0
[20 71 6],5,0,5,0
[20 71 10],1,0,1,0
[20 72 1],1,0,1,0
[20 72 6],1,0,1,0
[20 72 13],1,0,1,0
[20 75 0],1,0,1,0
[20 78 4],1,0,1,0
[20 80 2],5,0,5,0
[20 81 1],2,2,4,0
[20 81 2],4,0,4,0
[20 81 6],2,0,2,0
[20 81 8],1,1,2,0
[20 85 2],2,0,2,0
[20 85 13],1,0,1,0
[20 97 0],1,0,1,0
[20 97 2],1,0,1,0
[20 97 6],1,0,1,0
[21 0 1],2,0,2,0
[21 0 3],2,0,2,0
[21 0 4],2,1,3,0
[21 0 5],1,0,1,0
[21 0 6],3,0,3,0
[21 0 8],1,0,1,0
[21 0 11],1,1,2,0
[21 1 5],2,0,2,0
[21 1 7],4,1,5,0
[21 2 8],1,0,1,0
[21 3 0],34,8,42,0
[21 3 5],5,0,5,0
[21 3 7],6,1,7,0
[21 3 12],1,0,1,0
[21 4 0],27,14,41,0
[21 4 5],10,5,15,0
[21 4 11],2,0,2,0
[21 7 0],1,0,1,0
[21 8 0],37,6,43,0
[21 8 5],7,4,11,0
[21 8 6],1,0,1,0
[21 8 7],1,2,3,0
[21 9 0],2,1,3,0
[21 11 4],1,0,1,0
[21 12 0],6,2,8,0
[21 12 4],1,0,1,0
[21 12 9],1,0,1,0
[21 14 4],2,0,2,0
[21 15 0],2,0,2,0
[21 17 0],16,9,25,0
[21 17 2],1,1,2,0
[21 18 0],25,9,34,0
[21 18 5],1,0,1,0
[21 18 12],2,0,2,0
[21 21 0],3,1,4,0
[21 21 1],2,2,4,0
[21 21 2],1,0,1,0
[21 21 3],2,0,2,0
[21 21 4],3,1,4,0
[21 21 6],1,0,1,0
[21 21 8],2,0,2,0
[21 21 11],1,2,3,0
[21 21 17],1,0,1,0
[21 24 0],25,4,29,0
[21 24 6],1,0,1,0
[21 24 7],1,0,1,0
[21 26 1],1,0,1,0
[21 26 5],1,0,1,0
[21 27 4],1,0,1,0
[21 32 1],1,0,1,0
[21 32 6],2,0,2,0
[21 32 10],1,0,1,0
[21 36 13],1,0,1,0
[21 44 0],1,0,1,0
[21 44 7],1,0,1,0
[21 44 8],1,0,1,0
[21 44 12],3,0,3,0
[21 46 0],3,1,4,0
[21 46 5],2,0,2,0
[21 46 12],1,0,1,0
[21 50 0],7,1,8,0
[21 50 5],4,0,4,0
[21 50 7],1,1,2,0
[21 55 7],1,0,1,0
[21 56 0],10,3,13,0
[21 56 5],1,1,2,0
[21 56 6],1,0,1,0
[21 61 5],1,0,1,0
[21 67 5],1,0,1,0
[21 76 0],3,2,5,0
[21 76 5],1,1,2,0
[21 76 8],1,0,1,0
[21 83 1],1,0,1,0
[21 89 0],1,0,1,0
[21 89 13],1,0,1,0
[21 94 5],1,0,1,0
[21 94 7],1,0,1,0
[21 97 0],30,7,37,0
[21 97 2],6,0,6,0
[21 99 0],2,0,2,0
[22 0 2],33,10,43,0
[22 0 3],11,4,15,0
[22 0 6],3,0,3,0
[22 0 8],1,0,1,0
[22 0 11],1,0,1,0
[22 0 14],3,0,3,0
[22 1 5],4,2,6,0
[22 1 7],2,1,3,0
[22 1 16],1,0,1,0
[22 2 1],2,0,2,0
[22 2 4],3,1,4,0
[22 2 6],1,0,1,0
[22 2 10],1,0,1,0
[22 5 0],2,0,2,0
[22 5 1],2,0,2,0
[22 5 2],3,0,3,0
[22 6 6],1,0,1,0
[22 7 1],1,0,1,0
[22 7 2],1,0,1,0
[22 7 6],2,0,2,0
[22 8 4],1,1,2,0
[22 8 11],1,0,1,0
[22 10 1],1,0,1,0
[22 10 2],1,1,2,0
[22 10 4],1,0,1,0
[22 11 1],1,0,1,0
[22 11 4],2,0,2,0
[22 11 5],1,0,1,0
[22 11 7],1,0,1,0
[22 13 0],1,0,1,0
[22 13 2],2,0,2,0
[22 14 4],1,0,1,0
[22 17 0],1,0,1,0
[22 19 2],1,0,1,0
[22 22 1],18,0,18,0
[22 22 3],7,0,7,0
[22 22 4],2,0,2,0
[22 22 6],6,0,6,0
[22 22 8],1,3,4,0
[22 22 11],1,1,2,0
[22 22 13],2,1,3,0
[22 24 2],1,0,1,0
[22 24 6],1,0,1,0
[22 26 2],1,0,1,0
[22 26 4],1,0,1,0
[22 26 6],2,0,2,0
[22 31 0],1,0,1,0
[22 32 2],1,0,1,0
[22 39 3],1,0,1,0
[22 45 1],3,1,4,0
[22 47 8],1,0,1,0
[22 55 2],1,0,1,0
[22 55 17],1,0,1,0
[22 57 9],2,0,2,0
[22 60 6],1,0,1,0
[22 65 2],1,0,1,0
[22 70 0],1,0,1,0
[22 70 2],4,0,4,0
[22 70 9],5,1,6,0
[22 76 0],1,0,1,0
[22 76 2],1,0,1,0
[22 97 1],1,0,1,0
[22 97 2],9,0,9,0
[22 97 9],1,0,1,0
[23 0 1],5,1,6,0
[23 0 3],1,0,1,0
[23 0 4],12,2,14,0
[23 0 5],2,0,2,0
[23 0 6],3,0,3,0
[23 0 8],2,0,2,0
[23 0 10],2,0,2,0
[23 0 12],1,0,1,0
[23 0 15],1,0,1,0
[23 3 0],7,0,7,0
[23 4 0],17,2,19,0
[23 5 0],94,28,122,0
[23 5 2],3,1,4,0
[23 5 14],5,1,6,0
[23 7 0],1,0,1,0
[23 7 4],1,0,1,0
[23 8 0],11,2,13,0
[23 10 1],1,0,1,0
[23 10 6],3,0,3,0
[23 10 10],1,0,1,0
[23 10 11],1,0,1,0
[23 13 1],1,0,1,0
[23 13 7],1,0,1,0
[23 18 0],2,0,2,0
[23 20 4],1,0,1,0
[23 23 0],1,0,1,0
[23 23 1],4,0,4,0
[23 23 2],1,0,1,0
[23 23 3],1,0,1,0
[23 23 6],1,0,1,0
[23 23 8],1,0,1,0
[23 23 12],1,0,1,0
[23 25 1],1,0,1,0
[23 25 7],1,0,1,0
[23 26 6],1,0,1,0
[23 28 6],1,0,1,0
[23 29 0],1,1,2,0
[23 31 0],13,6,19,0
[23 31 2],1,0,1,0
[23 31 14],2,0,2,0
[23 32 0],1,0,1,0
[23 35 1],1,0,1,0
[23 37 0],1,0,1,0
[23 52 1],2,0,2,0
[23 52 3],1,0,1,0
[23 52 5],2,0,2,0
[23 52 6],1,1,2,0
[23 52 8],3,0,3,0
[23 52 10],1,0,1,0
[23 54 0],2,0,2,0
[23 56 0],3,0,3,0
[23 57 9],3,0,3,0
[23 59 5],1,0,1,0
[23 61 6],1,0,1,0
[23 63 1],5,0,5,0
[23 63 3],1,0,1,0
[23 66 1],1,1,2,0
[23 66 5],3,1,4,0
[23 66 6],5,0,5,0
[23 66 7],1,0,1,0
[23 66 8],1,0,1,0
[23 67 0],1,0,1,0
[23 67 5],1,0,1,0
[23 67 12],1,0,1,0
[23 71 1],1,0,1,0
[23 73 1],2,0,2,0
[23 90 1],1,0,1,0
[23 93 9],1,0,1,0
[23 97 2],3,0,3,0
[24 0 1],5,0,5,0
[24 0 3],5,1,6,0
[24 0 4],3,1,4,0
[24 0 5],5,5,10,0
[24 0 6],7,1,8,0
[24 0 7],2,0,2,0
[24 0 8],4,0,4,0
[24 0 10],1,0,1,0
[24 0 12],2,0,2,0
[24 0 13],1,0,1,0
[24 1 5],1,3,4,0
[24 2 0],1,0,1,0
[24 2 1],2,0,2,0
[24 2 3],1,0,1,0
[24 2 4],5,1,6,0
[24 2 6],1,1,2,0
[24 2 7],1,0,1,0
[24 2 8],2,0,2,0
[24 3 1],1,0,1,0
[24 3 4],2,0,2,0
[24 3 8],1,0,1,0
[24 3 17],1,0,1,0
[24 4 0],1,1,2,0
[24 4 3],1,0,1,0
[24 4 4],2,0,2,0
[24 4 6],3,0,3,0
[24 4 10],1,0,1,0
[24 5 1],1,1,2,0
[24 5 2],1,0,1,0
[24 5 3],1,0,1,0
[24 5 6],1,0,1,0
[24 7 1],1,0,1,0
[24 7 2],1,0,1,0
[24 7 6],1,0,1,0
[24 7 14],1,0,1,0
[24 8 1],4,0,4,0
[24 8 3],1,0,1,0
[24 8 4],1,0,1,0
[24 8 8],1,0,1,0
[24 8 11],1,0,1,0
[24 8 13],1,0,1,0
[24 8 15],1,0,1,0
[24 9 4],1,0,1,0
[24 9 17],1,0,1,0
[24 10 6],1,0,1,0
[24 11 0],1,0,1,0
[24 11 4],4,0,4,0
[24 11 6],1,1,2,0
[24 12 6],1,0,1,0
[24 13 7],1,0,1,0
[24 14 4],1,0,1,0
[24 14 5],2,0,2,0
[24 15 0],6,0,6,0
[24 15 2],2,0,2,0
[24 15 6],1,0,1,0
[24 15 9],1,0,1,0
[24 17 0],22,6,28,0
[24 17 1],1,0,1,0
[24 17 2],1,0,1,0
[24 17 6],1,0,1,0
[24 18 1],1,0,1,0
[24 18 4],1,0,1,0
[24 18 10],1,0,1,0
[24 20 1],1,0,1,0
[24 20 3],1,0,1,0
[24 21 2],1,0,1,0
[24 22 5],1,0,1,0
[24 22 12],1,0,1,0
[24 24 1],4,2,6,0
[24 24 3],1,1,2,0
[24 24 4],1,0,1,0
[24 24 6],1,0,1,0
[24 24 7],1,0,1,0
[24 24 8],1,0,1,0
[24 24 11],3,0,3,0
[24 24 13],3,0,3,0
[24 25 5],1,0,1,0
[24 25 6],1,0,1,0
[24 26 6],1,0,1,0
[24 29 3],1,0,1,0
[24 32 6],2,0,2,0
[24 32 10],1,0,1,0
[24 35 3],1,0,1,0
[24 46 3],1,0,1,0
[24 47 5],1,0,1,0
[24 51 8],2,0,2,0
[24 52 13],1,0,1,0
[24 55 1],1,1,2,0
[24 56 6],1,1,2,0
[24 59 0],2,0,2,0
[24 59 3],1,0,1,0
[24 61 1],1,0,1,0
[24 65 8],1,0,1,0
[24 67 19],1,0,1,0
[24 70 0],3,0,3,0
[24 72 3],1,0,1,0
[24 78 3],1,0,1,0
[24 82 1],1,0,1,0
[24 82 3],1,0,1,0
[24 97 0],36,8,44,0
[24 97 2],7,1,8,0
[24 97 6],1,0,1,0
[24 97 8],1,0,1,0
[24 97 9],4,0,4,0
[25 0 2],12,4,16,0
[25 0 3],5,1,6,0
[25 0 4],2,0,2,0
[25 0 5],1,0,1,0
[25 0 8],1,0,1,0
[25 0 13],1,0,1,0
[25 1 4],1,0,1,0
[25 1 5],9,0,9,0
[25 1 7],3,1,4,0
[25 1 10],1,0,1,0
[25 1 12],1,0,1,0
[25 1 13],1,0,1,0
[25 1 16],1,0,1,0
[25 2 0],47,9,56,0
[25 2 2],3,0,3,0
[25 2 4],6,2,8,0
[25 2 6],1,0,1,0
[25 4 2],2,0,2,0
[25 5 0],2,1,3,0
[25 5 2],1,1,2,0
[25 5 14],1,0,1,0
[25 7 0],3,0,3,0
[25 8 2],1,0,1,0
[25 8 4],2,0,2,0
[25 9 2],1,0,1,0
[25 9 3],1,0,1,0
[25 9 6],1,0,1,0
[25 11 0],1,0,1,0
[25 11 2],1,0,1,0
[25 11 4],1,1,2,0
[25 15 2],2,0,2,0
[25 17 2],4,0,4,0
[25 20 0],1,1,2,0
[25 20 1],1,0,1,0
[25 20 2],3,1,4,0
[25 20 4],1,0,1,0
[25 20 10],1,0,1,0
[25 25 1],2,2,4,0
[25 28 6],1,0,1,0
[25 29 0],3,0,3,0
[25 29 2],1,0,1,0
[25 34 0],58,14,72,0
[25 34 6],1,0,1,0
[25 34 7],1,0,1,0
[25 34 9],3,1,4,0
[25 34 14],1,0,1,0
[25 34 17],1,1,2,0
[25 36 2],1,0,1,0
[25 37 1],1,0,1,0
[25 37 2],2,0,2,0
[25 37 3],1,0,1,0
[25 38 1],2,0,2,0
[25 38 2],1,0,1,0
[25 38 4],1,0,1,0
[25 40 1],1,0,1,0
[25 45 0],1,0,1,0
[25 45 5],3,0,3,0
[25 45 7],2,1,3,0
[25 48 2],1,0,1,0
[25 54 0],4,1,5,0
[25 54 10],1,0,1,0
[25 55 9],2,0,2,0
[25 63 6],1,0,1,0
[25 68 1],1,0,1,0
[25 72 1],1,0,1,0
[25 93 0],1,2,3,0
[25 97 0],3,0,3,0
[25 97 2],3,1,4,0
[25 97 4],1,0,1,0
[25 97 6],1,0,1,0
[25 97 11],1,0,1,0
[26 0 0],8,0,8,0
[26 0 1],18,1,19,0
[26 0 2],1,0,1,0
[26 0 3],5,2,7,0
[26 0 6],10,2,12,0
[26 0 8],5,4,9,0
[26 0 10],2,0,2,0
[26 1 7],1,1,2,0
[26 3 0],1,0,1,0
[26 3 9],1,0,1,0
[26 5 0],9,3,12,0
[26 5 5],4,1,5,0
[26 6 4],1,0,1,0
[26 6 6],1,0,1,0
[26 6 13],1,0,1,0
[26 7 0],6,0,6,0
[26 7 1],1,0,1,0
[26 8 1],1,0,1,0
[26 9 1],1,0,1,0
[26 9 4],1,0,1,0
[26 9 15],2,0,2,0
[26 10 3],1,0,1,0
[26 12 6],1,0,1,0
[26 12 9],1,0,1,0
[26 13 6],1,0,1,0
[26 13 11],1,0,1,0
[26 15 0],2,0,2,0
[26 15 9],1,0,1,0
[26 16 6],1,1,2,0
[26 16 8],1,0,1,0
[26 18 0],3,0,3,0
[26 19 0],1,0,1,0
[26 19 4],1,1,2,0
[26 20 1],1,0,1,0
[26 20 13],2,0,2,0
[26 21 2],1,0,1,0
[26 22 5],2,1,3,0
[26 22 12],1,0,1,0
[26 23 6],1,0,1,0
[26 23 11],1,0,1,0
[26 24 0],5,1,6,0
[26 24 4],1,0,1,0
[26 26 2],1,0,1,0
[26 26 3],2,0,2,0
[26 26 6],1,0,1,0
[26 28 3],2,0,2,0
[26 28 6],1,0,1,0
[26 29 0],4,0,4,0
[26 30 1],1,0,1,0
[26 30 4],1,0,1,0
[26 30 7],1,0,1,0
[26 31 0],3,0,3,0
[26 32 0],9,1,10,0
[26 32 1],1,0,1,0
[26 32 5],1,0,1,0
[26 35 1],2,0,2,0
[26 35 6],1,0,1,0
[26 40 0],5,5,10,0
[26 40 3],1,1,2,0
[26 40 6],1,0,1,0
[26 41 1],1,0,1,0
[26 49 1],1,0,1,0
[26 49 8],1,0,1,0
[26 51 0],1,0,1,0
[26 51 3],2,0,2,0
[26 53 5],1,0,1,0
[26 53 6],1,0,1,0
[26 53 7],1,0,1,0
[26 54 0],2,0,2,0
[26 54 8],1,0,1,0
[26 54 16],1,0,1,0
[26 55 0],3,0,3,0
[26 55 1],1,0,1,0
[26 55 8],1,0,1,0
[26 56 6],1,0,1,0
[26 57 1],1,0,1,0
[26 57 9],6,0,6,0
[26 58 2],1,0,1,0
[26 60 2],1,0,1,0
[26 67 9],2,1,3,0
[26 70 0],5,0,5,0
[26 75 0],1,0,1,0
[26 75 14],1,0,1,0
[26 75 17],1,0,1,0
[26 76 0],5,0,5,0
[26 76 1],1,0,1,0
[26 76 4],1,0,1,0
[26 76 6],2,0,2,0
[26 78 4],1,0,1,0
[26 82 0],1,0,1,0
[26 82 9],1,0,1,0
[26 89 0],1,0,1,0
[26 89 6],1,0,1,0
[26 90 1],1,0,1,0
[26 90 13],1,0,1,0
[26 93 10],1,0,1,0
[26 97 0],13,5,18,0
[26 97 2],3,3,6,0
[26 99 0],1,0,1,0
[26 99 6],1,0,1,0
[26 99 8],1,0,1,0
[26 99 12],1,0,1,0
[27 0 0],12,2,14,0
[27 0 6],1,0,1,0
[27 1 5],1,0,1,0
[27 6 5],2,0,2,0
[27 6 7],1,0,1,0
[27 16 5],1,0,1,0
[27 16 7],1,0,1,0
[27 17 0],1,0,1,0
[27 17 2],1,0,1,0
[27 18 0],1,0,1,0
[27 18 5],1,0,1,0
[27 21 3],1,0,1,0
[27 21 13],1,0,1,0
[27 22 5],1,0,1,0
[27 23 14],1,0,1,0
[27 27 1],3,0,3,0
[27 27 11],1,0,1,0
[27 27 13],1,0,1,0
[27 41 2],1,0,1,0
[27 46 0],3,0,3,0
[27 61 2],1,0,1,0
[27 97 0],3,1,4,0
[27 97 2],1,0,1,0
[28 0 0],3,1,4,0
[28 0 1],3,1,4,0
[28 0 3],1,0,1,0
[28 0 4],12,1,13,0
[28 0 6],1,1,2,0
[28 0 10],3,1,4,0
[28 0 11],3,0,3,0
[28 5 0],42,13,55,0
[28 5 2],3,2,5,0
[28 5 6],2,0,2,0
[28 5 14],7,1,8,0
[28 7 0],3,1,4,0
[28 7 1],1,0,1,0
[28 7 4],1,0,1,0
[28 7 6],3,0,3,0
[28 7 10],1,0,1,0
[28 10 2],1,0,1,0
[28 10 6],1,0,1,0
[28 10 13],1,0,1,0
[28 16 6],1,0,1,0
[28 19 6],1,0,1,0
[28 20 1],11,8,19,0
[28 20 4],2,1,3,0
[28 20 6],1,0,1,0
[28 20 8],2,1,3,0
[28 20 10],2,0,2,0
[28 20 12],1,0,1,0
[28 23 6],1,0,1,0
[28 26 6],1,0,1,0
[28 28 1],1,3,4,0
[28 28 6],3,0,3,0
[28 28 8],1,0,1,0
[28 28 10],1,0,1,0
[28 29 0],29,13,42,0
[28 29 1],1,0,1,0
[28 29 2],1,0,1,0
[28 29 14],1,1,2,0
[28 30 4],1,0,1,0
[28 32 0],1,0,1,0
[28 33 10],1,0,1,0
[28 35 1],2,0,2,0
[28 35 6],1,0,1,0
[28 35 13],1,0,1,0
[28 38 1],1,0,1,0
[28 38 6],1,0,1,0
[28 38 10],1,0,1,0
[28 40 0],5,1,6,0
[28 40 14],1,0,1,0
[28 49 1],1,1,2,0
[28 49 6],1,0,1,0
[28 49 13],1,0,1,0
[28 51 3],1,0,1,0
[28 52 6],2,0,2,0
[28 54 0],1,0,1,0
[28 55 14],1,0,1,0
[28 58 2],1,0,1,0
[28 61 13],1,0,1,0
[28 64 1],1,2,3,0
[28 64 6],1,1,2,0
[28 64 8],2,2,4,0
[28 71 1],1,2,3,0
[28 71 3],1,0,1,0
[28 71 6],1,0,1,0
[28 71 10],1,0,1,0
[28 71 13],1,0,1,0
[28 73 0],1,0,1,0
[28 73 2],1,0,1,0
[28 73 4],1,0,1,0
[28 81 2],1,0,1,0
[28 81 6],3,0,3,0
[28 81 8],1,0,1,0
[28 81 11],1,0,1,0
[28 84 1],1,0,1,0
[28 84 6],1,0,1,0
[29 0 4],4,0,4,0
[29 0 8],1,0,1,0
[29 0 10],1,0,1,0
[29 7 2],1,0,1,0
[29 7 4],1,0,1,0
[29 7 6],4,0,4,0
[29 7 8],1,0,1,0
[29 10 5],1,0,1,0
[29 10 12],1,1,2,0
[29 20 5],5,0,5,0
[29 20 12],2,1,3,0
[29 24 3],1,0,1,0
[29 28 5],5,1,6,0
[29 28 12],1,1,2,0
[29 29 3],1,0,1,0
[29 35 5],2,0,2,0
[29 38 5],1,0,1,0
[29 38 7],1,0,1,0
[29 40 3],1,0,1,0
[29 40 8],1,0,1,0
[29 49 5],2,0,2,0
[29 52 5],1,0,1,0
[29 52 12],1,0,1,0
[29 57 12],1,0,1,0
[29 61 5],1,0,1,0
[29 61 12],1,0,1,0
[29 64 1],1,0,1,0
[29 64 2],2,0,2,0
[29 64 5],4,0,4,0
[29 64 7],2,0,2,0
[29 64 12],2,0,2,0
[29 71 5],3,2,5,0
[29 72 1],1,0,1,0
[29 74 7],1,0,1,0
[29 80 5],1,0,1,0
[29 81 5],4,0,4,0
[29 85 1],1,0,1,0
[30 0 1],1,2,3,0
[30 0 2],1,0,1,0
[30 0 3],3,1,4,0
[30 0 13],1,0,1,0
[30 7 3],1,0,1,0
[30 11 1],1,1,2,0
[30 11 6],1,0,1,0
[30 20 2],1,0,1,0
[30 20 5],1,0,1,0
[30 20 12],1,0,1,0
[30 26 2],1,0,1,0
[30 28 3],1,0,1,0
[30 29 8],1,0,1,0
[30 31 2],1,1,2,0
[30 31 5],4,0,4,0
[30 31 7],2,0,2,0
[30 31 12],1,0,1,0
[30 37 1],1,0,1,0
[30 37 2],1,0,1,0
[30 37 5],1,1,2,0
[30 40 1],1,0,1,0
[30 53 5],5,0,5,0
[30 53 10],1,0,1,0
[30 54 6],1,0,1,0
[30 57 5],1,0,1,0
[30 72 1],1,0,1,0
[30 72 6],1,0,1,0
[30 74 1],1,0,1,0
[30 74 6],1,0,1,0
[30 75 2],2,0,2,0
[30 78 2],1,1,2,0
[30 82 1],1,0,1,0
[30 86 3],1,0,1,0
[30 90 2],1,0,1,0
[30 90 6],1,0,1,0
[30 93 2],2,1,3,0
[31 0 3],1,1,2,0
[31 0 4],2,1,3,0
[31 0 10],1,0,1,0
[31 0 13],1,0,1,0
[31 3 0],1,0,1,0
[31 5 0],1,0,1,0
[31 5 3],1,0,1,0
[31 5 6],1,0,1,0
[31 7 4],1,0,1,0
[31 7 10],2,0,2,0
[31 23 7],1,0,1,0
[31 23 19],1,0,1,0
[31 30 0],1,0,1,0
[31 30 1],1,0,1,0
[31 30 2],1,0,1,0
[31 30 5],1,0,1,0
[31 31 0],1,0,1,0
[31 31 3],1,0,1,0
[31 37 1],4,2,6,0
[31 37 10],2,1,3,0
[31 37 15],1,0,1,0
[31 37 18],1,0,1,0
[31 52 7],1,0,1,0
[31 53 5],1,0,1,0
[31 53 7],2,1,3,0
[31 63 7],1,0,1,0
[31 73 5],1,0,1,0
[31 73 12],1,0,1,0
[31 75 1],1,1,2,0
[31 75 6],1,0,1,0
[31 82 2],1,0,1,0
[31 90 5],1,0,1,0
[31 93 2],1,2,3,0
[31 93 4],1,1,2,0
[31 93 10],1,0,1,0
[31 93 13],1,0,1,0
[31 97 0],1,0,1,0
[32 0 3],4,2,6,0
[32 0 4],3,0,3,0
[32 0 5],7,8,15,0
[32 0 6],2,0,2,0
[32 0 7],5,1,6,0
[32 0 10],1,0,1,0
[32 0 12],2,1,3,0
[32 1 5],1,0,1,0
[32 1 7],2,0,2,0
[32 2 1],1,1,2,0
[32 2 4],5,3,8,0
[32 2 10],1,0,1,0
[32 4 6],1,0,1,0
[32 5 1],2,0,2,0
[32 5 3],3,0,3,0
[32 5 4],1,0,1,0
[32 5 5],1,0,1,0
[32 5 7],1,0,1,0
[32 5 8],1,0,1,0
[32 5 10],1,0,1,0
[32 6 7],1,0,1,0
[32 7 1],1,0,1,0
[32 7 10],1,0,1,0
[32 9 1],2,0,2,0
[32 9 3],1,1,2,0
[32 9 4],1,0,1,0
[32 9 13],1,0,1,0
[32 10 7],1,0,1,0
[32 11 1],2,0,2,0
[32 11 3],1,0,1,0
[32 11 5],1,0,1,0
[32 11 11],1,1,2,0
[32 11 15],1,0,1,0
[32 12 9],1,0,1,0
[32 14 4],1,0,1,0
[32 15 0],1,2,3,0
[32 15 2],1,0,1,0
[32 15 4],3,1,4,0
[32 15 6],1,0,1,0
[32 15 9],1,0,1,0
[32 17 0],2,0,2,0
[32 21 1],1,0,1,0
[32 21 6],1,0,1,0
[32 22 7],1,0,1,0
[32 24 6],1,0,1,0
[32 32 1],3,2,5,0
[32 32 3],1,0,1,0
[32 32 4],1,0,1,0
[32 32 8],3,0,3,0
[32 32 10],2,0,2,0
[32 33 2],1,0,1,0
[32 40 8],1,0,1,0
[32 41 12],1,0,1,0
[32 42 4],1,0,1,0
[32 47 3],1,0,1,0
[32 48 1],1,0,1,0
[32 48 4],1,0,1,0
[32 55 13],1,0,1,0
[32 57 7],1,0,1,0
[32 59 3],1,0,1,0
[32 61 2],1,0,1,0
[32 61 7],1,0,1,0
[32 68 0],1,0,1,0
[32 76 1],1,0,1,0
[32 76 6],1,0,1,0
[32 76 8],1,0,1,0
[32 78 1],1,0,1,0
[32 82 1],1,0,1,0
[32 82 13],1,0,1,0
[32 97 0],21,7,28,0
[32 97 2],3,1,4,0
[32 97 6],1,1,2,0
[33 0 0],59,13,72,0
[33 0 5],1,1,2,0
[33 0 13],1,0,1,0
[33 1 5],1,0,1,0
[33 5 5],1,0,1,0
[33 6 2],1,0,1,0
[33 6 7],1,0,1,0
[33 7 5],1,0,1,0
[33 9 6],1,0,1,0
[33 13 13],1,0,1,0
[33 14 4],1,0,1,0
[33 15 0],3,0,3,0
[33 15 6],1,0,1,0
[33 15 9],1,0,1,0
[33 16 5],2,0,2,0
[33 16 6],1,0,1,0
[33 16 7],3,0,3,0
[33 16 8],1,0,1,0
[33 19 5],1,0,1,0
[33 19 7],1,0,1,0
[33 23 8],1,0,1,0
[33 28 5],1,0,1,0
[33 32 5],1,0,1,0
[33 32 7],1,0,1,0
[33 33 1],1,0,1,0
[33 39 7],1,0,1,0
[33 41 10],1,0,1,0
[33 46 0],7,4,11,0
[33 46 14],2,0,2,0
[33 55 1],1,0,1,0
[33 55 4],1,0,1,0
[33 58 5],3,1,4,0
[33 58 7],1,0,1,0
[33 60 12],1,0,1,0
[33 61 11],1,0,1,0
[33 76 0],1,0,1,0
[33 77 2],1,0,1,0
[33 79 2],1,0,1,0
[33 92 2],1,0,1,0
[33 97 0],8,4,12,0
[33 97 2],2,0,2,0
[34 0 2],1,0,1,0
[34 0 3],3,1,4,0
[34 0 11],1,0,1,0
[34 1 4],5,1,6,0
[34 1 5],14,2,16,0
[34 1 7],3,1,4,0
[34 1 9],1,0,1,0
[34 1 12],3,1,4,0
[34 1 16],2,0,2,0
[34 2 0],15,1,16,0
[34 2 1],6,1,7,0
[34 2 2],6,1,7,0
[34 2 3],3,0,3,0
[34 2 6],3,1,4,0
[34 2 8],1,0,1,0
[34 2 14],6,0,6,0
[34 3 3],1,1,2,0
[34 4 2],1,0,1,0
[34 4 3],1,0,1,0
[34 8 4],1,0,1,0
[34 8 13],1,0,1,0
[34 9 4],1,0,1,0
[34 9 6],1,0,1,0
[34 11 1],1,1,2,0
[34 11 6],3,0,3,0
[34 12 0],1,0,1,0
[34 14 3],2,0,2,0
[34 14 6],1,0,1,0
[34 15 0],1,0,1,0
[34 15 2],1,0,1,0
[34 17 2],3,0,3,0
[34 17 3],1,0,1,0
[34 25 2],2,0,2,0
[34 25 6],2,0,2,0
[34 25 19],2,0,2,0
[34 38 3],1,0,1,0
[34 41 3],1,0,1,0
[34 42 0],1,1,2,0
[34 42 4],2,0,2,0
[34 44 3],2,0,2,0
[34 45 7],1,0,1,0
[34 47 1],1,0,1,0
[34 48 3],1,0,1,0
[34 92 11],1,0,1,0
[34 97 0],3,0,3,0
[34 97 2],2,1,3,0
[34 97 3],1,0,1,0
[35 0 1],5,0,5,0
[35 0 2],1,0,1,0
[35 0 3],7,0,7,0
[35 0 4],9,3,12,0
[35 0 5],1,0,1,0
[35 0 6],6,0,6,0
[35 0 8],2,1,3,0
[35 0 10],2,0,2,0
[35 0 11],2,1,3,0
[35 0 13],1,1,2,0
[35 5 0],67,26,93,0
[35 5 2],1,0,1,0
[35 5 6],1,0,1,0
[35 5 14],2,1,3,0
[35 7 0],1,0,1,0
[35 10 1],3,0,3,0
[35 10 2],1,0,1,0
[35 10 3],1,0,1,0
[35 10 6],2,2,4,0
[35 10 8],2,0,2,0
[35 10 11],1,1,2,0
[35 13 1],1,0,1,0
[35 13 6],1,0,1,0
[35 13 8],1,0,1,0
[35 18 0],1,0,1,0
[35 19 13],1,0,1,0
[35 20 0],1,0,1,0
[35 20 1],1,0,1,0
[35 20 4],1,0,1,0
[35 20 6],1,0,1,0
[35 23 1],2,1,3,0
[35 23 3],1,0,1,0
[35 23 10],1,0,1,0
[35 24 0],3,0,3,0
[35 26 1],2,0,2,0
[35 26 3],1,0,1,0
[35 26 9],2,0,2,0
[35 28 1],5,0,5,0
[35 28 3],2,0,2,0
[35 28 6],3,0,3,0
[35 28 10],1,0,1,0
[35 28 11],1,1,2,0
[35 29 0],9,0,9,0
[35 29 2],1,0,1,0
[35 30 0],1,0,1,0
[35 31 0],13,2,15,0
[35 31 3],1,0,1,0
[35 31 14],1,0,1,0
[35 32 0],1,0,1,0
[35 32 6],1,0,1,0
[35 35 1],3,0,3,0
[35 35 3],1,0,1,0
[35 35 6],2,0,2,0
[35 35 8],1,0,1,0
[35 36 7],1,0,1,0
[35 38 5],1,0,1,0
[35 38 7],1,0,1,0
[35 40 0],1,0,1,0
[35 40 6],1,0,1,0
[35 52 8],1,0,1,0
[35 54 0],10,2,12,0
[35 54 2],1,0,1,0
[35 54 6],1,0,1,0
[35 57 8],1,0,1,0
[35 57 9],1,0,1,0
[35 57 10],1,0,1,0
[35 61 2],2,0,2,0
[35 61 6],1,0,1,0
[35 63 10],1,0,1,0
[35 64 8],1,0,1,0
[35 66 1],1,0,1,0
[35 67 3],1,0,1,0
[35 67 9],1,0,1,0
[35 70 0],1,0,1,0
[35 71 3],1,0,1,0
[35 73 2],1,0,1,0
[35 73 3],1,0,1,0
[35 73 6],1,0,1,0
[35 73 7],3,0,3,0
[35 74 1],1,0,1,0
[35 75 9],2,0,2,0
[35 81 1],1,0,1,0
[35 84 1],1,0,1,0
[35 84 6],1,0,1,0
[35 97 0],3,0,3,0
[36 0 0],66,16,82,0
[36 0 2],2,0,2,0
[36 0 3],1,0,1,0
[36 0 4],2,2,4,0
[36 0 6],1,0,1,0
[36 0 8],1,0,1,0
[36 0 10],1,0,1,0
[36 0 13],2,0,2,0
[36 0 14],3,0,3,0
[36 6 2],3,1,4,0
[36 6 4],1,0,1,0
[36 6 13],1,0,1,0
[36 10 2],2,1,3,0
[36 11 1],1,0,1,0
[36 15 1],1,0,1,0
[36 16 2],1,0,1,0
[36 16 7],1,0,1,0
[36 18 0],8,0,8,0
[36 18 2],1,1,2,0
[36 19 2],5,1,6,0
[36 21 2],1,0,1,0
[36 24 0],6,1,7,0
[36 24 2],2,1,3,0
[36 33 2],1,0,1,0
[36 39 2],1,0,1,0
[36 48 4],1,0,1,0
[36 58 13],1,0,1,0
[36 62 2],3,0,3,0
[36 62 4],1,0,1,0
[36 77 2],1,1,2,0
[36 92 7],1,0,1,0
[36 97 2],1,4,5,0
[37 0 1],2,0,2,0
[37 0 3],7,0,7,0
[37 0 4],1,0,1,0
[37 0 6],1,0,1,0
[37 0 8],1,0,1,0
[37 0 10],1,0,1,0
[37 0 11],1,1,2,0
[37 1 5],1,0,1,0
[37 20 6],1,0,1,0
[37 25 7],1,0,1,0
[37 30 5],1,0,1,0
[37 30 7],1,0,1,0
[37 31 0],1,1,2,0
[37 31 1],4,2,6,0
[37 31 8],1,0,1,0
[37 31 15],1,0,1,0
[37 53 1],1,1,2,0
[37 53 11],1,0,1,0
[37 53 18],1,0,1,0
[37 54 5],1,0,1,0
[37 63 7],2,0,2,0
[37 72 1],1,0,1,0
[37 75 11],1,0,1,0
[37 93 0],1,0,1,0
[37 93 1],1,0,1,0
[37 93 2],1,0,1,0
[38 0 1],2,0,2,0
[38 0 2],1,0,1,0
[38 0 3],6,2,8,0
[38 0 6],3,0,3,0
[38 0 8],1,0,1,0
[38 0 10],3,0,3,0
[38 1 5],2,0,2,0
[38 1 9],1,0,1,0
[38 2 0],3,0,3,0
[38 2 1],3,0,3,0
[38 2 4],1,1,2,0
[38 2 8],1,0,1,0
[38 4 1],1,0,1,0
[38 4 2],2,1,3,0
[38 4 3],3,0,3,0
[38 4 8],1,0,1,0
[38 4 11],1,0,1,0
[38 5 0],32,6,38,0
[38 5 2],3,0,3,0
[38 5 3],1,1,2,0
[38 5 6],1,0,1,0
[38 5 14],2,1,3,0
[38 7 1],4,0,4,0
[38 7 3],4,1,5,0
[38 7 6],3,0,3,0
[38 7 11],1,0,1,0
[38 7 13],1,0,1,0
[38 8 1],1,0,1,0
[38 8 3],1,0,1,0
[38 8 8],1,0,1,0
[38 11 3],1,0,1,0
[38 11 11],1,0,1,0
[38 15 4],1,0,1,0
[38 20 0],1,0,1,0
[38 20 1],4,0,4,0
[38 20 2],1,1,2,0
[38 20 4],1,0,1,0
[38 20 6],2,0,2,0
[38 20 8],2,0,2,0
[38 20 11],3,0,3,0
[38 20 13],1,0,1,0
[38 22 3],1,0,1,0
[38 23 6],1,0,1,0
[38 24 8],1,0,1,0
[38 25 1],2,0,2,0
[38 25 3],1,0,1,0
[38 28 3],1,1,2,0
[38 28 6],1,0,1,0
[38 28 10],1,0,1,0
[38 28 13],1,0,1,0
[38 29 0],14,2,16,0
[38 29 1],1,0,1,0
[38 30 0],1,1,2,0
[38 30 4],1,0,1,0
[38 34 4],2,0,2,0
[38 35 10],1,0,1,0
[38 38 1],5,0,5,0
[38 38 3],1,0,1,0
[38 38 6],2,0,2,0
[38 38 10],3,0,3,0
[38 40 1],6,1,7,0
[38 40 2],1,0,1,0
[38 40 3],1,0,1,0
[38 40 6],1,0,1,0
[38 40 8],4,2,6,0
[38 40 18],1,0,1,0
[38 45 4],1,0,1,0
[38 48 2],1,0,1,0
[38 49 8],1,0,1,0
[38 51 1],6,4,10,0
[38 51 3],1,2,3,0
[38 51 6],2,1,3,0
[38 51 8],3,1,4,0
[38 51 13],1,0,1,0
[38 54 0],1,0,1,0
[38 55 1],1,0,1,0
[38 59 0],7,1,8,0
[38 64 1],1,1,2,0
[38 64 3],1,0,1,0
[38 65 3],2,0,2,0
[38 65 8],1,0,1,0
[38 72 3],1,0,1,0
[38 72 6],1,0,1,0
[38 97 0],1,0,1,0
[38 97 1],1,1,2,0
[38 97 2],5,0,5,0
[38 97 8],2,0,2,0
[38 97 10],1,0,1,0
[39 0 0],22,3,25,0
[39 0 3],2,0,2,0
[39 1 7],2,0,2,0
[39 7 0],1,1,2,0
[39 13 7],1,0,1,0
[39 15 10],1,0,1,0
[39 16 2],5,0,5,0
[39 19 3],1,0,1,0
[39 22 5],2,0,2,0
[39 33 2],2,0,2,0
[39 39 3],1,0,1,0
[39 39 6],2,0,2,0
[39 60 2],1,0,1,0
[39 77 3],1,0,1,0
[39 88 1],2,0,2,0
[39 92 2],1,0,1,0
[40 0 1],1,0,1,0
[40 0 2],1,0,1,0
[40 0 4],1,0,1,0
[40 0 5],1,1,2,0
[40 0 6],1,0,1,0
[40 3 3],1,0,1,0
[40 5 1],1,0,1,0
[40 5 6],1,0,1,0
[40 7 6],1,0,1,0
[40 7 10],1,0,1,0
[40 7 11],1,0,1,0
[40 11 3],1,0,1,0
[40 11 4],1,0,1,0
[40 20 7],1,0,1,0
[40 26 4],1,0,1,0
[40 29 2],1,0,1,0
[40 29 6],1,1,2,0
[40 38 1],2,0,2,0
[40 38 5],1,0,1,0
[40 38 6],2,0,2,0
[40 38 8],1,0,1,0
[40 40 0],1,0,1,0
[40 54 5],1,0,1,0
[40 54 12],1,0,1,0
[40 55 6],1,0,1,0
[40 65 2],1,0,1,0
[40 65 5],1,0,1,0
[40 65 6],1,0,1,0
[40 65 12],3,0,3,0
[40 84 5],1,0,1,0
[40 89 4],1,0,1,0
[40 99 4],1,0,1,0
[41 0 0],3,2,5,0
[41 0 1],7,7,14,0
[41 0 2],4,0,4,0
[41 0 3],4,1,5,0
[41 0 4],5,1,6,0
[41 0 6],2,6,8,0
[41 0 8],2,0,2,0
[41 0 11],4,1,5,0
[41 0 13],2,2,4,0
[41 2 4],1,1,2,0
[41 5 1],3,0,3,0
[41 5 3],2,0,2,0
[41 5 6],1,0,1,0
[41 7 0],2,0,2,0
[41 7 4],1,0,1,0
[41 7 9],1,0,1,0
[41 8 17],1,0,1,0
[41 11 1],1,0,1,0
[41 12 0],7,3,10,0
[41 12 9],2,2,4,0
[41 13 12],1,0,1,0
[41 15 0],3,0,3,0
[41 15 2],2,0,2,0
[41 15 4],1,0,1,0
[41 16 10],1,0,1,0
[41 17 0],1,0,1,0
[41 20 1],1,1,2,0
[41 20 6],1,0,1,0
[41 22 1],1,0,1,0
[41 22 5],2,0,2,0
[41 23 0],1,0,1,0
[41 26 1],1,0,1,0
[41 26 6],1,0,1,0
[41 28 0],1,0,1,0
[41 28 4],2,0,2,0
[41 32 0],1,0,1,0
[41 32 6],1,0,1,0
[41 33 8],1,0,1,0
[41 40 0],2,1,3,0
[41 40 4],1,0,1,0
[41 40 10],1,0,1,0
[41 41 1],4,2,6,0
[41 41 3],2,0,2,0
[41 41 6],3,2,5,0
[41 41 13],1,0,1,0
[41 46 0],1,0,1,0
[41 48 4],1,0,1,0
[41 54 9],1,0,1,0
[41 61 1],1,0,1,0
[41 61 6],1,0,1,0
[41 61 8],1,0,1,0
[41 61 18],1,0,1,0
[41 67 0],1,0,1,0
[41 67 9],1,1,2,0
[41 70 0],1,1,2,0
[41 74 1],1,0,1,0
[41 74 13],1,0,1,0
[41 79 0],1,1,2,0
[41 89 1],2,0,2,0
[41 89 8],1,0,1,0
[41 93 1],1,0,1,0
[41 93 10],1,0,1,0
[41 97 0],9,2,11,0
[41 97 2],1,0,1,0
[41 97 15],1,0,1,0
[41 99 7],1,0,1,0
[42 0 2],1,0,1,0
[42 0 3],22,7,29,0
[42 1 4],1,1,2,0
[42 1 5],25,5,30,0
[42 1 7],25,4,29,0
[42 1 9],1,0,1,0
[42 1 12],7,2,9,0
[42 1 16],8,0,8,0
[42 2 2],2,0,2,0
[42 2 3],10,3,13,0
[42 2 13],2,0,2,0
[42 3 3],3,1,4,0
[42 3 13],1,0,1,0
[42 4 3],1,0,1,0
[42 8 3],1,1,2,0
[42 9 3],5,0,5,0
[42 11 3],2,1,3,0
[42 12 3],10,1,11,0
[42 14 2],1,0,1,0
[42 14 3],6,3,9,0
[42 14 8],1,0,1,0
[42 15 2],1,0,1,0
[42 15 3],1,0,1,0
[42 17 2],1,0,1,0
[42 17 3],2,0,2,0
[42 18 1],1,0,1,0
[42 18 3],1,2,3,0
[42 18 6],1,0,1,0
[42 22 3],3,0,3,0
[42 32 4],1,0,1,0
[42 34 3],3,0,3,0
[42 36 3],1,0,1,0
[42 42 3],1,1,2,0
[42 42 4],2,1,3,0
[42 42 7],1,0,1,0
[42 42 8],1,0,1,0
[42 44 3],1,0,1,0
[42 44 7],1,0,1,0
[42 48 3],1,0,1,0
[42 50 3],1,1,2,0
[42 56 3],1,0,1,0
[42 69 2],1,0,1,0
[42 70 1],1,0,1,0
[42 77 3],1,0,1,0
[42 94 3],1,0,1,0
[42 97 2],1,1,2,0
[43 0 1],8,1,9,0
[43 0 3],1,1,2,0
[43 0 4],1,1,2,0
[43 0 5],4,2,6,0
[43 0 6],2,1,3,0
[43 0 7],1,0,1,0
[43 0 8],3,0,3,0
[43 0 10],1,0,1,0
[43 0 12],2,0,2,0
[43 1 5],2,0,2,0
[43 2 1],1,0,1,0
[43 2 4],3,2,5,0
[43 2 6],1,0,1,0
[43 2 8],1,0,1,0
[43 2 17],1,0,1,0
[43 4 4],1,0,1,0
[43 5 8],1,0,1,0
[43 8 4],1,0,1,0
[43 11 4],1,0,1,0
[43 13 7],1,0,1,0
[43 15 0],6,0,6,0
[43 15 1],1,0,1,0
[43 15 14],1,0,1,0
[43 17 0],1,1,2,0
[43 17 6],1,0,1,0
[43 21 4],1,0,1,0
[43 31 0],1,0,1,0
[43 41 3],1,0,1,0
[43 43 1],7,3,10,0
[43 43 3],1,2,3,0
[43 43 6],2,0,2,0
[43 43 8],4,0,4,0
[43 43 11],2,0,2,0
[43 43 13],1,0,1,0
[43 45 7],1,0,1,0
[43 76 4],1,0,1,0
[43 97 0],14,4,18,0
[43 97 2],8,1,9,0
[43 97 9],1,0,1,0
[44 0 1],1,0,1,0
[44 0 2],1,0,1,0
[44 0 3],1,0,1,0
[44 0 4],1,0,1,0
[44 0 13],1,0,1,0
[44 1 5],8,1,9,0
[44 1 7],6,1,7,0
[44 1 9],7,1,8,0
[44 1 12],3,0,3,0
[44 1 14],1,0,1,0
[44 2 1],3,0,3,0
[44 2 2],2,0,2,0
[44 2 3],1,0,1,0
[44 2 6],2,0,2,0
[44 2 8],1,0,1,0
[44 2 10],1,0,1,0
[44 3 4],1,0,1,0
[44 3 6],1,0,1,0
[44 4 3],1,0,1,0
[44 6 2],1,0,1,0
[44 8 1],2,0,2,0
[44 8 2],1,0,1,0
[44 8 6],1,0,1,0
[44 8 13],1,0,1,0
[44 11 2],1,0,1,0
[44 12 2],1,0,1,0
[44 13 2],1,0,1,0
[44 14 4],1,0,1,0
[44 15 0],1,1,2,0
[44 15 2],1,0,1,0
[44 15 6],1,0,1,0
[44 16 2],1,0,1,0
[44 17 0],3,0,3,0
[44 21 2],2,0,2,0
[44 34 4],2,0,2,0
[44 34 6],1,0,1,0
[44 42 4],1,0,1,0
[44 44 1],1,0,1,0
[44 44 3],1,0,1,0
[44 44 4],2,0,2,0
[44 44 6],1,0,1,0
[44 44 8],3,0,3,0
[44 50 3],1,0,1,0
[44 70 2],2,0,2,0
[44 76 1],1,0,1,0
[44 76 6],1,0,1,0
[44 83 3],1,0,1,0
[44 83 13],1,0,1,0
[44 97 0],11,0,11,0
[44 97 2],5,1,6,0
[44 97 14],1,0,1,0
[45 0 2],4,1,5,0
[45 0 3],3,1,4,0
[45 1 5],13,5,18,0
[45 1 7],6,2,8,0
[45 1 12],1,0,1,0
[45 2 0],67,17,84,0
[45 2 2],10,1,11,0
[45 2 14],7,1,8,0
[45 3 2],2,0,2,0
[45 3 3],1,1,2,0
[45 4 2],2,0,2,0
[45 5 3],1,0,1,0
[45 8 2],1,0,1,0
[45 9 0],2,0,2,0
[45 9 2],3,3,6,0
[45 9 3],1,0,1,0
[45 9 8],1,0,1,0
[45 11 3],1,1,2,0
[45 12 11],1,0,1,0
[45 15 2],1,0,1,0
[45 17 2],1,0,1,0
[45 18 2],1,0,1,0
[45 24 14],1,0,1,0
[45 25 2],4,1,5,0
[45 25 3],1,0,1,0
[45 25 13],1,0,1,0
[45 32 2],1,1,2,0
[45 34 0],4,0,4,0
[45 34 2],5,1,6,0
[45 34 4],1,0,1,0
[45 34 14],2,1,3,0
[45 43 2],1,0,1,0
[45 44 14],1,0,1,0
[45 45 2],1,0,1,0
[45 45 7],1,0,1,0
[45 83 2],1,0,1,0
[45 97 2],3,1,4,0
[45 99 2],1,0,1,0
[46 0 0],1,1,2,0
[46 0 1],1,0,1,0
[46 0 4],1,0,1,0
[46 0 5],21,5,26,0
[46 0 6],2,0,2,0
[46 0 7],10,2,12,0
[46 0 12],14,1,15,0
[46 6 7],1,0,1,0
[46 11 10],1,0,1,0
[46 13 0],1,0,1,0
[46 16 6],1,0,1,0
[46 17 0],2,0,2,0
[46 17 2],1,0,1,0
[46 19 1],1,0,1,0
[46 27 5],1,0,1,0
[46 27 10],1,0,1,0
[46 32 0],1,0,1,0
[46 33 5],2,5,7,0
[46 33 7],1,0,1,0
[46 46 1],2,0,2,0
[46 46 8],1,0,1,0
[46 60 6],2,0,2,0
[46 97 0],10,3,13,0
[46 97 2],3,3,6,0
[46 98 0],10,0,10,0
[46 98 2],7,0,7,0
[46 98 14],1,0,1,0
[47 0 2],4,0,4,0
[47 0 4],3,0,3,0
[47 1 4],1,0,1,0
[47 1 5],2,0,2,0
[47 1 7],5,0,5,0
[47 2 4],9,1,10,0
[47 2 20],1,0,1,0
[47 4 1],1,0,1,0
[47 8 2],3,1,4,0
[47 8 3],1,0,1,0
[47 8 4],2,0,2,0
[47 8 6],1,0,1,0
[47 9 2],1,0,1,0
[47 9 6],1,0,1,0
[47 9 11],1,0,1,0
[47 11 4],2,0,2,0
[47 17 2],2,1,3,0
[47 24 2],1,0,1,0
[47 34 1],1,0,1,0
[47 47 8],1,1,2,0
[47 48 4],1,0,1,0
[47 55 4],1,0,1,0
[47 56 13],1,0,1,0
[47 59 0],2,0,2,0
[47 59 1],2,0,2,0
[47 83 3],1,0,1,0
[47 97 0],7,1,8,0
[47 97 1],1,0,1,0
[47 97 2],9,2,11,0
[47 97 8],2,0,2,0
[47 97 9],2,0,2,0
[48 0 3],3,1,4,0
[48 0 13],1,1,2,0
[48 1 5],2,0,2,0
[48 1 7],1,1,2,0
[48 2 1],2,2,4,0
[48 2 4],15,3,18,0
[48 2 6],2,1,3,0
[48 3 1],1,0,1,0
[48 3 4],1,0,1,0
[48 4 3],1,0,1,0
[48 4 6],1,0,1,0
[48 4 8],1,0,1,0
[48 4 10],1,0,1,0
[48 8 6],1,0,1,0
[48 9 1],2,0,2,0
[48 9 3],1,0,1,0
[48 9 8],1,0,1,0
[48 11 1],3,0,3,0
[48 11 3],1,0,1,0
[48 11 4],2,1,3,0
[48 11 5],1,0,1,0
[48 11 6],1,0,1,0
[48 11 8],1,0,1,0
[48 12 11],1,0,1,0
[48 14 1],1,0,1,0
[48 14 5],2,0,2,0
[48 14 6],2,0,2,0
[48 15 0],1,0,1,0
[48 15 10],1,0,1,0
[48 17 9],1,0,1,0
[48 17 10],1,0,1,0
[48 18 1],1,0,1,0
[48 18 3],1,0,1,0
[48 18 8],1,0,1,0
[48 24 11],1,0,1,0
[48 25 7],1,0,1,0
[48 32 1],2,1,3,0
[48 32 3],2,1,3,0
[48 32 18],1,0,1,0
[48 34 4],1,0,1,0
[48 41 3],1,0,1,0
[48 42 0],6,1,7,0
[48 47 3],1,0,1,0
[48 48 1],1,0,1,0
[48 48 3],1,0,1,0
[48 59 6],1,0,1,0
[48 61 1],1,0,1,0
[48 68 3],1,0,1,0
[48 68 13],1,0,1,0
[48 78 9],1,0,1,0
[48 83 6],1,0,1,0
[48 86 3],1,0,1,0
[48 87 3],1,0,1,0
[48 94 12],1,0,1,0
[48 97 0],6,0,6,0
[48 97 1],4,0,4,0
[48 97 2],1,1,2,0
[48 97 3],1,0,1,0
[48 97 6],1,0,1,0
[48 97 8],3,0,3,0
[48 97 10],1,0,1,0
[48 97 13],1,0,1,0
[49 0 0],1,0,1,0
[49 0 1],3,0,3,0
[49 0 2],1,0,1,0
[49 0 4],2,0,2,0
[49 0 11],2,0,2,0
[49 0 13],1,0,1,0
[49 2 4],1,0,1,0
[49 5 0],20,9,29,0
[49 5 14],2,0,2,0
[49 6 4],1,0,1,0
[49 7 6],1,0,1,0
[49 8 3],1,0,1,0
[49 13 7],1,0,1,0
[49 20 1],1,1,2,0
[49 20 3],1,0,1,0
[49 20 11],1,0,1,0
[49 20 13],2,0,2,0
[49 23 3],1,0,1,0
[49 26 1],1,0,1,0
[49 26 2],1,0,1,0
[49 26 5],1,0,1,0
[49 26 6],1,0,1,0
[49 28 0],1,1,2,0
[49 28 1],2,1,3,0
[49 28 3],1,0,1,0
[49 28 6],1,1,2,0
[49 28 8],1,0,1,0
[49 28 11],1,0,1,0
[49 29 0],19,7,26,0
[49 30 9],1,0,1,0
[49 31 0],1,0,1,0
[49 35 1],1,0,1,0
[49 38 4],1,0,1,0
[49 40 1],1,0,1,0
[49 40 6],1,1,2,0
[49 49 1],5,2,7,0
[49 49 11],4,0,4,0
[49 49 13],5,0,5,0
[49 52 2],1,0,1,0
[49 54 0],2,0,2,0
[49 55 0],1,0,1,0
[49 57 0],1,0,1,0
[49 57 2],1,0,1,0
[49 57 9],10,1,11,0
[49 64 4],1,0,1,0
[49 64 6],1,0,1,0
[49 71 1],2,0,2,0
[49 71 8],1,0,1,0
[49 73 1],1,0,1,0
[49 80 3],1,0,1,0
[49 80 7],3,0,3,0
[49 84 1],2,0,2,0
[49 84 6],1,0,1,0
[49 84 13],1,0,1,0
[49 95 11],1,0,1,0
[49 96 16],1,0,1,0
[50 0 2],1,0,1,0
[50 0 4],1,0,1,0
[50 0 8],1,0,1,0
[50 1 5],4,1,5,0
[50 1 7],6,1,7,0
[50 1 9],7,1,8,0
[50 1 12],2,0,2,0
[50 2 2],1,0,1,0
[50 2 4],3,1,4,0
[50 3 1],1,0,1,0
[50 3 2],1,0,1,0
[50 3 3],2,1,3,0
[50 3 6],1,0,1,0
[50 8 3],1,0,1,0
[50 8 6],1,0,1,0
[50 15 0],2,0,2,0
[50 15 2],1,0,1,0
[50 15 4],1,0,1,0
[50 15 8],1,0,1,0
[50 17 0],5,1,6,0
[50 42 4],2,1,3,0
[50 50 1],3,0,3,0
[50 50 3],3,0,3,0
[50 50 8],1,0,1,0
[50 89 3],1,0,1,0
[50 94 13],1,0,1,0
[50 97 0],14,2,16,0
[50 97 2],1,1,2,0
[50 97 6],1,0,1,0
[51 0 3],8,5,13,0
[51 0 5],5,6,11,0
[51 0 7],1,1,2,0
[51 0 10],1,0,1,0
[51 5 1],5,2,7,0
[51 5 3],10,4,14,0
[51 5 6],3,1,4,0
[51 5 10],1,1,2,0
[51 5 11],1,0,1,0
[51 7 1],1,2,3,0
[51 7 3],2,0,2,0
[51 7 6],2,0,2,0
[51 10 1],1,0,1,0
[51 15 4],1,0,1,0
[51 20 1],1,0,1,0
[51 20 3],1,0,1,0
[51 20 8],1,0,1,0
[51 28 6],1,0,1,0
[51 38 1],3,0,3,0
[51 38 8],1,0,1,0
[51 38 11],1,0,1,0
[51 51 1],1,1,2,0
[51 51 8],1,0,1,0
[51 55 6],1,0,1,0
[51 61 3],1,0,1,0
[51 61 7],1,0,1,0
[51 65 5],1,0,1,0
[51 65 7],1,0,1,0
[51 65 12],1,0,1,0
[51 74 3],1,0,1,0
[51 97 0],1,0,1,0
[51 97 2],1,0,1,0
[52 0 1],3,2,5,0
[52 0 3],1,0,1,0
[52 0 4],5,2,7,0
[52 0 6],3,1,4,0
[52 0 8],2,1,3,0
[52 0 10],1,0,1,0
[52 5 0],54,11,65,0
[52 5 2],2,0,2,0
[52 5 14],2,0,2,0
[52 6 0],1,0,1,0
[52 6 1],1,0,1,0
[52 7 1],1,0,1,0
[52 8 9],1,0,1,0
[52 10 1],4,0,4,0
[52 10 3],1,0,1,0
[52 10 4],1,0,1,0
[52 10 5],1,0,1,0
[52 20 1],3,0,3,0
[52 20 4],1,1,2,0
[52 20 6],1,0,1,0
[52 23 0],4,1,5,0
[52 23 1],4,1,5,0
[52 23 2],1,0,1,0
[52 23 3],2,0,2,0
[52 23 4],2,0,2,0
[52 23 6],2,0,2,0
[52 23 8],1,1,2,0
[52 23 11],1,0,1,0
[52 23 13],1,0,1,0
[52 23 14],1,0,1,0
[52 24 1],1,0,1,0
[52 24 3],1,0,1,0
[52 24 11],1,0,1,0
[52 28 1],2,1,3,0
[52 28 3],1,0,1,0
[52 28 6],1,1,2,0
[52 29 0],10,8,18,0
[52 30 1],1,0,1,0
[52 30 14],1,0,1,0
[52 30 17],1,0,1,0
[52 31 0],8,2,10,0
[52 31 2],1,0,1,0
[52 32 8],1,0,1,0
[52 35 1],1,1,2,0
[52 35 4],1,0,1,0
[52 37 6],1,0,1,0
[52 38 6],1,0,1,0
[52 49 1],1,0,1,0
[52 49 6],1,0,1,0
[52 49 7],1,0,1,0
[52 49 13],1,0,1,0
[52 52 6],1,0,1,0
[52 52 8],2,0,2,0
[52 52 10],1,0,1,0
[52 53 0],2,0,2,0
[52 53 9],1,0,1,0
[52 54 0],1,2,3,0
[52 54 7],1,0,1,0
[52 57 9],2,0,2,0
[52 61 1],2,0,2,0
[52 61 3],1,0,1,0
[52 61 11],1,0,1,0
[52 63 1],1,0,1,0
[52 64 1],1,0,1,0
[52 64 3],1,0,1,0
[52 65 2],1,0,1,0
[52 66 0],1,0,1,0
[52 66 1],1,0,1,0
[52 67 1],1,1,2,0
[52 71 1],1,1,2,0
[52 71 2],1,0,1,0
[52 71 3],1,0,1,0
[52 74 1],2,0,2,0
[52 74 6],2,0,2,0
[52 78 1],1,0,1,0
[52 81 1],1,0,1,0
[52 97 0],3,0,3,0
[53 0 1],1,0,1,0
[53 0 3],1,0,1,0
[53 0 6],1,0,1,0
[53 0 10],1,0,1,0
[53 5 1],1,0,1,0
[53 7 6],1,0,1,0
[53 11 3],1,0,1,0
[53 26 2],1,0,1,0
[53 26 6],1,0,1,0
[53 30 9],2,1,3,0
[53 31 0],7,2,9,0
[53 31 6],1,0,1,0
[53 31 9],19,4,23,0
[53 35 1],1,0,1,0
[53 37 1],2,1,3,0
[53 53 1],1,0,1,0
[53 54 1],1,0,1,0
[53 67 11],3,0,3,0
[53 75 6],1,0,1,0
[53 82 2],1,0,1,0
[53 82 13],1,0,1,0
[53 84 6],1,0,1,0
[53 90 5],5,2,7,0
[53 90 7],6,1,7,0
[53 90 12],2,0,2,0
[53 90 13],1,0,1,0
[54 0 1],2,2,4,0
[54 0 3],2,2,4,0
[54 3 0],1,0,1,0
[54 5 0],1,0,1,0
[54 7 3],1,0,1,0
[54 7 6],1,0,1,0
[54 7 13],1,1,2,0
[54 20 1],1,0,1,0
[54 20 2],1,2,3,0
[54 20 11],1,0,1,0
[54 24 3],1,0,1,0
[54 25 0],1,0,1,0
[54 28 5],1,0,1,0
[54 29 5],1,0,1,0
[54 29 10],1,0,1,0
[54 29 13],1,0,1,0
[54 30 9],1,0,1,0
[54 37 2],1,0,1,0
[54 39 2],1,0,1,0
[54 40 2],2,0,2,0
[54 40 10],1,0,1,0
[54 52 5],1,0,1,0
[54 53 5],1,0,1,0
[54 54 7],1,0,1,0
[54 61 5],1,0,1,0
[54 61 6],1,0,1,0
[54 61 8],1,0,1,0
[54 63 2],1,0,1,0
[54 67 12],1,0,1,0
[54 73 2],1,0,1,0
[54 74 5],1,0,1,0
[54 74 7],1,0,1,0
[54 74 12],1,0,1,0
[54 75 9],1,1,2,0
[55 0 0],2,0,2,0
[55 0 1],3,1,4,0
[55 0 3],4,2,6,0
[55 0 4],1,0,1,0
[55 0 6],2,1,3,0
[55 0 8],1,0,1,0
[55 0 11],1,0,1,0
[55 0 13],1,0,1,0
[55 2 1],1,0,1,0
[55 2 4],2,0,2,0
[55 3 1],1,0,1,0
[55 5 0],11,1,12,0
[55 5 2],1,0,1,0
[55 5 5],1,3,4,0
[55 5 14],1,0,1,0
[55 7 0],1,0,1,0
[55 7 1],1,0,1,0
[55 7 5],1,2,3,0
[55 7 6],1,0,1,0
[55 8 4],1,0,1,0
[55 10 1],1,0,1,0
[55 10 6],1,0,1,0
[55 10 13],1,0,1,0
[55 11 1],1,0,1,0
[55 11 4],1,0,1,0
[55 12 0],1,0,1,0
[55 12 1],1,0,1,0
[55 15 2],1,0,1,0
[55 17 3],1,0,1,0
[55 17 8],1,0,1,0
[55 18 0],6,0,6,0
[55 18 3],6,0,6,0
[55 20 3],1,0,1,0
[55 21 2],1,0,1,0
[55 22 5],1,0,1,0
[55 24 1],1,0,1,0
[55 25 19],2,0,2,0
[55 26 8],2,0,2,0
[55 26 17],1,0,1,0
[55 28 5],1,0,1,0
[55 29 0],2,5,7,0
[55 29 5],1,0,1,0
[55 30 0],1,0,1,0
[55 30 6],1,0,1,0
[55 30 10],1,0,1,0
[55 31 0],7,2,9,0
[55 31 6],1,0,1,0
[55 31 14],1,0,1,0
[55 32 11],1,0,1,0
[55 35 2],1,0,1,0
[55 37 0],1,0,1,0
[55 38 1],1,0,1,0
[55 38 6],1,0,1,0
[55 40 0],1,0,1,0
[55 40 6],1,0,1,0
[55 40 10],1,0,1,0
[55 45 5],1,0,1,0
[55 49 5],1,0,1,0
[55 51 14],1,0,1,0
[55 53 1],1,0,1,0
[55 54 0],6,2,8,0
[55 54 5],1,0,1,0
[55 55 0],2,0,2,0
[55 55 1],4,3,7,0
[55 55 2],1,1,2,0
[55 55 5],1,1,2,0
[55 55 8],1,0,1,0
[55 55 10],1,0,1,0
[55 55 14],1,1,2,0
[55 56 9],1,0,1,0
[55 57 11],1,0,1,0
[55 59 0],1,0,1,0
[55 59 11],1,0,1,0
[55 66 1],1,0,1,0
[55 66 6],1,0,1,0
[55 66 19],1,0,1,0
[55 73 1],1,0,1,0
[55 73 5],1,0,1,0
[55 75 17],1,0,1,0
[55 76 0],2,0,2,0
[55 76 2],1,0,1,0
[55 76 9],1,0,1,0
[55 78 13],1,0,1,0
[55 86 1],1,0,1,0
[55 91 3],1,0,1,0
[55 97 0],6,2,8,0
[55 97 2],2,0,2,0
[55 97 6],1,0,1,0
[55 97 10],1,0,1,0
[55 97 14],1,0,1,0
[56 0 1],3,1,4,0
[56 0 3],4,0,4,0
[56 0 4],1,0,1,0
[56 0 11],1,0,1,0
[56 1 5],5,1,6,0
[56 1 7],4,0,4,0
[56 1 12],1,0,1,0
[56 2 1],1,0,1,0
[56 2 4],8,1,9,0
[56 2 5],1,0,1,0
[56 2 6],1,0,1,0
[56 2 7],1,0,1,0
[56 2 8],1,0,1,0
[56 2 10],1,0,1,0
[56 2 11],1,0,1,0
[56 2 13],1,0,1,0
[56 2 20],1,0,1,0
[56 3 3],2,0,2,0
[56 3 4],3,0,3,0
[56 3 8],1,0,1,0
[56 4 1],1,0,1,0
[56 4 3],8,2,10,0
[56 4 6],1,0,1,0
[56 4 8],2,0,2,0
[56 4 11],2,0,2,0
[56 5 1],1,0,1,0
[56 8 1],1,0,1,0
[56 8 3],8,2,10,0
[56 8 4],7,2,9,0
[56 8 6],1,1,2,0
[56 8 8],3,0,3,0
[56 8 13],1,1,2,0
[56 11 1],1,0,1,0
[56 11 3],1,1,2,0
[56 11 5],1,0,1,0
[56 11 6],1,0,1,0
[56 12 3],1,0,1,0
[56 12 8],1,0,1,0
[56 17 0],10,3,13,0
[56 17 8],1,0,1,0
[56 18 3],2,1,3,0
[56 18 4],1,0,1,0
[56 18 13],1,0,1,0
[56 24 3],1,0,1,0
[56 34 4],1,0,1,0
[56 47 5],1,0,1,0
[56 50 4],1,0,1,0
[56 56 3],1,1,2,0
[56 56 4],1,1,2,0
[56 56 6],1,1,2,0
[56 56 11],1,0,1,0
[56 83 11],1,0,1,0
[56 91 3],1,0,1,0
[56 97 0],23,11,34,0
[56 97 1],2,1,3,0
[56 97 2],3,0,3,0
[56 97 6],2,0,2,0
[57 0 0],3,2,5,0
[57 0 2],2,0,2,0
[57 0 11],1,0,1,0
[57 5 0],5,2,7,0
[57 5 2],1,1,2,0
[57 5 6],1,0,1,0
[57 9 4],1,0,1,0
[57 15 2],1,0,1,0
[57 16 0],1,0,1,0
[57 16 2],2,0,2,0
[57 18 0],1,0,1,0
[57 22 0],1,1,2,0
[57 22 5],1,0,1,0
[57 29 0],1,0,1,0
[57 30 0],1,0,1,0
[57 31 0],1,0,1,0
[57 32 0],1,0,1,0
[57 32 2],1,0,1,0
[57 46 2],1,0,1,0
[57 49 0],1,1,2,0
[57 63 9],1,0,1,0
[57 71 0],2,0,2,0
[57 79 0],1,0,1,0
[57 81 0],1,0,1,0
[57 84 4],1,0,1,0
[57 96 0],2,1,3,0
[57 96 1],1,0,1,0
[57 96 6],1,0,1,0
[57 96 10],1,0,1,0
[57 97 0],1,0,1,0
[57 97 2],1,0,1,0
[58 0 0],25,11,36,0
[58 0 3],1,0,1,0
[58 5 5],2,0,2,0
[58 6 2],1,0,1,0
[58 6 5],6,1,7,0
[58 6 7],10,4,14,0
[58 6 12],3,2,5,0
[58 26 1],1,0,1,0
[58 26 11],1,0,1,0
[58 33 2],3,1,4,0
[58 79 11],1,0,1,0
[59 0 1],1,1,2,0
[59 0 3],1,1,2,0
[59 0 4],1,0,1,0
[59 0 6],1,0,1,0
[59 0 11],1,0,1,0
[59 1 5],3,1,4,0
[59 2 0],1,0,1,0
[59 2 1],2,0,2,0
[59 2 2],2,0,2,0
[59 2 4],7,2,9,0
[59 2 15],1,0,1,0
[59 4 3],6,0,6,0
[59 4 4],1,0,1,0
[59 4 6],1,0,1,0
[59 4 10],1,0,1,0
[59 4 13],1,1,2,0
[59 5 14],1,0,1,0
[59 8 1],1,0,1,0
[59 8 2],1,0,1,0
[59 8 4],1,0,1,0
[59 8 10],1,0,1,0
[59 8 13],1,0,1,0
[59 9 1],2,0,2,0
[59 9 2],1,0,1,0
[59 11 1],1,0,1,0
[59 11 3],2,0,2,0
[59 11 4],2,0,2,0
[59 11 6],1,0,1,0
[59 11 11],1,0,1,0
[59 14 4],2,1,3,0
[59 15 0],3,0,3,0
[59 15 2],1,0,1,0
[59 15 9],5,0,5,0
[59 17 0],2,0,2,0
[59 17 1],2,1,3,0
[59 17 10],1,0,1,0
[59 18 4],1,0,1,0
[59 24 1],1,0,1,0
[59 24 3],1,0,1,0
[59 24 4],1,0,1,0
[59 25 1],1,0,1,0
[59 34 4],1,0,1,0
[59 45 1],1,0,1,0
[59 47 1],1,0,1,0
[59 48 1],1,0,1,0
[59 48 8],1,0,1,0
[59 51 3],1,0,1,0
[59 55 3],1,0,1,0
[59 56 2],1,1,2,0
[59 56 3],1,0,1,0
[59 59 6],1,0,1,0
[59 59 11],1,1,2,0
[59 59 13],1,0,1,0
[59 60 13],1,0,1,0
[59 67 1],1,0,1,0
[59 72 4],1,0,1,0
[59 82 8],1,0,1,0
[59 91 1],1,0,1,0
[59 91 3],1,0,1,0
[59 91 6],2,0,2,0
[59 91 10],1,0,1,0
[59 97 0],15,3,18,0
[59 97 1],5,1,6,0
[59 97 2],3,0,3,0
[59 97 4],1,0,1,0
[59 97 9],4,0,4,0
[60 0 0],22,4,26,0
[60 0 6],2,0,2,0
[60 6 7],3,0,3,0
[60 6 12],2,0,2,0
[60 7 0],1,0,1,0
[60 13 6],1,0,1,0
[60 19 7],1,1,2,0
[60 22 5],1,0,1,0
[60 22 6],1,0,1,0
[60 27 2],1,0,1,0
[60 33 2],3,0,3,0
[60 46 2],1,0,1,0
[60 46 6],2,0,2,0
[60 65 1],1,0,1,0
[61 0 0],4,1,5,0
[61 0 1],2,0,2,0
[61 0 2],1,0,1,0
[61 0 3],2,0,2,0
[61 0 4],1,0,1,0
[61 0 6],2,0,2,0
[61 0 7],1,0,1,0
[61 0 8],1,0,1,0
[61 0 11],1,0,1,0
[61 0 13],1,0,1,0
[61 1 7],1,0,1,0
[61 2 6],1,0,1,0
[61 5 0],3,0,3,0
[61 5 1],1,0,1,0
[61 5 6],1,1,2,0
[61 5 14],2,0,2,0
[61 6 0],1,0,1,0
[61 7 0],4,5,9,0
[61 7 6],1,0,1,0
[61 7 14],1,0,1,0
[61 12 4],1,0,1,0
[61 15 9],1,0,1,0
[61 18 0],1,0,1,0
[61 20 4],2,2,4,0
[61 23 8],1,0,1,0
[61 23 18],1,0,1,0
[61 24 1],1,0,1,0
[61 29 0],2,0,2,0
[61 29 6],1,0,1,0
[61 29 14],1,0,1,0
[61 30 9],1,0,1,0
[61 32 0],3,0,3,0
[61 32 5],1,0,1,0
[61 32 8],1,0,1,0
[61 32 14],1,0,1,0
[61 35 5],1,0,1,0
[61 40 0],3,0,3,0
[61 41 1],1,0,1,0
[61 41 6],1,0,1,0
[61 41 18],1,0,1,0
[61 49 4],1,0,1,0
[61 51 0],5,0,5,0
[61 51 4],1,0,1,0
[61 51 6],1,0,1,0
[61 52 4],2,0,2,0
[61 52 8],1,0,1,0
[61 52 13],1,0,1,0
[61 53 0],3,0,3,0
[61 53 9],3,0,3,0
[61 54 0],2,0,2,0
[61 54 8],1,0,1,0
[61 56 3],1,0,1,0
[61 61 1],5,0,5,0
[61 61 2],1,0,1,0
[61 61 4],1,0,1,0
[61 61 8],2,0,2,0
[61 65 0],1,0,1,0
[61 65 1],1,0,1,0
[61 65 6],1,0,1,0
[61 74 4],1,0,1,0
[61 75 17],1,0,1,0
[61 89 5],1,0,1,0
[61 89 8],1,0,1,0
[61 93 0],1,0,1,0
[61 93 9],1,0,1,0
[61 97 0],6,0,6,0
[61 97 6],1,0,1,0
[61 99 9],1,0,1,0
[62 0 0],47,15,62,0
[62 0 1],1,0,1,0
[62 0 4],2,0,2,0
[62 0 6],2,0,2,0
[62 1 7],1,0,1,0
[62 5 0],6,0,6,0
[62 6 0],2,0,2,0
[62 6 2],1,2,3,0
[62 13 7],1,0,1,0
[62 13 12],1,0,1,0
[62 20 1],1,0,1,0
[62 28 0],1,0,1,0
[62 32 0],1,0,1,0
[62 36 3],1,0,1,0
[62 36 5],2,0,2,0
[62 36 6],1,0,1,0
[62 96 0],9,1,10,0
[63 0 1],1,0,1,0
[63 0 4],2,0,2,0
[63 0 6],1,1,2,0
[63 0 8],1,0,1,0
[63 0 10],1,1,2,0
[63 3 9],1,0,1,0
[63 5 0],34,13,47,0
[63 5 2],3,0,3,0
[63 5 14],3,0,3,0
[63 10 1],1,0,1,0
[63 10 6],1,0,1,0
[63 23 0],2,2,4,0
[63 23 1],3,0,3,0
[63 23 6],1,0,1,0
[63 23 10],1,0,1,0
[63 23 13],1,0,1,0
[63 23 14],1,0,1,0
[63 31 0],10,4,14,0
[63 31 14],2,0,2,0
[63 37 0],3,0,3,0
[63 37 5],1,0,1,0
[63 51 6],1,0,1,0
[63 53 1],1,0,1,0
[63 54 0],5,1,6,0
[63 55 6],2,0,2,0
[63 57 9],1,0,1,0
[63 63 1],5,0,5,0
[63 63 6],1,0,1,0
[63 63 9],1,1,2,0
[63 63 19],1,0,1,0
[63 66 10],1,0,1,0
[63 67 1],1,0,1,0
[63 71 3],1,0,1,0
[63 73 6],2,0,2,0
[63 74 7],1,0,1,0
[64 0 0],2,0,2,0
[64 0 1],2,0,2,0
[64 0 6],1,0,1,0
[64 5 0],7,1,8,0
[64 5 12],1,0,1,0
[64 10 1],1,0,1,0
[64 10 8],1,0,1,0
[64 20 3],1,0,1,0
[64 20 8],1,0,1,0
[64 20 12],1,0,1,0
[64 28 6],1,1,2,0
[64 29 0],18,2,20,0
[64 29 1],1,0,1,0
[64 29 2],2,0,2,0
[64 29 5],2,0,2,0
[64 29 7],1,0,1,0
[64 29 14],1,0,1,0
[64 31 0],1,0,1,0
[64 31 7],1,0,1,0
[64 35 8],1,0,1,0
[64 38 1],1,0,1,0
[64 55 0],1,0,1,0
[64 57 5],1,0,1,0
[64 71 2],2,0,2,0
[64 71 3],1,0,1,0
[65 0 1],3,0,3,0
[65 0 3],5,5,10,0
[65 0 5],3,0,3,0
[65 0 10],1,1,2,0
[65 0 11],1,0,1,0
[65 7 0],9,4,13,0
[65 7 14],1,0,1,0
[65 22 12],1,0,1,0
[65 30 2],1,0,1,0
[65 32 0],1,0,1,0
[65 38 11],1,0,1,0
[65 40 0],29,12,41,0
[65 40 2],4,0,4,0
[65 40 7],1,0,1,0
[65 40 14],3,1,4,0
[65 51 0],47,21,68,0
[65 51 1],1,0,1,0
[65 51 2],1,0,1,0
[65 61 6],1,0,1,0
[65 65 0],1,0,1,0
[65 65 1],5,3,8,0
[65 65 2],1,0,1,0
[65 65 3],1,0,1,0
[65 65 4],1,1,2,0
[65 65 6],2,0,2,0
[65 65 8],2,2,4,0
[65 86 0],1,0,1,0
[66 0 1],3,0,3,0
[66 0 3],1,0,1,0
[66 0 4],4,1,5,0
[66 0 5],1,0,1,0
[66 0 6],3,0,3,0
[66 0 7],2,0,2,0
[66 0 10],3,0,3,0
[66 0 13],1,0,1,0
[66 5 0],12,3,15,0
[66 6 13],1,0,1,0
[66 10 6],2,0,2,0
[66 13 7],1,0,1,0
[66 23 0],18,5,23,0
[66 23 2],1,0,1,0
[66 23 6],2,0,2,0
[66 23 8],1,0,1,0
[66 23 9],1,0,1,0
[66 23 14],1,0,1,0
[66 31 0],2,1,3,0
[66 35 1],1,0,1,0
[66 35 6],1,0,1,0
[66 35 13],1,0,1,0
[66 52 1],2,0,2,0
[66 55 0],1,0,1,0
[66 55 2],1,0,1,0
[66 55 9],7,2,9,0
[66 55 14],1,0,1,0
[66 57 9],2,0,2,0
[66 66 0],2,0,2,0
[66 66 5],7,0,7,0
[66 66 6],4,0,4,0
[66 66 8],1,0,1,0
[66 66 10],6,0,6,0
[67 0 1],2,1,3,0
[67 0 3],3,0,3,0
[67 0 10],2,0,2,0
[67 0 13],1,0,1,0
[67 1 5],1,0,1,0
[67 2 4],1,0,1,0
[67 4 3],1,0,1,0
[67 5 0],12,3,15,0
[67 5 1],1,0,1,0
[67 5 5],1,0,1,0
[67 5 7],1,0,1,0
[67 5 14],3,1,4,0
[67 12 9],1,0,1,0
[67 17 2],1,0,1,0
[67 18 0],3,0,3,0
[67 21 2],2,0,2,0
[67 21 4],1,0,1,0
[67 22 10],1,0,1,0
[67 24 0],15,0,15,0
[67 24 4],1,0,1,0
[67 31 0],3,0,3,0
[67 31 9],1,0,1,0
[67 31 14],1,0,1,0
[67 41 19],1,0,1,0
[67 43 0],1,0,1,0
[67 53 7],1,0,1,0
[67 53 13],3,0,3,0
[67 54 0],2,0,2,0
[67 54 4],1,0,1,0
[67 54 5],2,0,2,0
[67 54 14],1,0,1,0
[67 59 0],1,0,1,0
[67 59 6],1,0,1,0
[67 61 2],1,0,1,0
[67 63 1],1,0,1,0
[67 67 1],4,0,4,0
[67 75 0],2,0,2,0
[67 75 2],1,0,1,0
[67 75 6],1,0,1,0
[67 82 1],1,0,1,0
[67 82 8],1,0,1,0
[67 82 11],1,0,1,0
[67 93 1],1,0,1,0
[67 97 0],2,0,2,0
[67 97 2],1,0,1,0
[68 0 1],4,0,4,0
[68 0 3],3,0,3,0
[68 0 5],3,0,3,0
[68 0 6],2,0,2,0
[68 0 7],2,0,2,0
[68 0 8],1,0,1,0
[68 0 12],1,0,1,0
[68 1 5],2,1,3,0
[68 2 4],3,0,3,0
[68 5 0],1,0,1,0
[68 8 4],2,0,2,0
[68 8 8],1,0,1,0
[68 11 1],1,0,1,0
[68 11 4],1,0,1,0
[68 11 5],1,0,1,0
[68 11 8],1,0,1,0
[68 15 0],3,1,4,0
[68 15 2],1,1,2,0
[68 15 14],1,0,1,0
[68 17 0],2,0,2,0
[68 25 4],1,0,1,0
[68 54 0],1,0,1,0
[68 68 2],1,0,1,0
[68 68 3],5,0,5,0
[68 68 4],3,0,3,0
[68 68 6],2,0,2,0
[68 68 8],3,0,3,0
[68 68 10],2,0,2,0
[68 68 11],2,0,2,0
[68 68 13],2,0,2,0
[68 70 0],1,0,1,0
[68 85 0],1,0,1,0
[68 97 0],5,3,8,0
[69 0 2],16,3,19,0
[69 0 3],2,0,2,0
[69 0 4],1,0,1,0
[69 0 6],1,1,2,0
[69 0 10],1,0,1,0
[69 1 5],4,0,4,0
[69 1 6],1,0,1,0
[69 1 7],3,1,4,0
[69 1 9],33,7,40,0
[69 1 12],3,0,3,0
[69 1 16],4,1,5,0
[69 2 2],2,0,2,0
[69 2 6],1,0,1,0
[69 6 2],5,0,5,0
[69 11 4],1,0,1,0
[69 12 2],3,0,3,0
[69 14 2],1,0,1,0
[69 14 4],1,0,1,0
[69 15 0],1,0,1,0
[69 15 2],3,0,3,0
[69 15 9],1,0,1,0
[69 41 2],1,0,1,0
[69 42 4],1,1,2,0
[69 62 2],1,0,1,0
[69 69 1],1,1,2,0
[69 69 2],1,0,1,0
[69 69 4],1,0,1,0
[69 69 7],2,0,2,0
[69 69 8],1,0,1,0
[69 69 10],4,0,4,0
[69 69 13],2,0,2,0
[69 70 0],3,2,5,0
[69 70 2],3,2,5,0
[69 79 2],1,0,1,0
[70 0 5],5,0,5,0
[70 0 12],2,0,2,0
[70 1 5],6,0,6,0
[70 1 7],5,1,6,0
[70 1 12],2,0,2,0
[70 7 5],1,0,1,0
[70 11 10],1,0,1,0
[70 12 4],2,0,2,0
[70 22 5],4,1,5,0
[70 22 12],2,0,2,0
[70 32 4],1,0,1,0
[70 43 7],1,0,1,0
[70 69 5],3,0,3,0
[70 69 7],2,0,2,0
[70 70 12],1,0,1,0
[70 97 0],1,0,1,0
[71 0 1],1,0,1,0
[71 0 3],1,0,1,0
[71 0 4],1,0,1,0
[71 5 0],6,3,9,0
[71 5 5],2,0,2,0
[71 5 7],1,0,1,0
[71 7 3],1,0,1,0
[71 20 1],5,2,7,0
[71 20 4],14,2,16,0
[71 20 5],6,2,8,0
[71 20 6],2,1,3,0
[71 20 7],7,1,8,0
[71 23 1],1,0,1,0
[71 26 6],1,0,1,0
[71 28 0],4,3,7,0
[71 28 1],4,0,4,0
[71 28 4],1,0,1,0
[71 28 5],1,0,1,0
[71 28 6],2,0,2,0
[71 28 8],1,1,2,0
[71 28 9],1,1,2,0
[71 29 0],30,8,38,0
[71 29 2],1,0,1,0
[71 29 5],3,2,5,0
[71 29 14],1,0,1,0
[71 38 7],1,0,1,0
[71 49 1],2,0,2,0
[71 52 1],1,0,1,0
[71 64 1],1,0,1,0
[71 64 4],3,0,3,0
[71 64 7],1,1,2,0
[71 71 1],1,0,1,0
[71 71 2],1,0,1,0
[71 71 3],1,0,1,0
[71 81 1],3,4,7,0
[71 81 2],1,0,1,0
[71 81 6],6,3,9,0
[71 81 10],1,0,1,0
[71 81 11],1,1,2,0
[71 85 8],1,0,1,0
[72 0 1],3,0,3,0
[72 0 3],10,0,10,0
[72 0 4],2,0,2,0
[72 0 8],1,0,1,0
[72 0 11],1,0,1,0
[72 2 4],1,1,2,0
[72 2 9],1,0,1,0
[72 2 14],1,0,1,0
[72 3 9],1,0,1,0
[72 5 0],5,4,9,0
[72 7 6],1,0,1,0
[72 7 10],1,0,1,0
[72 7 13],1,0,1,0
[72 10 9],1,0,1,0
[72 10 17],1,0,1,0
[72 12 6],1,0,1,0
[72 15 1],1,0,1,0
[72 15 10],1,0,1,0
[72 20 0],1,0,1,0
[72 20 1],1,0,1,0
[72 20 3],1,2,3,0
[72 20 11],1,1,2,0
[72 22 4],1,0,1,0
[72 24 4],1,1,2,0
[72 26 3],1,0,1,0
[72 29 0],2,1,3,0
[72 29 1],1,0,1,0
[72 30 0],1,0,1,0
[72 31 0],3,0,3,0
[72 32 5],1,0,1,0
[72 35 9],1,0,1,0
[72 37 1],1,0,1,0
[72 37 3],1,0,1,0
[72 38 1],1,0,1,0
[72 38 8],1,0,1,0
[72 41 3],1,0,1,0
[72 51 8],1,0,1,0
[72 52 1],1,0,1,0
[72 54 0],2,1,3,0
[72 54 14],1,0,1,0
[72 59 3],1,0,1,0
[72 63 9],1,0,1,0
[72 67 9],2,0,2,0
[72 74 9],7,1,8,0
[72 74 17],1,0,1,0
[72 75 3],1,0,1,0
[72 78 0],1,0,1,0
[72 78 2],1,0,1,0
[72 78 8],1,0,1,0
[72 78 9],29,7,36,0
[72 78 17],2,1,3,0
[72 82 1],1,0,1,0
[72 82 11],1,0,1,0
[72 89 6],1,0,1,0
[73 0 1],1,1,2,0
[73 0 8],1,0,1,0
[73 0 10],1,0,1,0
[73 5 0],18,4,22,0
[73 5 1],1,0,1,0
[73 5 6],1,0,1,0
[73 5 14],1,0,1,0
[73 8 4],1,0,1,0
[73 10 1],1,1,2,0
[73 10 6],1,0,1,0
[73 20 4],1,1,2,0
[73 20 5],1,0,1,0
[73 23 4],1,0,1,0
[73 23 8],1,0,1,0
[73 28 3],1,0,1,0
[73 28 4],1,0,1,0
[73 28 5],1,0,1,0
[73 28 12],1,0,1,0
[73 29 0],1,1,2,0
[73 29 5],1,0,1,0
[73 31 0],1,1,2,0
[73 32 0],1,0,1,0
[73 35 2],3,0,3,0
[73 37 6],1,0,1,0
[73 47 5],1,0,1,0
[73 54 0],1,2,3,0
[73 55 0],1,0,1,0
[73 71 6],1,0,1,0
[73 73 2],1,0,1,0
[73 73 7],1,0,1,0
[73 75 9],1,1,2,0
[73 75 17],1,0,1,0
[73 76 1],1,0,1,0
[73 76 3],1,0,1,0
[73 81 6],2,0,2,0
[73 97 0],1,1,2,0
[73 97 1],1,0,1,0
[74 0 1],1,0,1,0
[74 0 3],1,1,2,0
[74 0 4],1,0,1,0
[74 0 6],1,0,1,0
[74 5 0],21,5,26,0
[74 5 2],1,2,3,0
[74 5 14],3,2,5,0
[74 7 8],1,0,1,0
[74 20 1],1,0,1,0
[74 25 1],1,0,1,0
[74 25 6],1,0,1,0
[74 29 0],1,0,1,0
[74 31 0],1,0,1,0
[74 41 1],2,0,2,0
[74 51 6],1,0,1,0
[74 53 2],1,0,1,0
[74 53 3],1,0,1,0
[74 54 0],7,2,9,0
[74 54 2],1,0,1,0
[74 63 2],1,0,1,0
[74 72 19],1,1,2,0
[74 74 1],2,0,2,0
[74 74 3],1,0,1,0
[74 78 4],1,0,1,0
[74 78 7],1,0,1,0
[75 0 3],2,1,3,0
[75 0 11],1,0,1,0
[75 2 4],1,0,1,0
[75 5 1],1,1,2,0
[75 5 5],1,0,1,0
[75 5 13],1,0,1,0
[75 5 14],1,0,1,0
[75 7 13],1,0,1,0
[75 30 1],1,0,1,0
[75 30 5],2,0,2,0
[75 30 7],2,0,2,0
[75 31 1],1,1,2,0
[75 31 3],1,0,1,0
[75 37 1],1,1,2,0
[75 37 6],1,0,1,0
[75 37 13],1,0,1,0
[75 53 6],1,0,1,0
[75 82 3],1,0,1,0
[75 90 11],1,0,1,0
[75 93 8],2,0,2,0
[75 97 1],1,0,1,0
[75 97 2],1,0,1,0
[75 97 8],1,0,1,0
[75 97 14],1,0,1,0
[76 0 1],3,0,3,0
[76 0 6],1,0,1,0
[76 0 8],1,0,1,0
[76 0 11],1,0,1,0
[76 1 5],1,0,1,0
[76 1 7],1,0,1,0
[76 8 4],2,0,2,0
[76 11 4],1,0,1,0
[76 11 6],1,0,1,0
[76 17 0],1,0,1,0
[76 20 5],1,0,1,0
[76 22 5],1,0,1,0
[76 22 12],2,0,2,0
[76 26 3],1,0,1,0
[76 26 6],2,0,2,0
[76 32 1],1,0,1,0
[76 32 6],1,0,1,0
[76 32 8],1,0,1,0
[76 32 13],1,0,1,0
[76 43 3],1,1,2,0
[76 44 4],1,1,2,0
[76 44 6],2,0,2,0
[76 44 8],1,0,1,0
[76 50 1],1,0,1,0
[76 55 1],1,0,1,0
[76 89 19],1,1,2,0
[76 94 4],1,0,1,0
[76 97 0],5,1,6,0
[76 97 2],1,0,1,0
[76 97 6],1,0,1,0
[77 0 0],5,1,6,0
[77 0 1],3,3,6,0
[77 0 5],13,2,15,0
[77 0 7],4,2,6,0
[77 0 12],2,1,3,0
[77 8 0],1,0,1,0
[77 13 6],1,0,1,0
[77 13 7],1,0,1,0
[77 16 1],1,0,1,0
[77 16 7],2,0,2,0
[77 33 2],1,0,1,0
[77 77 6],1,0,1,0
[77 97 0],2,2,4,0
[78 0 3],3,0,3,0
[78 0 4],1,0,1,0
[78 2 1],1,0,1,0
[78 2 4],1,0,1,0
[78 5 0],1,2,3,0
[78 5 1],1,0,1,0
[78 5 2],1,0,1,0
[78 7 10],1,0,1,0
[78 20 0],1,0,1,0
[78 20 3],1,0,1,0
[78 24 6],1,0,1,0
[78 26 3],1,0,1,0
[78 30 0],1,0,1,0
[78 30 9],1,0,1,0
[78 30 10],1,0,1,0
[78 31 0],3,2,5,0
[78 31 14],1,0,1,0
[78 32 1],1,0,1,0
[78 32 13],1,0,1,0
[78 37 0],10,7,17,0
[78 51 3],1,0,1,0
[78 52 1],1,1,2,0
[78 54 0],2,2,4,0
[78 63 7],1,0,1,0
[78 72 5],4,0,4,0
[78 72 7],1,0,1,0
[78 72 19],3,2,5,0
[78 74 2],1,0,1,0
[78 74 3],1,0,1,0
[78 75 0],1,0,1,0
[78 78 0],1,0,1,0
[78 78 3],1,0,1,0
[78 78 6],1,0,1,0
[78 78 17],1,0,1,0
[78 82 1],1,0,1,0
[78 90 13],1,0,1,0
[78 93 1],1,0,1,0
[78 93 4],1,0,1,0
[78 97 0],2,0,2,0
[78 97 14],1,0,1,0
[79 0 1],2,0,2,0
[79 0 2],2,0,2,0
[79 0 4],2,0,2,0
[79 0 5],4,0,4,0
[79 0 6],1,0,1,0
[79 0 7],3,0,3,0
[79 0 12],5,0,5,0
[79 0 13],2,0,2,0
[79 1 5],1,0,1,0
[79 1 12],1,0,1,0
[79 8 0],1,1,2,0
[79 14 4],1,0,1,0
[79 22 5],1,0,1,0
[79 26 1],1,0,1,0
[79 26 4],1,0,1,0
[79 70 0],1,0,1,0
[79 70 2],2,0,2,0
[79 79 1],1,0,1,0
[80 0 8],1,1,2,0
[80 0 13],1,0,1,0
[80 5 0],12,9,21,0
[80 5 14],1,0,1,0
[80 11 0],1,0,1,0
[80 20 5],1,0,1,0
[80 20 8],1,0,1,0
[80 26 2],1,0,1,0
[80 28 6],1,0,1,0
[80 29 0],16,2,18,0
[80 32 0],1,0,1,0
[80 35 1],1,1,2,0
[80 35 6],1,0,1,0
[80 49 2],1,0,1,0
[80 51 0],1,0,1,0
[80 51 8],1,0,1,0
[80 53 0],1,0,1,0
[80 53 9],1,0,1,0
[80 54 0],1,0,1,0
[80 57 9],2,1,3,0
[80 67 3],1,0,1,0
[80 67 9],1,0,1,0
[80 71 3],1,0,1,0
[80 71 4],1,0,1,0
[80 75 0],2,1,3,0
[80 90 7],1,0,1,0
[80 97 0],3,0,3,0
[81 0 3],1,0,1,0
[81 5 0],6,4,10,0
[81 5 2],1,0,1,0
[81 5 14],1,0,1,0
[81 20 1],3,1,4,0
[81 20 4],2,1,3,0
[81 20 5],2,0,2,0
[81 20 8],1,0,1,0
[81 20 10],2,0,2,0
[81 23 1],1,0,1,0
[81 25 10],1,0,1,0
[81 28 1],8,2,10,0
[81 28 4],1,1,2,0
[81 28 6],1,2,3,0
[81 28 8],5,0,5,0
[81 28 13],1,1,2,0
[81 29 0],20,9,29,0
[81 29 2],1,0,1,0
[81 29 14],1,1,2,0
[81 52 1],2,0,2,0
[81 52 8],1,0,1,0
[81 55 1],1,0,1,0
[81 64 1],1,1,2,0
[81 64 3],1,0,1,0
[81 64 4],2,0,2,0
[81 64 6],1,0,1,0
[81 64 8],1,0,1,0
[81 64 10],1,0,1,0
[81 71 0],1,0,1,0
[81 71 1],7,4,11,0
[81 71 2],3,0,3,0
[81 71 4],3,1,4,0
[81 71 6],2,0,2,0
[81 71 7],1,0,1,0
[81 71 10],1,0,1,0
[81 71 13],3,0,3,0
[81 81 1],2,0,2,0
[81 81 13],1,0,1,0
[82 0 1],1,5,6,0
[82 0 3],2,1,3,0
[82 0 6],1,0,1,0
[82 2 1],1,0,1,0
[82 2 4],6,1,7,0
[82 2 6],3,0,3,0
[82 3 1],1,0,1,0
[82 3 8],1,0,1,0
[82 4 6],1,0,1,0
[82 5 3],1,0,1,0
[82 5 5],2,1,3,0
[82 7 1],1,0,1,0
[82 8 1],2,0,2,0
[82 8 3],1,0,1,0
[82 8 4],1,0,1,0
[82 8 8],1,0,1,0
[82 8 11],1,0,1,0
[82 11 3],1,0,1,0
[82 11 5],1,0,1,0
[82 12 1],1,0,1,0
[82 12 3],1,0,1,0
[82 12 4],2,0,2,0
[82 15 0],3,0,3,0
[82 15 1],1,0,1,0
[82 24 1],1,0,1,0
[82 24 8],1,0,1,0
[82 25 6],1,0,1,0
[82 29 1],2,0,2,0
[82 29 5],4,0,4,0
[82 30 4],1,0,1,0
[82 31 5],4,0,4,0
[82 32 3],1,0,1,0
[82 32 4],1,0,1,0
[82 45 5],1,0,1,0
[82 48 6],1,0,1,0
[82 53 5],1,0,1,0
[82 53 11],1,0,1,0
[82 59 1],1,0,1,0
[82 59 8],1,0,1,0
[82 67 13],1,0,1,0
[82 75 1],2,0,2,0
[82 75 8],1,0,1,0
[82 78 8],1,0,1,0
[82 91 3],1,0,1,0
[82 93 8],1,0,1,0
[82 97 0],18,2,20,0
[82 97 10],1,0,1,0
[82 99 8],1,0,1,0
[83 0 1],2,0,2,0
[83 0 3],1,0,1,0
[83 0 4],2,0,2,0
[83 0 6],3,0,3,0
[83 0 11],1,0,1,0
[83 0 13],3,0,3,0
[83 1 5],3,0,3,0
[83 1 7],3,0,3,0
[83 1 12],1,0,1,0
[83 2 4],2,0,2,0
[83 3 0],2,0,2,0
[83 3 3],1,0,1,0
[83 3 4],6,0,6,0
[83 4 4],2,1,3,0
[83 4 6],1,0,1,0
[83 4 13],1,0,1,0
[83 7 6],1,0,1,0
[83 8 0],1,0,1,0
[83 8 1],1,0,1,0
[83 11 3],1,0,1,0
[83 11 4],3,0,3,0
[83 15 0],2,0,2,0
[83 17 0],8,1,9,0
[83 17 9],1,0,1,0
[83 18 3],1,0,1,0
[83 18 6],1,0,1,0
[83 18 11],1,0,1,0
[83 23 8],1,0,1,0
[83 44 5],1,0,1,0
[83 44 7],1,0,1,0
[83 44 11],1,0,1,0
[83 45 7],1,0,1,0
[83 56 6],1,0,1,0
[83 70 0],1,0,1,0
[83 83 1],15,0,15,0
[83 83 6],4,0,4,0
[83 83 8],1,0,1,0
[83 83 11],2,0,2,0
[83 83 13],1,0,1,0
[83 94 4],1,0,1,0
[83 97 0],14,8,22,0
[83 97 2],1,0,1,0
[83 97 6],1,0,1,0
[83 97 14],1,0,1,0
[84 0 0],3,0,3,0
[84 0 4],2,0,2,0
[84 1 12],1,0,1,0
[84 5 0],5,1,6,0
[84 5 1],1,0,1,0
[84 7 1],1,0,1,0
[84 7 6],1,0,1,0
[84 8 0],1,0,1,0
[84 9 4],1,0,1,0
[84 10 1],1,0,1,0
[84 13 6],1,0,1,0
[84 16 2],1,0,1,0
[84 16 10],1,0,1,0
[84 20 0],1,0,1,0
[84 20 5],1,0,1,0
[84 22 5],2,0,2,0
[84 26 6],1,0,1,0
[84 29 0],1,0,1,0
[84 35 6],1,0,1,0
[84 40 0],1,0,1,0
[84 46 6],1,0,1,0
[84 49 0],1,0,1,0
[84 49 6],1,0,1,0
[84 53 6],1,0,1,0
[84 57 9],3,1,4,0
[84 85 11],1,0,1,0
[84 95 6],1,0,1,0
[84 97 0],1,0,1,0
[85 0 1],3,0,3,0
[85 0 2],9,2,11,0
[85 0 3],1,0,1,0
[85 0 4],6,1,7,0
[85 0 6],3,0,3,0
[85 0 8],1,0,1,0
[85 0 13],1,0,1,0
[85 0 14],1,0,1,0
[85 1 9],1,0,1,0
[85 1 12],1,0,1,0
[85 6 0],2,0,2,0
[85 6 2],1,0,1,0
[85 8 4],1,0,1,0
[85 12 17],1,0,1,0
[85 15 0],3,0,3,0
[85 15 2],3,1,4,0
[85 15 4],1,0,1,0
[85 20 4],1,0,1,0
[85 20 11],1,0,1,0
[85 23 2],1,0,1,0
[85 26 9],1,0,1,0
[85 27 2],1,0,1,0
[85 29 0],2,0,2,0
[85 41 1],1,0,1,0
[85 48 4],1,0,1,0
[85 51 1],1,0,1,0
[85 52 8],1,0,1,0
[85 57 9],1,0,1,0
[85 68 5],1,0,1,0
[85 71 1],1,0,1,0
[85 97 0],1,0,1,0
[85 97 2],3,1,4,0
[86 0 1],1,0,1,0
[86 0 4],1,0,1,0
[86 0 11],1,0,1,0
[86 0 13],1,0,1,0
[86 6 9],1,0,1,0
[86 7 0],1,0,1,0
[86 7 2],1,0,1,0
[86 8 5],1,0,1,0
[86 8 9],1,0,1,0
[86 8 17],1,0,1,0
[86 11 1],2,1,3,0
[86 11 18],1,0,1,0
[86 15 0],3,1,4,0
[86 24 0],1,0,1,0
[86 40 0],1,2,3,0
[86 55 1],1,0,1,0
[86 55 8],1,0,1,0
[86 61 1],1,0,1,0
[86 65 0],1,0,1,0
[86 86 1],2,3,5,0
[86 86 10],3,0,3,0
[86 97 0],1,1,2,0
[87 0 1],1,0,1,0
[87 0 4],1,0,1,0
[87 0 6],3,0,3,0
[87 0 8],1,0,1,0
[87 1 7],1,1,2,0
[87 3 4],1,0,1,0
[87 11 1],2,1,3,0
[87 11 4],1,0,1,0
[87 14 4],3,0,3,0
[87 14 5],1,0,1,0
[87 14 6],1,0,1,0
[87 15 0],3,1,4,0
[87 15 2],1,0,1,0
[87 17 4],1,0,1,0
[87 87 1],2,1,3,0
[87 87 3],1,0,1,0
[87 87 4],6,0,6,0
[87 87 5],1,0,1,0
[87 87 6],1,0,1,0
[87 87 11],1,0,1,0
[87 97 0],2,1,3,0
[87 97 9],1,0,1,0
[88 0 0],27,5,32,0
[88 0 6],1,1,2,0
[88 6 0],2,1,3,0
[88 6 4],1,0,1,0
[88 6 7],1,0,1,0
[88 6 14],2,0,2,0
[88 10 7],1,0,1,0
[88 13 5],1,0,1,0
[88 16 2],2,0,2,0
[88 19 5],1,0,1,0
[89 0 1],6,2,8,0
[89 0 3],1,0,1,0
[89 0 6],2,2,4,0
[89 0 8],1,0,1,0
[89 1 5],1,0,1,0
[89 3 3],1,0,1,0
[89 8 1],1,0,1,0
[89 9 0],1,0,1,0
[89 19 6],1,0,1,0
[89 26 6],1,0,1,0
[89 40 3],1,0,1,0
[89 41 1],1,0,1,0
[89 41 8],1,0,1,0
[89 76 0],14,1,15,0
[89 89 0],3,0,3,0
[89 89 1],3,0,3,0
[89 97 0],10,1,11,0
[89 97 2],1,0,1,0
[90 0 3],1,0,1,0
[90 26 1],1,0,1,0
[90 26 11],1,0,1,0
[90 30 5],1,0,1,0
[90 31 0],3,0,3,0
[90 31 2],4,1,5,0
[90 35 13],1,0,1,0
[90 53 0],14,3,17,0
[90 53 1],3,0,3,0
[90 53 2],18,5,23,0
[90 53 3],2,0,2,0
[90 53 11],1,0,1,0
[90 61 2],1,0,1,0
[91 0 6],2,1,3,0
[91 1 5],1,0,1,0
[91 2 4],1,1,2,0
[91 3 4],1,0,1,0
[91 8 1],1,0,1,0
[91 8 4],1,2,3,0
[91 8 6],2,0,2,0
[91 8 8],1,0,1,0
[91 8 13],1,0,1,0
[91 11 5],1,0,1,0
[91 14 7],1,0,1,0
[91 15 0],3,0,3,0
[91 15 1],1,0,1,0
[91 15 2],1,0,1,0
[91 15 6],1,0,1,0
[91 15 9],1,0,1,0
[91 17 1],3,0,3,0
[91 17 8],1,1,2,0
[91 18 3],1,0,1,0
[91 26 1],1,0,1,0
[91 59 1],1,0,1,0
[91 59 6],1,0,1,0
[91 59 10],1,0,1,0
[91 97 0],15,4,19,0
[91 97 1],2,0,2,0
[91 97 2],1,0,1,0
[91 97 4],1,0,1,0
[91 97 6],3,0,3,0
[91 97 8],2,0,2,0
[91 97 11],1,0,1,0
[91 97 14],1,0,1,0
[92 0 0],2,0,2,0
[92 0 1],3,0,3,0
[92 0 2],1,0,1,0
[92 0 3],3,1,4,0
[92 0 5],9,2,11,0
[92 0 6],3,0,3,0
[92 0 7],2,0,2,0
[92 0 12],4,0,4,0
[92 1 7],2,0,2,0
[92 16 5],1,0,1,0
[92 36 2],1,0,1,0
[92 39 1],1,0,1,0
[92 57 9],1,0,1,0
[92 77 6],1,0,1,0
[92 92 1],4,0,4,0
[92 92 6],1,0,1,0
[92 96 5],1,0,1,0
[92 97 0],3,0,3,0
[93 0 3],1,2,3,0
[93 0 10],1,0,1,0
[93 0 11],1,0,1,0
[93 5 1],1,1,2,0
[93 5 18],1,0,1,0
[93 22 5],1,0,1,0
[93 30 5],2,0,2,0
[93 31 1],1,0,1,0
[93 31 3],2,0,2,0
[93 31 5],1,0,1,0
[93 31 11],1,0,1,0
[93 31 12],1,0,1,0
[93 37 5],1,0,1,0
[93 37 7],1,0,1,0
[93 53 3],1,0,1,0
[93 53 4],1,0,1,0
[93 54 11],1,0,1,0
[93 63 3],1,0,1,0
[93 72 11],1,0,1,0
[93 75 1],1,0,1,0
[94 1 5],1,1,2,0
[94 2 1],1,0,1,0
[94 3 2],1,0,1,0
[94 4 4],1,0,1,0
[94 9 4],1,0,1,0
[94 11 8],1,0,1,0
[94 12 0],3,0,3,0
[94 12 3],1,1,2,0
[94 21 2],2,0,2,0
[94 21 4],1,0,1,0
[94 44 0],8,1,9,0
[94 44 11],1,0,1,0
[94 48 2],1,0,1,0
[94 50 0],7,1,8,0
[94 50 4],1,0,1,0
[94 50 11],1,0,1,0
[94 50 12],1,0,1,0
[94 94 1],1,0,1,0
[94 97 2],2,0,2,0
[95 0 0],21,9,30,0
[95 0 4],1,0,1,0
[95 10 6],1,0,1,0
[95 17 2],1,0,1,0
[95 22 7],1,0,1,0
[95 35 1],1,0,1,0
[95 35 5],1,0,1,0
[95 35 6],1,0,1,0
[95 57 0],3,0,3,0
[95 57 6],1,0,1,0
[95 57 7],1,0,1,0
[96 0 0],3,0,3,0
[96 2 0],1,0,1,0
[96 6 0],1,0,1,0
[96 6 2],1,0,1,0
[96 9 0],1,0,1,0
[96 23 2],1,0,1,0
[96 43 0],1,0,1,0
[96 57 1],1,0,1,0
[96 57 6],1,0,1,0
[97 0 1],3,0,3,0
[97 0 3],6,0,6,0
[97 0 5],49,8,57,0
[97 0 6],5,0,5,0
[97 0 7],25,6,31,0
[97 0 12],21,2,23,0
[97 0 13],1,0,1,0
[97 1 5],32,8,40,0
[97 1 7],24,7,31,0
[97 1 12],9,6,15,0
[97 2 1],4,2,6,0
[97 2 4],15,5,20,0
[97 2 5],6,1,7,0
[97 2 6],5,4,9,0
[97 2 7],2,2,4,0
[97 2 8],5,1,6,0
[97 2 10],5,0,5,0
[97 2 13],1,0,1,0
[97 3 1],1,0,1,0
[97 3 5],13,0,13,0
[97 3 7],3,0,3,0
[97 3 8],1,0,1,0
[97 3 12],5,0,5,0
[97 4 1],2,0,2,0
[97 4 5],24,5,29,0
[97 4 6],1,0,1,0
[97 4 7],9,1,10,0
[97 4 12],6,3,9,0
[97 5 5],1,0,1,0
[97 5 7],2,0,2,0
[97 6 5],2,1,3,0
[97 6 7],1,0,1,0
[97 7 5],2,0,2,0
[97 7 7],1,0,1,0
[97 8 0],1,0,1,0
[97 8 1],2,0,2,0
[97 8 5],23,4,27,0
[97 8 6],3,0,3,0
[97 8 7],9,3,12,0
[97 8 8],1,0,1,0
[97 8 10],1,0,1,0
[97 8 11],2,0,2,0
[97 8 12],8,0,8,0
[97 8 19],1,0,1,0
[97 9 1],1,0,1,0
[97 9 6],1,0,1,0
[97 9 7],2,0,2,0
[97 9 12],1,0,1,0
[97 10 7],1,0,1,0
[97 11 4],1,0,1,0
[97 11 5],2,1,3,0
[97 11 7],3,0,3,0
[97 11 12],1,0,1,0
[97 12 12],1,0,1,0
[97 13 5],2,0,2,0
[97 13 7],1,0,1,0
[97 14 5],3,1,4,0
[97 14 7],1,1,2,0
[97 14 12],1,0,1,0
[97 15 0],1,0,1,0
[97 15 1],2,1,3,0
[97 15 3],1,0,1,0
[97 15 6],1,0,1,0
[97 15 7],1,0,1,0
[97 15 8],2,0,2,0
[97 15 9],1,0,1,0
[97 15 10],1,1,2,0
[97 15 13],1,0,1,0
[97 16 5],2,0,2,0
[97 16 7],1,0,1,0
[97 17 0],1,0,1,0
[97 17 1],6,0,6,0
[97 17 6],1,0,1,0
[97 17 8],1,0,1,0
[97 17 10],7,1,8,0
[97 18 5],7,1,8,0
[97 18 7],3,0,3,0
[97 18 10],1,0,1,0
[97 18 12],2,0,2,0
[97 19 5],1,0,1,0
[97 19 7],1,0,1,0
[97 20 6],1,0,1,0
[97 20 7],1,0,1,0
[97 21 5],2,2,4,0
[97 21 7],2,1,3,0
[97 21 12],1,0,1,0
[97 22 1],1,0,1,0
[97 22 5],3,0,3,0
[97 22 6],1,0,1,0
[97 22 7],2,0,2,0
[97 22 12],1,1,2,0
[97 23 5],1,0,1,0
[97 24 3],1,0,1,0
[97 24 5],6,2,8,0
[97 24 7],1,0,1,0
[97 24 12],1,0,1,0
[97 25 1],2,0,2,0
[97 25 5],1,0,1,0
[97 26 5],2,0,2,0
[97 26 7],1,0,1,0
[97 32 5],2,2,4,0
[97 32 6],1,0,1,0
[97 33 5],2,2,4,0
[97 34 4],1,0,1,0
[97 34 5],2,0,2,0
[97 34 7],1,0,1,0
[97 35 5],1,0,1,0
[97 36 5],1,1,2,0
[97 38 7],1,0,1,0
[97 42 7],1,0,1,0
[97 43 5],3,0,3,0
[97 43 7],4,0,4,0
[97 43 12],3,0,3,0
[97 44 5],3,0,3,0
[97 44 7],1,0,1,0
[97 44 12],1,0,1,0
[97 46 5],2,0,2,0
[97 47 5],4,0,4,0
[97 47 7],3,1,4,0
[97 48 4],1,0,1,0
[97 48 5],2,0,2,0
[97 48 8],1,1,2,0
[97 48 11],1,0,1,0
[97 49 5],1,0,1,0
[97 50 5],2,0,2,0
[97 50 6],1,0,1,0
[97 50 7],1,0,1,0
[97 50 12],2,0,2,0
[97 51 5],1,0,1,0
[97 52 5],1,0,1,0
[97 55 5],1,2,3,0
[97 56 1],1,0,1,0
[97 56 5],3,0,3,0
[97 56 7],3,0,3,0
[97 56 12],1,0,1,0
[97 57 7],1,0,1,0
[97 57 12],1,0,1,0
[97 58 5],1,0,1,0
[97 59 5],1,0,1,0
[97 59 7],2,0,2,0
[97 60 5],2,1,3,0
[97 61 5],1,0,1,0
[97 67 5],2,0,2,0
[97 68 5],4,3,7,0
[97 75 3],1,0,1,0
[97 76 5],1,0,1,0
[97 76 7],1,0,1,0
[97 76 12],1,0,1,0
[97 78 7],1,0,1,0
[97 82 5],2,1,3,0
[97 82 7],1,0,1,0
[97 83 5],1,0,1,0
[97 83 6],1,0,1,0
[97 84 5],1,1,2,0
[97 85 12],1,0,1,0
[97 87 3],1,0,1,0
[97 87 5],1,1,2,0
[97 89 5],1,0,1,0
[97 91 3],1,0,1,0
[97 91 5],2,1,3,0
[97 91 6],1,0,1,0
[97 91 7],1,0,1,0
[97 91 13],1,0,1,0
[97 97 0],1,0,1,0
[97 97 1],24,7,31,0
[97 97 6],5,2,7,0
[97 97 8],13,0,13,0
[97 97 10],3,0,3,0
[97 97 11],1,2,3,0
[97 97 13],1,2,3,0
[97 98 5],1,0,1,0
[97 99 5],1,0,1,0
[98 0 5],6,2,8,0
[98 0 6],1,1,2,0
[98 0 7],4,2,6,0
[98 0 12],4,2,6,0
[98 0 15],1,0,1,0
[98 1 5],1,1,2,0
[98 1 7],1,0,1,0
[98 1 12],1,0,1,0
[98 3 5],1,0,1,0
[98 14 4],2,0,2,0
[98 46 5],3,0,3,0
[98 46 7],1,0,1,0
[98 46 12],2,0,2,0
[98 50 1],1,1,2,0
[98 97 0],5,1,6,0
[99 0 1],5,0,5,0
[99 0 3],2,1,3,0
[99 0 4],1,0,1,0
[99 0 5],1,0,1,0
[99 0 6],2,0,2,0
[99 0 8],1,0,1,0
[99 0 11],1,0,1,0
[99 7 0],1,0,1,0
[99 7 3],1,0,1,0
[99 7 7],1,0,1,0
[99 7 11],1,0,1,0
[99 17 0],1,0,1,0
[99 26 1],2,0,2,0
[99 26 2],1,0,1,0
[99 26 13],1,0,1,0
[99 40 0],1,0,1,0
[99 40 3],1,0,1,0
[99 40 11],1,0,1,0
[99 41 2],1,0,1,0
[99 56 9],1,0,1,0
[99 57 5],1,0,1,0
[99 76 0],3,1,4,0
[99 82 8],1,0,1,0
[99 89 0],1,0,1,0
[99 89 1],1,0,1,0
[99 99 1],4,0,4,0
[99 99 3],1,0,1,0
[99 99 13],1,0,1,0
[0 3 11],0,1,1,1
[0 4 17],0,1,1,1
[0 6 12],0,1,1,1
[0 7 10],0,2,2,2
[0 13 3],0,1,1,1
[0 16 10],0,1,1,1
[0 17 15],0,1,1,1
[0 18 13],0,1,1,1
[0 19 6],0,1,1,1
[0 19 10],0,1,1,1
[0 20 2],0,1,1,1
[0 20 14],0,1,1,1
[0 21 11],0,1,1,1
[0 24 2],0,1,1,1
[0 25 2],0,1,1,1
[0 26 13],0,1,1,1
[0 29 2],0,1,1,1
[0 29 6],0,2,2,2
[0 30 1],0,2,2,2
[0 30 8],0,1,1,1
[0 31 2],0,1,1,1
[0 31 6],0,2,2,2
[0 32 18],0,1,1,1
[0 33 4],0,1,1,1
[0 37 13],0,1,1,1
[0 39 1],0,1,1,1
[0 39 6],0,1,1,1
[0 40 2],0,1,1,1
[0 42 6],0,1,1,1
[0 43 11],0,1,1,1
[0 47 1],0,2,2,2
[0 48 4],0,1,1,1
[0 52 6],0,2,2,2
[0 52 13],0,1,1,1
[0 54 1],0,1,1,1
[0 54 5],0,1,1,1
[0 57 4],0,2,2,2
[0 61 1],0,1,1,1
[0 63 1],0,1,1,1
[0 65 2],0,1,1,1
[0 65 4],0,1,1,1
[0 69 6],0,1,1,1
[0 69 8],0,1,1,1
[0 69 12],0,1,1,1
[0 72 6],0,1,1,1
[0 72 8],0,1,1,1
[0 76 4],0,1,1,1
[0 77 6],0,1,1,1
[0 78 6],0,1,1,1
[0 78 8],0,1,1,1
[0 82 4],0,1,1,1
[0 83 1],0,2,2,2
[0 83 3],0,1,1,1
[0 84 11],0,1,1,1
[0 86 6],0,2,2,2
[0 93 3],0,1,1,1
[0 93 4],0,1,1,1
[0 94 1],0,1,1,1
[0 94 4],0,1,1,1
[0 94 13],0,1,1,1
[0 97 14],0,1,1,1
[0 98 1],0,1,1,1
[1 2 1],0,2,2,2
[1 2 11],0,1,1,1
[1 2 13],0,1,1,1
[1 12 3],0,1,1,1
[1 28 2],0,1,1,1
[1 42 14],0,1,1,1
[1 58 2],0,1,1,1
[1 94 0],0,1,1,1
[2 4 2],0,2,2,2
[2 4 13],0,1,1,1
[2 12 10],0,1,1,1
[2 12 13],0,2,2,2
[2 13 3],0,1,1,1
[2 14 9],0,1,1,1
[2 17 6],0,3,3,3
[2 18 2],0,1,1,1
[2 34 4],0,1,1,1
[2 40 2],0,1,1,1
[2 43 3],0,2,2,2
[2 47 1],0,1,1,1
[2 55 3],0,1,1,1
[2 91 3],0,2,2,2
[3 12 0],0,4,4,4
[3 12 3],0,1,1,1
[3 21 0],0,1,1,1
[3 50 3],0,1,1,1
[3 55 1],0,2,2,2
[3 55 3],0,1,1,1
[3 56 8],0,1,1,1
[3 68 11],0,1,1,1
[4 2 7],0,1,1,1
[4 4 18],0,2,2,2
[4 9 1],0,1,1,1
[4 15 0],0,1,1,1
[4 17 6],0,1,1,1
[4 47 3],0,1,1,1
[4 48 4],0,1,1,1
[4 59 1],0,1,1,1
[4 82 1],0,1,1,1
[4 97 4],0,1,1,1
[4 97 13],0,1,1,1
[5 1 4],0,1,1,1
[5 5 8],0,1,1,1
[5 7 4],0,1,1,1
[5 11 6],0,1,1,1
[5 24 1],0,1,1,1
[5 26 4],0,1,1,1
[5 28 1],0,1,1,1
[5 28 19],0,1,1,1
[5 37 4],0,1,1,1
[5 66 5],0,2,2,2
[5 66 7],0,1,1,1
[5 66 12],0,2,2,2
[5 71 7],0,1,1,1
[5 71 12],0,1,1,1
[5 72 1],0,1,1,1
[5 86 5],0,1,1,1
[5 93 4],0,1,1,1
[6 16 10],0,1,1,1
[6 19 10],0,1,1,1
[6 26 6],0,1,1,1
[6 36 5],0,1,1,1
[6 36 10],0,1,1,1
[6 46 2],0,1,1,1
[7 5 7],0,1,1,1
[7 11 5],0,1,1,1
[7 20 8],0,1,1,1
[7 20 11],0,1,1,1
[7 20 13],0,1,1,1
[7 22 12],0,1,1,1
[7 23 4],0,1,1,1
[7 28 4],0,1,1,1
[7 28 7],0,1,1,1
[7 31 5],0,1,1,1
[7 38 12],0,1,1,1
[7 52 1],0,1,1,1
[7 54 7],0,1,1,1
[7 54 11],0,1,1,1
[7 65 5],0,1,1,1
[7 68 0],0,1,1,1
[7 71 1],0,2,2,2
[7 78 1],0,1,1,1
[7 90 4],0,1,1,1
[7 98 0],0,1,1,1
[8 18 0],0,1,1,1
[8 21 2],0,5,5,5
[8 47 1],0,1,1,1
[8 47 6],0,1,1,1
[8 47 13],0,1,1,1
[8 56 13],0,2,2,2
[8 69 7],0,1,1,1
[8 76 6],0,1,1,1
[8 82 1],0,1,1,1
[8 97 3],0,1,1,1
[8 97 15],0,1,1,1
[9 2 6],0,1,1,1
[9 2 7],0,1,1,1
[9 4 1],0,2,2,2
[9 8 1],0,1,1,1
[9 8 8],0,1,1,1
[9 11 13],0,1,1,1
[9 15 1],0,2,2,2
[9 15 8],0,1,1,1
[9 42 1],0,1,1,1
[9 45 5],0,2,2,2
[9 45 6],0,1,1,1
[9 76 6],0,1,1,1
[10 0 1],0,1,1,1
[10 7 2],0,1,1,1
[10 7 6],0,1,1,1
[10 10 6],0,1,1,1
[10 13 14],0,1,1,1
[10 22 5],0,1,1,1
[10 23 2],0,1,1,1
[10 23 11],0,1,1,1
[10 28 13],0,1,1,1
[10 30 17],0,1,1,1
[10 36 5],0,1,1,1
[10 41 1],0,1,1,1
[10 41 6],0,1,1,1
[10 51 1],0,1,1,1
[10 54 9],0,1,1,1
[10 54 17],0,1,1,1
[10 69 1],0,1,1,1
[10 81 1],0,1,1,1
[11 4 8],0,1,1,1
[11 6 1],0,1,1,1
[11 7 1],0,1,1,1
[11 8 13],0,2,2,2
[11 9 11],0,1,1,1
[11 14 8],0,1,1,1
[11 15 3],0,1,1,1
[11 24 6],0,1,1,1
[11 25 11],0,1,1,1
[11 32 2],0,1,1,1
[11 32 6],0,1,1,1
[11 34 11],0,1,1,1
[11 34 13],0,1,1,1
[11 43 1],0,1,1,1
[11 48 1],0,1,1,1
[11 48 4],0,1,1,1
[11 48 6],0,1,1,1
[11 51 8],0,1,1,1
[11 52 1],0,1,1,1
[11 55 1],0,1,1,1
[11 56 4],0,1,1,1
[11 86 3],0,1,1,1
[11 97 3],0,1,1,1
[12 0 4],0,1,1,1
[12 2 11],0,1,1,1
[12 22 3],0,1,1,1
[12 54 0],0,2,2,2
[12 98 11],0,1,1,1
[13 0 5],0,1,1,1
[13 6 5],0,1,1,1
[13 7 2],0,2,2,2
[13 7 10],0,1,1,1
[13 14 4],0,1,1,1
[13 21 2],0,1,1,1
[13 28 6],0,1,1,1
[13 28 13],0,1,1,1
[13 38 8],0,1,1,1
[13 43 0],0,1,1,1
[13 51 1],0,1,1,1
[13 52 6],0,1,1,1
[13 58 0],0,1,1,1
[13 59 0],0,1,1,1
[13 63 6],0,1,1,1
[13 79 2],0,1,1,1
[13 84 2],0,1,1,1
[13 84 6],0,1,1,1
[14 2 0],0,1,1,1
[14 3 4],0,1,1,1
[14 17 6],0,1,1,1
[14 43 3],0,2,2,2
[14 82 3],0,1,1,1
[14 82 8],0,1,1,1
[14 86 3],0,2,2,2
[14 87 8],0,1,1,1
[15 4 5],0,1,1,1
[15 12 3],0,1,1,1
[15 18 5],0,2,2,2
[15 19 5],0,1,1,1
[15 43 5],0,1,1,1
[15 44 5],0,1,1,1
[15 45 0],0,1,1,1
[15 83 11],0,1,1,1
[15 91 5],0,1,1,1
[15 94 0],0,1,1,1
[16 3 8],0,1,1,1
[16 40 0],0,1,1,1
[16 41 10],0,1,1,1
[16 46 2],0,5,5,5
[16 57 6],0,1,1,1
[17 2 10],0,1,1,1
[17 9 0],0,1,1,1
[17 11 5],0,1,1,1
[17 15 10],0,1,1,1
[17 42 6],0,1,1,1
[17 56 7],0,1,1,1
[17 97 6],0,1,1,1
[18 0 11],0,1,1,1
[18 2 6],0,1,1,1
[18 11 1],0,1,1,1
[18 11 5],0,1,1,1
[18 18 11],0,1,1,1
[18 36 7],0,1,1,1
[18 56 1],0,1,1,1
[18 56 4],0,1,1,1
[18 56 6],0,1,1,1
[19 0 1],0,1,1,1
[19 0 4],0,1,1,1
[19 5 1],0,1,1,1
[19 6 3],0,1,1,1
[19 6 14],0,1,1,1
[19 15 0],0,1,1,1
[19 26 12],0,1,1,1
[19 36 7],0,1,1,1
[19 40 0],0,2,2,2
[19 40 14],0,1,1,1
[19 56 4],0,1,1,1
[19 88 0],0,1,1,1
[20 7 13],0,1,1,1
[20 13 3],0,1,1,1
[20 13 7],0,2,2,2
[20 40 3],0,1,1,1
[20 51 15],0,1,1,1
[20 61 4],0,1,1,1
[20 64 6],0,1,1,1
[20 72 10],0,1,1,1
[21 4 7],0,2,2,2
[21 18 7],0,1,1,1
[21 21 10],0,2,2,2
[21 21 13],0,1,1,1
[21 24 2],0,1,1,1
[21 32 0],0,2,2,2
[21 40 7],0,1,1,1
[21 43 3],0,1,1,1
[21 98 2],0,1,1,1
[22 0 1],0,2,2,2
[22 3 1],0,1,1,1
[22 7 8],0,1,1,1
[22 8 1],0,1,1,1
[22 14 5],0,1,1,1
[22 26 10],0,1,1,1
[22 68 2],0,1,1,1
[22 71 2],0,1,1,1
[22 73 1],0,1,1,1
[22 82 9],0,1,1,1
[22 97 0],0,2,2,2
[22 97 8],0,1,1,1
[23 0 7],0,1,1,1
[23 0 11],0,1,1,1
[23 4 4],0,1,1,1
[23 7 10],0,1,1,1
[23 10 7],0,2,2,2
[23 10 13],0,1,1,1
[23 17 2],0,1,1,1
[23 35 3],0,1,1,1
[23 37 6],0,1,1,1
[23 55 1],0,1,1,1
[23 66 12],0,1,1,1
[23 78 1],0,1,1,1
[23 80 8],0,1,1,1
[24 0 11],0,1,1,1
[24 1 7],0,1,1,1
[24 1 12],0,3,3,3
[24 2 16],0,1,1,1
[24 4 1],0,1,1,1
[24 4 8],0,1,1,1
[24 5 0],0,1,1,1
[24 11 5],0,1,1,1
[24 22 6],0,1,1,1
[24 43 1],0,1,1,1
[24 59 1],0,2,2,2
[25 0 6],0,1,1,1
[25 4 13],0,1,1,1
[25 7 2],0,1,1,1
[25 25 3],0,1,1,1
[25 25 12],0,1,1,1
[25 26 2],0,1,1,1
[25 28 2],0,1,1,1
[25 32 3],0,1,1,1
[25 33 6],0,1,1,1
[25 40 10],0,1,1,1
[25 49 2],0,1,1,1
[25 49 6],0,1,1,1
[25 54 7],0,1,1,1
[25 55 17],0,1,1,1
[25 59 0],0,2,2,2
[25 72 6],0,1,1,1
[25 88 2],0,1,1,1
[25 95 2],0,1,1,1
[26 0 4],0,5,5,5
[26 2 10],0,1,1,1
[26 17 0],0,1,1,1
[26 19 5],0,1,1,1
[26 21 1],0,1,1,1
[26 22 1],0,1,1,1
[26 26 1],0,1,1,1
[26 28 1],0,1,1,1
[26 28 11],0,1,1,1
[26 29 5],0,1,1,1
[26 40 2],0,1,1,1
[26 43 0],0,1,1,1
[26 64 3],0,1,1,1
[26 67 1],0,1,1,1
[26 73 9],0,2,2,2
[26 89 1],0,2,2,2
[26 91 6],0,1,1,1
[26 93 8],0,1,1,1
[27 58 7],0,1,1,1
[28 1 7],0,2,2,2
[28 5 1],0,1,1,1
[28 7 14],0,1,1,1
[28 13 11],0,1,1,1
[28 37 0],0,1,1,1
[28 51 0],0,2,2,2
[28 51 14],0,1,1,1
[28 54 5],0,1,1,1
[28 54 7],0,1,1,1
[28 61 1],0,1,1,1
[28 64 11],0,1,1,1
[28 73 1],0,1,1,1
[28 73 11],0,1,1,1
[28 81 1],0,2,2,2
[29 0 6],0,1,1,1
[29 7 1],0,1,1,1
[29 23 12],0,1,1,1
[29 24 6],0,1,1,1
[29 28 7],0,1,1,1
[29 40 1],0,1,1,1
[29 49 7],0,1,1,1
[29 51 1],0,1,1,1
[29 61 2],0,1,1,1
[29 71 12],0,1,1,1
[30 0 8],0,1,1,1
[30 0 10],0,1,1,1
[30 5 1],0,1,1,1
[30 5 2],0,1,1,1
[30 20 1],0,1,1,1
[30 20 7],0,1,1,1
[30 20 11],0,1,1,1
[30 29 5],0,1,1,1
[30 29 7],0,1,1,1
[30 30 1],0,1,1,1
[30 31 1],0,1,1,1
[30 53 2],0,1,1,1
[30 54 9],0,1,1,1
[30 71 2],0,1,1,1
[30 72 11],0,1,1,1
[31 0 7],0,1,1,1
[31 20 5],0,3,3,3
[31 20 7],0,2,2,2
[31 20 12],0,2,2,2
[31 30 7],0,1,1,1
[31 35 5],0,1,1,1
[31 41 3],0,1,1,1
[31 53 1],0,1,1,1
[31 86 5],0,1,1,1
[31 93 1],0,2,2,2
[32 0 1],0,2,2,2
[32 3 4],0,1,1,1
[32 5 0],0,1,1,1
[32 5 16],0,1,1,1
[32 8 4],0,1,1,1
[32 14 6],0,1,1,1
[32 29 5],0,1,1,1
[32 45 5],0,1,1,1
[32 74 3],0,1,1,1
[33 0 1],0,1,1,1
[33 26 7],0,1,1,1
[33 29 0],0,1,1,1
[33 29 5],0,1,1,1
[33 32 4],0,1,1,1
[33 38 10],0,1,1,1
[33 46 2],0,1,1,1
[33 46 4],0,1,1,1
[33 46 13],0,1,1,1
[33 51 5],0,1,1,1
[34 2 11],0,1,1,1
[34 2 15],0,1,1,1
[34 9 3],0,2,2,2
[34 11 3],0,3,3,3
[34 14 1],0,1,1,1
[34 14 2],0,1,1,1
[34 17 1],0,1,1,1
[34 17 6],0,1,1,1
[34 25 3],0,1,1,1
[34 48 1],0,1,1,1
[35 2 0],0,1,1,1
[35 5 3],0,1,1,1
[35 30 14],0,1,1,1
[35 35 11],0,1,1,1
[35 40 1],0,1,1,1
[35 49 13],0,1,1,1
[35 63 1],0,1,1,1
[35 63 13],0,1,1,1
[35 66 3],0,1,1,1
[35 72 6],0,1,1,1
[36 18 14],0,1,1,1
[36 27 2],0,1,1,1
[36 59 1],0,1,1,1
[36 77 0],0,1,1,1
[37 5 3],0,1,1,1
[37 30 1],0,1,1,1
[37 30 9],0,1,1,1
[37 31 9],0,2,2,2
[37 31 10],0,1,1,1
[37 31 13],0,1,1,1
[37 75 1],0,1,1,1
[37 78 7],0,1,1,1
[38 7 2],0,1,1,1
[38 7 4],0,1,1,1
[38 7 8],0,1,1,1
[38 9 3],0,1,1,1
[38 25 10],0,1,1,1
[38 28 2],0,1,1,1
[38 28 11],0,1,1,1
[38 51 10],0,1,1,1
[38 54 2],0,2,2,2
[38 64 2],0,1,1,1
[39 13 5],0,1,1,1
[39 65 5],0,1,1,1
[40 2 7],0,1,1,1
[40 20 4],0,1,1,1
[40 29 1],0,1,1,1
[40 40 6],0,1,1,1
[40 49 1],0,1,1,1
[40 52 6],0,1,1,1
[40 64 6],0,1,1,1
[41 0 10],0,1,1,1
[41 1 5],0,1,1,1
[41 8 4],0,1,1,1
[41 10 6],0,1,1,1
[41 12 4],0,1,1,1
[41 12 6],0,1,1,1
[41 14 4],0,1,1,1
[41 15 1],0,1,1,1
[41 24 0],0,1,1,1
[41 26 4],0,1,1,1
[41 27 11],0,1,1,1
[41 29 0],0,1,1,1
[41 51 0],0,3,3,3
[41 51 14],0,1,1,1
[41 57 6],0,1,1,1
[41 65 0],0,1,1,1
[41 65 1],0,2,2,2
[41 65 8],0,1,1,1
[41 67 4],0,1,1,1
[42 0 12],0,1,1,1
[42 9 0],0,1,1,1
[42 9 8],0,1,1,1
[42 14 15],0,1,1,1
[42 17 10],0,1,1,1
[42 48 12],0,1,1,1
[42 69 3],0,1,1,1
[43 1 7],0,1,1,1
[43 14 4],0,2,2,2
[43 15 2],0,1,1,1
[43 15 6],0,1,1,1
[43 56 4],0,1,1,1
[43 70 2],0,1,1,1
[43 97 1],0,1,1,1
[44 2 4],0,1,1,1
[44 15 1],0,1,1,1
[44 34 3],0,1,1,1
[44 76 3],0,1,1,1
[44 99 2],0,1,1,1
[44 99 3],0,1,1,1
[45 22 3],0,1,1,1
[45 55 2],0,1,1,1
[45 68 2],0,1,1,1
[45 72 2],0,1,1,1
[46 2 4],0,1,1,1
[46 57 9],0,1,1,1
[47 0 3],0,2,2,2
[47 2 1],0,1,1,1
[47 3 4],0,1,1,1
[47 4 2],0,1,1,1
[47 4 4],0,1,1,1
[47 5 0],0,1,1,1
[47 22 3],0,1,1,1
[47 34 4],0,1,1,1
[47 41 3],0,1,1,1
[47 47 1],0,2,2,2
[47 47 13],0,1,1,1
[47 59 11],0,1,1,1
[48 0 10],0,2,2,2
[48 1 12],0,1,1,1
[48 2 8],0,1,1,1
[48 11 10],0,1,1,1
[48 15 1],0,1,1,1
[48 15 4],0,1,1,1
[48 15 5],0,1,1,1
[48 15 6],0,1,1,1
[48 25 3],0,1,1,1
[48 25 4],0,1,1,1
[48 48 6],0,1,1,1
[48 91 3],0,2,2,2
[49 0 6],0,1,1,1
[49 0 10],0,1,1,1
[49 7 0],0,1,1,1
[49 9 0],0,1,1,1
[49 10 11],0,1,1,1
[49 13 5],0,1,1,1
[49 25 7],0,1,1,1
[49 29 14],0,1,1,1
[49 40 10],0,1,1,1
[49 62 6],0,1,1,1
[49 63 3],0,1,1,1
[49 71 6],0,1,1,1
[49 81 1],0,1,1,1
[49 81 6],0,1,1,1
[50 5 14],0,2,2,2
[50 8 2],0,1,1,1
[50 17 2],0,2,2,2
[51 0 6],0,1,1,1
[51 0 12],0,4,4,4
[51 5 8],0,3,3,3
[51 11 1],0,1,1,1
[51 11 4],0,1,1,1
[51 20 15],0,1,1,1
[51 41 5],0,1,1,1
[51 72 1],0,1,1,1
[52 7 8],0,1,1,1
[52 23 10],0,1,1,1
[52 52 4],0,1,1,1
[52 54 9],0,1,1,1
[52 63 2],0,1,1,1
[52 63 9],0,1,1,1
[52 67 4],0,1,1,1
[52 80 0],0,1,1,1
[53 31 2],0,1,1,1
[53 80 8],0,1,1,1
[53 90 6],0,1,1,1
[54 5 2],0,1,1,1
[54 20 10],0,1,1,1
[54 25 2],0,1,1,1
[54 28 2],0,1,1,1
[54 38 3],0,1,1,1
[54 54 2],0,1,1,1
[55 7 3],0,1,1,1
[55 29 8],0,1,1,1
[55 31 2],0,1,1,1
[55 31 7],0,1,1,1
[55 32 0],0,1,1,1
[55 35 5],0,1,1,1
[55 38 5],0,1,1,1
[55 44 17],0,1,1,1
[55 55 3],0,1,1,1
[55 93 13],0,1,1,1
[56 3 0],0,1,1,1
[56 8 11],0,2,2,2
[56 11 4],0,1,1,1
[56 14 3],0,1,1,1
[56 17 2],0,1,1,1
[56 50 1],0,1,1,1
[56 56 1],0,1,1,1
[56 59 4],0,1,1,1
[57 2 4],0,1,1,1
[57 16 6],0,1,1,1
[57 26 6],0,1,1,1
[57 28 0],0,1,1,1
[57 36 0],0,1,1,1
[57 41 0],0,2,2,2
[57 46 0],0,1,1,1
[57 86 8],0,1,1,1
[57 88 7],0,1,1,1
[57 98 0],0,1,1,1
[58 15 0],0,1,1,1
[58 19 12],0,1,1,1
[58 58 1],0,1,1,1
[58 58 8],0,1,1,1
[59 1 16],0,1,1,1
[59 6 11],0,1,1,1
[59 8 3],0,1,1,1
[59 14 11],0,1,1,1
[59 48 3],0,1,1,1
[59 50 3],0,1,1,1
[59 89 3],0,1,1,1
[60 18 0],0,1,1,1
[61 5 3],0,1,1,1
[61 8 0],0,1,1,1
[61 8 2],0,1,1,1
[61 29 5],0,1,1,1
[61 40 2],0,1,1,1
[61 52 3],0,1,1,1
[61 71 5],0,1,1,1
[61 89 0],0,1,1,1
[62 52 1],0,1,1,1
[62 97 2],0,1,1,1
[63 18 5],0,1,1,1
[63 23 2],0,1,1,1
[63 28 11],0,1,1,1
[63 29 0],0,1,1,1
[63 35 1],0,1,1,1
[63 38 6],0,1,1,1
[63 65 1],0,1,1,1
[63 75 14],0,1,1,1
[63 90 7],0,1,1,1
[64 0 4],0,3,3,3
[64 28 1],0,2,2,2
[64 28 8],0,2,2,2
[64 28 12],0,1,1,1
[64 64 1],0,1,1,1
[65 0 0],0,2,2,2
[65 0 6],0,1,1,1
[65 26 8],0,1,1,1
[65 30 4],0,1,1,1
[65 41 3],0,2,2,2
[65 51 14],0,1,1,1
[65 67 1],0,1,1,1
[65 72 3],0,1,1,1
[66 23 1],0,1,1,1
[66 52 6],0,1,1,1
[66 57 6],0,1,1,1
[66 66 1],0,3,3,3
[66 93 9],0,3,3,3
[67 13 13],0,1,1,1
[67 18 3],0,1,1,1
[67 21 3],0,1,1,1
[67 26 1],0,1,1,1
[67 29 5],0,1,1,1
[67 30 1],0,1,1,1
[67 52 3],0,1,1,1
[67 59 13],0,1,1,1
[67 65 1],0,1,1,1
[67 67 8],0,1,1,1
[67 76 14],0,1,1,1
[68 56 4],0,1,1,1
[68 68 1],0,1,1,1
[69 7 4],0,1,1,1
[69 15 6],0,1,1,1
[69 57 9],0,1,1,1
[69 97 2],0,2,2,2
[71 5 2],0,1,1,1
[71 7 8],0,1,1,1
[71 7 11],0,1,1,1
[71 23 6],0,1,1,1
[71 30 0],0,1,1,1
[71 49 6],0,1,1,1
[72 5 1],0,1,1,1
[72 7 1],0,1,1,1
[72 20 13],0,1,1,1
[72 25 3],0,1,1,1
[72 40 8],0,1,1,1
[72 45 7],0,1,1,1
[72 51 1],0,2,2,2
[72 51 4],0,1,1,1
[72 51 6],0,1,1,1
[72 54 5],0,1,1,1
[72 67 14],0,1,1,1
[72 97 0],0,1,1,1
[73 0 0],0,1,1,1
[73 0 3],0,1,1,1
[73 2 4],0,1,1,1
[73 7 6],0,2,2,2
[73 20 6],0,1,1,1
[73 28 1],0,1,1,1
[73 28 13],0,1,1,1
[73 59 3],0,1,1,1
[74 7 1],0,1,1,1
[74 15 11],0,1,1,1
[74 30 14],0,1,1,1
[74 35 1],0,1,1,1
[74 74 4],0,1,1,1
[75 5 3],0,1,1,1
[75 54 1],0,1,1,1
[76 0 3],0,1,1,1
[76 3 3],0,1,1,1
[76 21 6],0,1,1,1
[76 99 6],0,1,1,1
[77 1 12],0,1,1,1
[77 8 4],0,1,1,1
[77 19 7],0,1,1,1
[77 55 9],0,1,1,1
[77 67 9],0,1,1,1
[78 0 6],0,1,1,1
[78 20 11],0,1,1,1
[78 37 14],0,1,1,1
[78 53 6],0,1,1,1
[78 59 11],0,1,1,1
[78 75 4],0,1,1,1
[79 57 9],0,1,1,1
[80 0 4],0,1,1,1
[80 0 16],0,1,1,1
[80 7 0],0,1,1,1
[80 11 1],0,1,1,1
[80 28 0],0,1,1,1
[80 28 4],0,1,1,1
[80 31 0],0,2,2,2
[80 52 1],0,1,1,1
[80 52 4],0,1,1,1
[80 53 8],0,1,1,1
[80 67 14],0,1,1,1
[80 90 8],0,1,1,1
[81 0 1],0,1,1,1
[81 7 13],0,1,1,1
[81 10 6],0,1,1,1
[81 23 6],0,1,1,1
[81 30 0],0,1,1,1
[81 71 11],0,1,1,1
[81 96 5],0,1,1,1
[82 1 5],0,1,1,1
[82 1 7],0,5,5,5
[82 4 1],0,1,1,1
[82 11 4],0,1,1,1
[82 14 7],0,5,5,5
[82 28 3],0,1,1,1
[82 48 1],0,1,1,1
[82 75 4],0,1,1,1
[82 97 1],0,1,1,1
[82 97 8],0,1,1,1
[82 97 11],0,1,1,1
[83 3 1],0,1,1,1
[83 15 13],0,1,1,1
[83 50 4],0,1,1,1
[83 50 6],0,1,1,1
[83 83 2],0,1,1,1
[83 97 3],0,1,1,1
[83 98 1],0,1,1,1
[83 98 6],0,1,1,1
[84 0 6],0,1,1,1
[84 0 13],0,1,1,1
[84 52 2],0,1,1,1
[84 54 0],0,1,1,1
[85 5 3],0,1,1,1
[85 6 4],0,1,1,1
[85 7 10],0,1,1,1
[85 57 0],0,1,1,1
[86 5 0],0,2,2,2
[86 11 4],0,1,1,1
[86 14 4],0,1,1,1
[86 15 9],0,1,1,1
[86 18 0],0,1,1,1
[86 23 0],0,1,1,1
[86 51 0],0,1,1,1
[86 52 3],0,1,1,1
[86 65 16],0,2,2,2
[86 77 0],0,1,1,1
[86 86 8],0,1,1,1
[87 1 5],0,1,1,1
[87 97 14],0,1,1,1
[88 19 1],0,1,1,1
[89 18 0],0,2,2,2
[89 26 1],0,1,1,1
[89 40 0],0,1,1,1
[89 57 9],0,1,1,1
[89 76 14],0,1,1,1
[89 89 6],0,1,1,1
[90 54 5],0,1,1,1
[90 63 2],0,1,1,1
[90 80 8],0,1,1,1
[91 0 15],0,1,1,1
[91 11 1],0,1,1,1
[91 11 4],0,1,1,1
[91 11 6],0,1,1,1
[91 48 4],0,2,2,2
[91 97 13],0,1,1,1
[92 0 4],0,2,2,2
[92 8 6],0,1,1,1
[93 5 3],0,1,1,1
[93 5 10],0,1,1,1
[93 23 3],0,1,1,1
[93 30 9],0,1,1,1
[93 54 1],0,1,1,1
[94 0 3],0,1,1,1
[94 50 1],0,1,1,1
[95 5 0],0,2,2,2
[95 49 10],0,1,1,1
[96 4 0],0,1,1,1
[96 10 3],0,1,1,1
[96 95 0],0,1,1,1
[97 2 12],0,1,1,1
[97 4 4],0,1,1,1
[97 4 11],0,1,1,1
[97 4 13],0,1,1,1
[97 14 13],0,1,1,1
[97 15 4],0,1,1,1
[97 17 3],0,1,1,1
[97 32 7],0,1,1,1
[97 60 7],0,1,1,1
[97 82 1],0,1,1,1
[97 84 7],0,1,1,1
[97 97 3],0,1,1,1
[97 97 5],0,1,1,1
[98 0 3],0,2,2,2
[98 0 13],0,1,1,1
[98 2 11],0,1,1,1
[98 6 3],0,1,1,1
[98 12 1],0,1,1,1
[98 12 13],0,1,1,1
[98 33 3],0,1,1,1
[98 42 0],0,1,1,1
[98 46 3],0,1,1,1
[99 0 13],0,1,1,1
[99 21 2],0,1,1,1
[99 21 6],0,1,1,1
[99 76 2],0,1,1,1
[99 76 6],0,1,1,1
[99 76 14],0,1,1,1
[99 99 8],0,1,1,1
[99 99 14],0,1,1,1
