wear,wear,5401,692,231,191,131,134,102,0,45,56,30,16,18,0,32,18,19,15,12,11,10,16,8,4,5,5,6,6,7214,wear,wear,-0.251316883836984,-0.170105690518397,-0.258018006153943,-0.188077445179332,-0.307810014771397,-0.245622383663939,-0.281612572242481,-0.156612918220649,-0.141390761706389,-0.278012343113658,-0.212920431780049,-0.220284254640984,-0.295878959294892,-0.077496467419785,-0.1146763904986,-0.282979067148804,-0.167141118192077,-0.343953024264375,-0.227289031701242,-0.05335999818801,-0.062051415372457,-0.253394499716491,-0.118954120148018,-0.255750864362809,-0.044352654251583,-0.068636517113507,-0.284642499363941,-0.206032581606584
hold,hold,692,737,229,190,139,130,102,3,50,55,30,16,17,2,31,17,20,15,12,11,10,16,8,3,5,5,6,6,2557,hold,hold,0.004599362522885,-0.711771607352366,-0.307500879835345,-0.092676934886593,-0.360697299959397,-0.148207779745539,-0.172783636417427,-0.192066169078472,-0.191963677586523,-0.217560619953995,-0.189107445879839,-0.190863053908726,-0.406730569509123,-0.051279747301843,-0.179670339554361,-0.171400133546236,-0.173675384394136,-0.211170970797534,-0.231359366203431,-0.093755514817798,-0.127011192040292,-0.207707044029991,-0.130090170995718,-0.314867577202725,-0.149403292921173,-0.288554398767388,-0.17570204985441,-0.117696246595393
sit,sit,231,229,251,192,131,139,102,1,46,59,30,16,17,1,32,17,19,15,11,15,10,16,9,4,4,5,6,6,1614,sit,sit,-0.146916399715409,-0.255175436498566,-0.844485749690211,-0.163604005141868,-0.197150839146328,-0.260253340449346,-0.117766856882084,-0.093764785048792,-0.144558072777387,-0.368310783201107,-0.363435478756027,-0.246694679700295,-0.331690490799067,-0.150267373984132,-0.184762833890301,-0.450013635888721,-0.217718025020903,-0.400351594019805,-0.215315130349254,-0.331915789884566,-0.117553830766027,-0.319954465277852,-0.27941448148573,-0.213065336084786,-0.122969961758254,-0.134043116428086,-0.456829001440146,-0.150968019409026
ride,ride,191,190,192,193,132,131,102,0,45,56,30,16,17,2,31,17,19,14,11,11,10,16,8,3,4,5,6,6,1458,ride,ride,-0.083552369528154,-0.036667261341903,-0.150875870150206,-0.867626886145405,-0.133650703322762,-0.067588011687774,-0.080478683165342,-0.05824683851367,-0.092660940210818,-0.197023991797101,-0.166798245674769,-0.25722155337337,-0.270801217903567,-0.314912035854517,-0.350141459251615,-0.437512808875019,-0.114731853236427,-0.222060038651346,-0.119906701191246,-0.098643059209762,-0.235298716047723,-0.182004745350339,-0.20180563588143,-0.158402573677085,-0.138960319109359,-0.187392057018879,-0.445057390493675,-0.312979500849077
carry,carry,131,139,131,132,192,133,101,2,47,54,30,16,27,12,31,20,21,16,13,11,10,16,8,5,6,5,6,6,1321,carry,carry,-0.226801852284753,-0.309834563092735,-0.179148349575042,-0.124261382973731,-0.854655563966692,-0.109521240039238,-0.293947618119371,-0.228339747522267,-0.102705328838518,-0.188622830203069,-0.139595844821604,-0.277129764549191,-0.411808543498509,-0.071012291990015,-0.242706551032556,-0.27025184190328,-0.211048145584895,-0.257204464461086,-0.190451229083612,-0.078489318457061,-0.133384320173936,-0.192780916219315,-0.109639003102374,-0.285886685087055,-0.134185699636016,-0.110767087875175,-0.280849873697376,-0.078103751061947
look,look,134,130,139,131,133,145,102,0,46,59,30,16,21,0,32,20,19,17,12,13,10,16,9,6,6,5,6,6,1263,look,look,-0.158100781325213,-0.096119075983863,-0.236319354277283,-0.053715821559756,-0.104897712312756,-0.885193982581157,-0.124378809355505,-0.184274161973503,-0.198165834117546,-0.292073020520463,-0.234268451151561,-0.098751480522094,-0.215036128108289,-0.105547797603043,-0.142120348814182,-0.16464166451297,-0.337530213887562,-0.207546604842961,-0.226566363986488,-0.128925280391959,-0.123605920643506,-0.218420933522206,-0.149622749120546,-0.219562335279554,-0.093764430222874,-0.086191749328158,-0.175726383436169,-0.087818530416879
use,use,102,102,102,102,101,102,102,0,45,55,30,16,17,0,31,17,19,14,11,11,10,16,8,3,4,5,6,6,1037,use,use,-0.197391090333443,-0.114313477355514,-0.082603227166684,-0.052076875164262,-0.273008511907645,-0.106778248629677,-0.901639344262295,-0.158654246925975,-0.141076161338183,-0.089597169899252,-0.135156838917255,-0.187022840357299,-0.17422202113917,-0.170361533464477,-0.166091292505733,-0.119183187814696,-0.137419434175002,-0.238157853100608,-0.062923504344221,-0.056822143462859,-0.039642404353854,-0.213190645266232,-0.047925870069786,-0.210019676948709,-0.185876278255987,-0.043865671602807,-0.129790709511899,-0.082938639941076
cover,cover,0,3,1,0,2,0,0,79,1,0,0,0,0,0,0,0,0,0,1,1,0,0,1,0,0,0,0,0,89,cover,cover,-0.156612918220649,-0.159531553812162,-0.083148408679106,-0.05824683851367,-0.207381841951921,-0.184274161973503,-0.158654246925975,-0.112359550561798,-0.168468322139621,-0.108456945761145,-0.149739435045135,-0.167357609933196,-0.204102965476734,-0.067908283844356,-0.155753893110955,-0.109360450767676,-0.072511585689684,-0.107059669195667,-0.212882955541462,-0.187267405231949,-0.253212967348536,-0.123180553973716,-0.159960514288127,-0.220334682516732,-0.152670323696354,-0.160948882978997,-0.109360450767676,-0.067640033319278
touch,touch,45,50,46,45,47,46,45,1,72,45,30,16,17,1,31,17,20,15,12,12,10,16,8,3,4,5,6,6,671,touch,touch,-0.080564549055627,-0.137002194337535,-0.104504295932825,-0.056461054284156,-0.068239726186866,-0.166032657013379,-0.117406484823762,-0.178213964230077,-0.892697466467959,-0.107164697046109,-0.216414781144614,-0.205487768020577,-0.13503805113012,-0.073686737200571,-0.114498800810143,-0.122397046592081,-0.169971116204767,-0.081418179887566,-0.185442099089495,-0.078311685293059,-0.2456698550276,-0.21022720719256,-0.103370122647189,-0.150408580808673,-0.173181239206736,-0.204927009822648,-0.138790489215031,-0.081368969568766
watch,watch,56,55,59,56,54,59,55,0,45,59,30,16,17,0,31,17,19,14,11,12,10,16,9,3,4,5,6,6,724,watch,watch,-0.208426960485956,-0.163103350666134,-0.323374212997022,-0.158084704648279,-0.154915317478321,-0.257295480418189,-0.06666792755654,-0.108456945761145,-0.112074084371038,-0.918508287292818,-0.215200714230371,-0.210705985739437,-0.203646359502502,-0.159227679132686,-0.12739947892668,-0.19334668888541,-0.090633302810164,-0.346752903295322,-0.102340717743618,-0.102348362405202,-0.163847629464741,-0.299870762632753,-0.221685854607483,-0.248137871856208,-0.264228606512814,-0.087098673220725,-0.208540059051156,-0.169778964936061
talk,talk,30,30,30,30,30,30,30,0,30,30,30,16,17,0,30,17,19,14,11,11,10,16,8,2,4,5,6,6,492,talk,talk,-0.156103402561795,-0.139864335146034,-0.321047229594725,-0.126398767605915,-0.10133030319571,-0.197045810516604,-0.103110833789894,-0.149739435045135,-0.200148560360201,-0.195661568562671,-0.939024390243902,-0.138914637065489,-0.138776622387231,-0.073585258633585,-0.092747506012391,-0.253446628714893,-0.045489353804776,-0.275279213181022,-0.204711452224029,-0.146972235706737,-0.10831997025569,-0.280809924996714,-0.120973453336199,-0.155832721548715,-0.109881986893391,-0.127022601294137,-0.275804352292129,-0.106146105297985
fly,fly,16,16,16,16,16,16,16,0,16,16,16,26,16,2,16,16,16,14,11,11,10,16,8,2,4,5,6,6,345,fly,fly,-0.176125352666965,-0.150743575126412,-0.210231127089983,-0.22181867867903,-0.242864989291097,-0.065042919125833,-0.156075151231756,-0.167357609933196,-0.182955963877939,-0.186428621659046,-0.125058150674538,-0.924637681159421,-0.211387501394135,-0.119180156207171,-0.231653162132628,-0.262780838743868,-0.036859666897688,-0.217211354089225,-0.147234268101032,-0.065095004692309,-0.23894862454003,-0.238489399702986,-0.143538703183142,-0.180881071391712,-0.176577033003328,-0.205673499242952,-0.291766345990245,-0.186812373073506
pull,pull,18,17,17,17,27,21,17,0,17,17,17,16,27,2,17,20,17,15,12,11,10,16,8,4,5,5,6,6,382,pull,pull,-0.251253688769431,-0.368876367820708,-0.297720710668404,-0.237958408058625,-0.361566976543442,-0.176689384503558,-0.146112845961074,-0.204102965476734,-0.115870753746361,-0.18262440468488,-0.128826850114639,-0.215879496234411,-0.929319371727749,-0.059717667516425,-0.294310456618755,-0.277461795059485,-0.152859037079678,-0.219179447056951,-0.155608047036265,-0.105573076928252,-0.254906919280991,-0.268617430093908,-0.143286955779891,-0.200646927907816,-0.143644337858434,-0.260677601865553,-0.314111009719171,-0.100212815916437
park,park,0,2,1,2,12,0,0,0,1,0,0,2,2,25,0,0,2,0,0,0,0,0,0,3,0,0,0,0,52,park,park,-0.077496467419785,-0.013600375441791,-0.131656183439856,-0.277822239505461,0.150672911527135,-0.105547797603043,-0.170361533464477,-0.067908283844356,-0.055946280935524,-0.159227679132686,-0.073585258633585,-0.086515719194908,-0.026491731149127,-0.51923076923077,-0.191755405450563,-0.297315179530397,0.012653120636968,-0.155102035551285,-0.01761105722175,-0.109433934950592,-0.116409702488506,-0.127416885663861,-0.11159560418745,0.044057639172429,-0.073294100213157,-0.091406916722322,-0.297315179530397,-0.216784269340655
drive,drive,32,31,32,31,31,32,31,0,31,31,30,16,17,0,32,17,19,14,11,11,10,16,8,2,4,5,6,6,506,drive,drive,-0.055871103019598,-0.130529099743008,-0.141348245138715,-0.310138639860712,-0.20490879929938,-0.104215742490697,-0.134720395154374,-0.155753893110955,-0.099433680613162,-0.108952336350304,-0.094434578219082,-0.246409420367147,-0.305216236475138,-0.191755405450563,-0.936758893280633,-0.329369884794571,-0.125014218372759,-0.181142913607394,-0.109443395490618,0.004059966390459,-0.315930186096131,-0.279342513146657,-0.122363261546187,-0.151324243342844,-0.223829610651946,-0.250283092333672,-0.351109015229354,-0.126755043874168
walk,walk,18,17,17,17,20,20,17,0,17,17,17,16,20,0,17,20,17,15,12,11,10,16,8,3,5,5,6,6,364,walk,walk,-0.23602366602096,-0.131345252955571,-0.413843176855809,-0.402469320127827,-0.230446832378362,-0.125531922315342,-0.08887333373435,-0.109360450767676,-0.101029070306071,-0.170124055165539,-0.241296177540052,-0.265201606382027,-0.274872761056838,-0.297315179530397,-0.316263426035939,-0.945054945054945,-0.108815157443024,-0.35083794191817,-0.130212874228362,-0.198294062948242,-0.233470457537177,-0.193174659555645,-0.152057239517338,-0.253756091749919,-0.122045903949755,-0.188721168709885,-0.983516483516484,-0.266865039141021
lean,lean,19,20,19,19,21,19,19,0,20,19,19,16,17,2,19,17,21,14,11,11,10,16,8,2,4,5,6,6,379,lean,lean,-0.119642959744672,-0.128726601860185,-0.179358093942901,-0.077631477183642,-0.171536222299785,-0.302441834876245,-0.105609590985164,-0.072511585689684,-0.14700692697041,-0.066744470611444,-0.033975313862266,-0.041020119652841,-0.152506773614235,-0.02053137296969,-0.112431699366011,-0.11066357287983,-0.944591029023747,-0.222561531124415,-0.064178187972244,-0.100077088854135,-0.095207571572321,-0.019854905119913,-0.148538302170713,-0.156256374915012,-0.155656342749925,-0.085380377595413,-0.139687319581677,-0.103791830533432
eat,eat,15,15,15,14,16,17,14,0,15,14,14,14,15,0,14,15,14,17,12,12,10,14,8,4,6,5,6,6,321,eat,eat,-0.29930334257068,-0.170308248346063,-0.362916302354586,-0.188048526273617,-0.219472264037071,-0.168047119120641,-0.208044628095576,-0.107059669195667,-0.057043902410791,-0.322476212704799,-0.260120790568759,-0.214177357069043,-0.21171749080114,-0.155102035551285,-0.165197190632008,-0.345317761164345,-0.215887137943475,-0.947040498442368,-0.100198242596479,-0.076191997338052,-0.078666803732972,-0.193336059007921,-0.177310063259932,-0.213929477766003,-0.407279762557103,-0.12734094272726,-0.373355144341915,-0.162901898042328
face,face,12,12,11,11,13,12,11,1,12,11,11,11,12,0,11,12,11,12,17,11,10,11,8,3,5,5,6,6,268,face,face,-0.184176344513394,-0.191276246409363,-0.181085719781276,-0.086406506690499,-0.151784795920134,-0.191291432231959,-0.032486249922022,-0.22038756731406,-0.158549735275184,-0.076489311789961,-0.186024399681862,-0.138073549952644,-0.142245540198725,-0.01761105722175,-0.090137749805998,-0.118403787792409,-0.052157158554688,-0.092805300763587,-0.936567164179105,-0.169579361443922,-0.168060655198222,-0.193774694286958,-0.10200763047324,-0.094954535375154,-0.018976984672797,-0.17679135368796,-0.140791847493902,-0.131917743045172
lying,lying,11,11,15,11,11,13,11,1,12,12,11,11,11,0,11,11,11,12,11,19,10,11,10,3,4,5,6,6,271,lying,lying,-0.014294405147826,-0.057467025221913,-0.285858916676428,-0.065597234924358,-0.046225937534077,-0.091247753972989,-0.026839259256004,-0.19481332338776,-0.051914998077304,-0.074642505236134,-0.128739553379914,-0.056388656759265,-0.093778482542518,-0.109433934950592,0.022911241859736,-0.187923437263963,-0.088510429651923,-0.069294732103718,-0.170033731659265,-0.929889298892989,-0.210462280336561,-0.089998848139432,-0.080166252333746,-0.015361415953601,-0.029219139208795,-0.092767144189384,-0.206373621765808,-0.028978894409936
hit,hit,10,10,10,10,10,10,10,0,10,10,10,10,10,0,10,10,10,10,10,10,10,10,8,2,4,5,6,6,231,hit,hit,-0.020147565595028,-0.08763198175768,-0.080459574340916,-0.198867383320094,-0.097664299593961,-0.088233533727176,-0.005995562606723,-0.253212967348536,-0.217282941394785,-0.134369740870831,-0.085355130217679,-0.224644088496363,-0.237794886462152,-0.116409702488506,-0.29240298865589,-0.217652941719661,-0.078302752556684,-0.066529408418006,-0.162084044743999,-0.204072606050208,-0.956709956709957,-0.217689001204088,-0.084118842060562,-0.143752200593295,-0.152665054409906,-0.228539038110667,-0.234968959035678,-0.094116890445146
play,play,16,16,16,16,16,16,16,0,16,16,16,16,16,0,16,16,16,14,11,11,10,16,8,2,4,5,6,6,333,play,play,-0.207564361288626,-0.165916328793832,-0.281819676213695,-0.144930634202154,-0.156844904507376,-0.1830411356721,-0.180571719686843,-0.123180553973716,-0.186024166596077,-0.273922162098517,-0.265282202151918,-0.236818163249141,-0.262454198799786,-0.127416885663861,-0.262915018458293,-0.189082655463641,-0.014023215910915,-0.194907724130988,-0.201786437373328,-0.097556221010458,-0.230949014464102,-0.951951951951952,-0.203109368511399,-0.187724738562184,-0.157807264511822,-0.315470424446853,-0.219112685493671,-0.297850906500597
rest,rest,8,8,9,8,8,9,8,1,8,9,8,8,8,0,8,8,8,8,8,10,8,8,10,2,4,5,6,6,199,rest,rest,-0.079862069932984,-0.093017832376537,-0.239764559010902,-0.167091599306236,-0.075494016245303,-0.111522509203622,-0.01543942627899,-0.166171343716166,-0.075091621347846,-0.188890663180736,-0.097032610912699,-0.126526103955117,-0.124028359131728,-0.11159560418745,-0.097972533200903,-0.133834256470234,-0.129445476565112,-0.162031176614868,-0.091657371716771,-0.066815365056029,-0.078549871667471,-0.186932387510297,-0.949748743718593,-0.191489185858647,-0.181698547971614,-0.029160916239538,-0.143884507726516,-0.093789878269006
follow,follow,4,3,4,3,5,6,3,0,3,3,2,2,4,3,2,3,2,4,3,3,2,2,2,10,3,2,2,2,87,follow,follow,-0.210328330273602,-0.281558068484264,-0.169566639336506,-0.12597742822512,-0.232200432074273,-0.155347411862402,-0.178429878790893,-0.220334682516732,-0.120396761085151,-0.217798759644358,-0.136909256451995,-0.163689667093861,-0.165141120602044,0.020848090100811,-0.132288306765678,-0.227515091370988,-0.138544914022767,-0.180413525461781,-0.071665806605211,0.008051231965981,-0.129421703504177,-0.170742238821064,-0.178550931367802,-0.885057471264367,-0.156372419880512,-0.113679728830787,-0.239009344244551,-0.082864822277095
feed,feed,5,5,4,4,6,6,4,0,4,4,4,4,5,0,4,5,4,6,5,4,4,4,4,3,6,4,4,4,116,feed,feed,-0.001942302732028,-0.108255261149027,-0.090965517883537,-0.107221044713635,-0.087003575331022,-0.046790886116067,-0.155250800252462,-0.152670323696354,-0.144659732448938,-0.235270709770578,-0.083529309573514,-0.153688477281189,-0.113629894818174,-0.073294100213157,-0.197251990371177,-0.092678719410157,-0.131727673838998,-0.374247213411115,0.005469747185155,-0.009496528189581,-0.135498313105234,-0.135336517903144,-0.167316291863487,-0.164993109535684,-0.948275862068966,-0.151224653029955,-0.101299409065329,-0.156660729688672
kick,kick,5,5,5,5,5,5,5,0,5,5,5,5,5,0,5,5,5,5,5,5,5,5,5,2,4,5,5,5,126,kick,kick,-0.029647074187275,-0.250827275588564,-0.097458470178012,-0.151138872617547,-0.074869559547669,-0.050468037832475,-0.009004732691723,-0.160948882978997,-0.172696034968723,-0.054322210886251,-0.097502663237613,-0.180483713183601,-0.234084067418615,-0.091406916722322,-0.220481975576033,-0.16277489276361,-0.058890450050076,-0.103234727032259,-0.155765530423331,-0.071534789008689,-0.210501520073149,-0.290802899779328,-0.014604004697702,-0.120795218704897,-0.153961379904613,-0.96031746031746,-0.16277489276361,-0.194301439957958
walk,walk,6,6,6,6,6,6,6,0,6,6,6,6,6,0,6,6,6,6,6,6,6,6,6,2,4,5,6,6,149,walk,walk,-0.24520575909567,-0.137780093283029,-0.420278017183266,-0.408904160455285,-0.245123430947578,-0.140208520884558,-0.095308174061808,-0.109360450767676,-0.107463910633529,-0.176558895492997,-0.247731017867509,-0.268889193962232,-0.289549359626054,-0.297315179530397,-0.322698266363396,-0.959731543624162,-0.115249997770482,-0.351778276751123,-0.122911450819556,-0.188245386792183,-0.220674528633865,-0.19686224713585,-0.133766805119521,-0.248575031199731,-0.108936530102126,-0.168900385466283,-0.959731543624162,-0.243080099248698
skate,skate,6,6,6,6,6,6,6,0,6,6,6,6,6,0,6,6,6,6,6,6,6,6,6,2,4,5,6,6,149,skate,skate,-0.166595841338314,-0.079774290024012,-0.114417035152146,-0.276826270810687,-0.042377308312149,-0.052300667865268,-0.048456104490984,-0.067640033319278,-0.050042390987264,-0.137797801377902,-0.078072770873365,-0.163935221045493,-0.07565116582332,-0.216784269340655,-0.098344295008211,-0.243080099248698,-0.079354508722237,-0.141325030451536,-0.114037346370826,-0.010850659436311,-0.079822460043333,-0.275600468142776,-0.083672175662012,-0.092430509232275,-0.164297850725469,-0.200426932660632,-0.243080099248698,-0.959731543624162
wear,wear,1,0.266030281591311,0.290039076295335,0.214553741270266,0.325969149786645,0.264197376732972,0.295751746071148,0.156612918220649,0.147628632513153,0.285775026784298,0.217079012317892,0.222502164261167,0.298374107617598,0.077496467419785,0.119112209738965,0.285474215471509,0.169774885866044,0.346032314533297,0.228952463916379,0.054884811051885,0.063437608885071,0.255612409336674,0.12006307495811,0.256305341767854,0.04504575100789,0.069329613869815,0.285474215471509,0.206864297714153,,,,0.748683116163016,0.095924591072914,0.032021070141392,0.026476296090934,0.018159135015248,0.018574993069033,0.014139173828667,0,0.006237870806765,0.00776268367064,0.004158580537843,0.002217909620183,0.002495148322706,0,0.004435819240366,0.002495148322706,0.002633767673967,0.002079290268922,0.001663432215137,0.001524812863876,0.001386193512614,0.002217909620183,0.001108954810091,0.000554477405046,0.000693096756307,0.000693096756307,0.000831716107569,0.000831716107569
hold,hold,0.266030281591311,1,0.397058955705506,0.166982762027774,0.415057878762682,0.199048608842136,0.212674133093218,0.193239418980701,0.211517842623675,0.239070201494863,0.200839944902131,0.197120386720615,0.413378985621755,0.052061913903329,0.191793921877396,0.178048549658868,0.181497050408998,0.21703722030868,0.236052365812348,0.098057431125972,0.130922025047723,0.21396437684188,0.133218837401662,0.316040827104954,0.151358709424889,0.290509815271104,0.178048549658868,0.120042746399851,,,,0.270629644114196,0.288228392647634,0.08955807587016,0.074305827141181,0.054360578803285,0.050840829096598,0.039890496675792,0.001173249902229,0.019554165037153,0.021509581540868,0.011732499022292,0.006257332811889,0.006648416112632,0.000782166601486,0.012123582323035,0.006648416112632,0.007821666014861,0.005866249511146,0.004692999608917,0.004301916308174,0.003910833007431,0.006257332811889,0.003128666405944,0.001173249902229,0.001955416503715,0.001955416503715,0.002346499804458,0.002346499804458
sit,sit,0.290039076295335,0.397058955705506,1,0.28256311294856,0.278315647076935,0.346374777871899,0.180963882904389,0.094384363735286,0.173058692356074,0.404865925704205,0.382022839350822,0.256607938684186,0.342223328469451,0.150886952670625,0.204589351858083,0.460546473559105,0.229490020064273,0.409645274317203,0.222130495900679,0.341209470181963,0.123749617630959,0.329867724261743,0.284990689664169,0.215543650830759,0.125448276504226,0.137141009860552,0.460546473559105,0.154685491527985,,,,0.143122676579926,0.141883519206939,0.155514250309789,0.118959107806691,0.081164807930607,0.086121437422553,0.063197026022305,0.000619578686493,0.028500619578687,0.036555142503098,0.018587360594796,0.009913258983891,0.010532837670384,0.000619578686493,0.019826517967782,0.010532837670384,0.011771995043371,0.009293680297398,0.006815365551425,0.009293680297398,0.006195786864932,0.009913258983891,0.005576208178439,0.002478314745973,0.002478314745973,0.003097893432466,0.003717472118959,0.003717472118959
ride,ride,0.214553741270266,0.166982762027774,0.28256311294856,1,0.22418568274663,0.157437120055401,0.150437530901967,0.05824683851367,0.123525137741682,0.235432770946621,0.187374377362012,0.268195490273233,0.282461025859672,0.316283777967,0.371403461995099,0.449172616831124,0.127763403305014,0.231662233438726,0.127451282809901,0.106187640828417,0.242157426610137,0.192978682250202,0.207292604331361,0.16046018684581,0.141703803334325,0.190821412300086,0.449172616831124,0.317094727186526,,,,0.131001371742112,0.130315500685871,0.131687242798354,0.132373113854595,0.090534979423868,0.089849108367627,0.069958847736626,0,0.030864197530864,0.03840877914952,0.020576131687243,0.010973936899863,0.011659807956104,0.001371742112483,0.021262002743484,0.011659807956104,0.013031550068587,0.00960219478738,0.007544581618656,0.007544581618656,0.006858710562414,0.010973936899863,0.005486968449931,0.002057613168724,0.002743484224966,0.003429355281207,0.004115226337449,0.004115226337449
carry,carry,0.325969149786645,0.415057878762682,0.278315647076935,0.22418568274663,1,0.210202542083144,0.370404847491059,0.229853752064281,0.138284435575838,0.229500952837437,0.162305912951808,0.2892418008853,0.432247604815693,0.080096319242096,0.266173621433768,0.285391887323417,0.226945193276038,0.269316500797195,0.200292258606701,0.086816343438136,0.140954342884004,0.204892952555424,0.115695021270429,0.289671696442089,0.138727713262057,0.114552099230209,0.285391887323417,0.082645764687988,,,,0.099167297501893,0.105223315669947,0.099167297501893,0.099924299772899,0.145344436033308,0.100681302043906,0.076457229371688,0.001514004542014,0.03557910673732,0.040878122634368,0.022710068130204,0.012112036336109,0.020439061317184,0.009084027252082,0.023467070401211,0.015140045420136,0.015897047691143,0.012112036336109,0.009841029523089,0.008327024981075,0.007570022710068,0.012112036336109,0.006056018168055,0.003785011355034,0.004542013626041,0.003785011355034,0.004542013626041,0.004542013626041
look,look,0.264197376732972,0.199048608842136,0.346374777871899,0.157437120055401,0.210202542083144,1,0.205138904367381,0.184274161973503,0.234587053436628,0.338787193125372,0.258021420272701,0.111419730720035,0.231663206493087,0.105547797603043,0.167456849210065,0.180476977260397,0.352573760997617,0.221006620678273,0.236067551634944,0.139218233677786,0.131523577017219,0.231089183720148,0.156748639856888,0.224312929103782,0.098515024047102,0.090150577515015,0.180476977260397,0.092569124241107,,,,0.106096595407759,0.102929532858274,0.110055423594616,0.103721298495645,0.105304829770388,0.114806017418844,0.080760095011877,0,0.036421219319082,0.046714172604909,0.02375296912114,0.012668250197941,0.016627078384798,0,0.025336500395883,0.015835312747427,0.015043547110056,0.013460015835313,0.009501187648456,0.010292953285827,0.007917656373713,0.012668250197941,0.007125890736342,0.004750593824228,0.004750593824228,0.003958828186857,0.004750593824228,0.004750593824228
use,use,0.295751746071148,0.212674133093218,0.180963882904389,0.150437530901967,0.370404847491059,0.205138904367381,1,0.158654246925975,0.184470568281288,0.14263477838527,0.164086443545992,0.202451962825959,0.190615463762121,0.170361533464477,0.195985217288761,0.135576630437647,0.155741517106536,0.251658335260685,0.073531026041425,0.067429665160063,0.049285605896766,0.228619767734891,0.055640431304115,0.212912637411582,0.189733558873152,0.048687272374263,0.135576630437647,0.088724560866823,,,,0.098360655737705,0.098360655737705,0.098360655737705,0.098360655737705,0.097396335583414,0.098360655737705,0.098360655737705,0,0.043394406943105,0.053037608486017,0.028929604628737,0.01542912246866,0.016393442622951,0,0.029893924783028,0.016393442622951,0.018322082931533,0.013500482160077,0.010607521697204,0.010607521697204,0.009643201542912,0.01542912246866,0.00771456123433,0.002892960462874,0.003857280617165,0.004821600771456,0.005785920925747,0.005785920925747
cover,cover,0.156612918220649,0.193239418980701,0.094384363735286,0.05824683851367,0.229853752064281,0.184274161973503,0.158654246925975,1,0.1797042771958,0.108456945761145,0.149739435045135,0.167357609933196,0.204102965476734,0.067908283844356,0.155753893110955,0.109360450767676,0.072511585689684,0.107059669195667,0.224118910597642,0.198503360288129,0.253212967348536,0.123180553973716,0.171196469344307,0.220334682516732,0.152670323696354,0.160948882978997,0.109360450767676,0.067640033319278,,,,0,0.033707865168539,0.01123595505618,0,0.02247191011236,0,0,0.887640449438202,0.01123595505618,0,0,0,0,0,0,0,0,0,0.01123595505618,0.01123595505618,0,0,0.01123595505618,0,0,0,0,0
touch,touch,0.147628632513153,0.211517842623675,0.173058692356074,0.123525137741682,0.138284435575838,0.234587053436628,0.184470568281288,0.1797042771958,1,0.174228780503635,0.261124170116298,0.229332775472142,0.160373371547408,0.075177050166293,0.160698502747549,0.147732367009368,0.199777375519223,0.103772874373408,0.203325854678169,0.096195440881732,0.260572984684828,0.234072214644125,0.115292626372971,0.154879519705841,0.179142491069627,0.212378574651263,0.147732367009368,0.090310847363103,,,,0.067064083457526,0.07451564828614,0.068554396423249,0.067064083457526,0.070044709388972,0.068554396423249,0.067064083457526,0.001490312965723,0.107302533532042,0.067064083457526,0.044709388971684,0.023845007451565,0.025335320417288,0.001490312965723,0.046199701937407,0.025335320417288,0.029806259314456,0.022354694485842,0.017883755588674,0.017883755588674,0.014903129657228,0.023845007451565,0.011922503725783,0.004470938897168,0.005961251862891,0.007451564828614,0.008941877794337,0.008941877794337
watch,watch,0.285775026784298,0.239070201494863,0.404865925704205,0.235432770946621,0.229500952837437,0.338787193125372,0.14263477838527,0.108456945761145,0.174228780503635,1,0.256637178318768,0.232805433253249,0.227127022485927,0.159227679132686,0.170217158484691,0.216827351868835,0.116876396732816,0.366089919869908,0.117534087909364,0.118922948040562,0.177659784160874,0.321970210146565,0.234116793834002,0.252281518265048,0.269753468391267,0.094004750568791,0.216827351868835,0.178066257753741,,,,0.077348066298343,0.075966850828729,0.081491712707182,0.077348066298343,0.074585635359116,0.081491712707182,0.075966850828729,0,0.062154696132597,0.081491712707182,0.041436464088398,0.022099447513812,0.023480662983426,0,0.042817679558011,0.023480662983426,0.026243093922652,0.019337016574586,0.015193370165746,0.016574585635359,0.013812154696133,0.022099447513812,0.012430939226519,0.00414364640884,0.005524861878453,0.006906077348066,0.00828729281768,0.00828729281768
talk,talk,0.217079012317892,0.200839944902131,0.382022839350822,0.187374377362012,0.162305912951808,0.258021420272701,0.164086443545992,0.149739435045135,0.261124170116298,0.256637178318768,1,0.171434962268741,0.173329467915686,0.073585258633585,0.153723115768489,0.287999474243348,0.084107239983638,0.303734497733868,0.227069175801265,0.169329959283973,0.128645173507722,0.313330250199966,0.137233615937825,0.159897762199121,0.118012068194204,0.137185202920153,0.287999474243348,0.118341227249204,,,,0.060975609756098,0.060975609756098,0.060975609756098,0.060975609756098,0.060975609756098,0.060975609756098,0.060975609756098,0,0.060975609756098,0.060975609756098,0.060975609756098,0.032520325203252,0.034552845528455,0,0.060975609756098,0.034552845528455,0.038617886178862,0.028455284552846,0.022357723577236,0.022357723577236,0.020325203252033,0.032520325203252,0.016260162601626,0.004065040650407,0.008130081300813,0.010162601626016,0.01219512195122,0.01219512195122
fly,fly,0.222502164261167,0.197120386720615,0.256607938684186,0.268195490273233,0.2892418008853,0.111419730720035,0.202451962825959,0.167357609933196,0.229332775472142,0.232805433253249,0.171434962268741,1,0.257764312988338,0.124977257656447,0.278029973726831,0.309157650338071,0.083236478491891,0.257791064234152,0.179118326072047,0.096979062663324,0.267934131786406,0.284866211297189,0.166727108980243,0.186678172840987,0.188171235901878,0.22016625286614,0.309157650338071,0.204203677421332,,,,0.046376811594203,0.046376811594203,0.046376811594203,0.046376811594203,0.046376811594203,0.046376811594203,0.046376811594203,0,0.046376811594203,0.046376811594203,0.046376811594203,0.07536231884058,0.046376811594203,0.005797101449275,0.046376811594203,0.046376811594203,0.046376811594203,0.040579710144928,0.031884057971015,0.031884057971015,0.028985507246377,0.046376811594203,0.023188405797102,0.005797101449275,0.011594202898551,0.014492753623188,0.017391304347826,0.017391304347826
pull,pull,0.298374107617598,0.413378985621755,0.342223328469451,0.282461025859672,0.432247604815693,0.231663206493087,0.190615463762121,0.204102965476734,0.160373371547408,0.227127022485927,0.173329467915686,0.257764312988338,1,0.064953269610666,0.338813074419802,0.329817816001893,0.197361654880726,0.258446462763757,0.18702165960171,0.134368888446577,0.281084929752195,0.310502246847834,0.164229364156854,0.211118132096297,0.156733343094036,0.273766607101155,0.329817816001893,0.115919622199159,,,,0.047120418848168,0.044502617801047,0.044502617801047,0.044502617801047,0.070680628272251,0.054973821989529,0.044502617801047,0,0.044502617801047,0.044502617801047,0.044502617801047,0.041884816753927,0.070680628272251,0.005235602094241,0.044502617801047,0.052356020942408,0.044502617801047,0.039267015706806,0.031413612565445,0.028795811518325,0.026178010471204,0.041884816753927,0.020942408376963,0.010471204188482,0.013089005235602,0.013089005235602,0.015706806282723,0.015706806282723
park,park,0.077496467419785,0.052061913903329,0.150886952670625,0.316283777967,0.080096319242096,0.105547797603043,0.170361533464477,0.067908283844356,0.075177050166293,0.159227679132686,0.073585258633585,0.124977257656447,0.064953269610666,1,0.191755405450563,0.297315179530397,0.025808417824571,0.155102035551285,0.01761105722175,0.109433934950592,0.116409702488506,0.127416885663861,0.11159560418745,0.013634668519879,0.073294100213157,0.091406916722322,0.297315179530397,0.216784269340655,,,,0,0.038461538461539,0.019230769230769,0.038461538461539,0.230769230769231,0,0,0,0.019230769230769,0,0,0.038461538461539,0.038461538461539,0.480769230769231,0,0,0.038461538461539,0,0,0,0,0,0,0.057692307692308,0,0,0,0
drive,drive,0.119112209738965,0.191793921877396,0.204589351858083,0.371403461995099,0.266173621433768,0.167456849210065,0.195985217288761,0.155753893110955,0.160698502747549,0.170217158484691,0.153723115768489,0.278029973726831,0.338813074419802,0.191755405450563,1,0.362966722739235,0.162563625487383,0.208810897797117,0.131182525925401,0.017679164044323,0.335693031945933,0.310963066506341,0.138173538226029,0.155276812512804,0.231734748991867,0.260164515258573,0.362966722739235,0.13861275138405,,,,0.063241106719368,0.061264822134387,0.063241106719368,0.061264822134387,0.061264822134387,0.063241106719368,0.061264822134387,0,0.061264822134387,0.061264822134387,0.059288537549407,0.031620553359684,0.033596837944664,0,0.063241106719368,0.033596837944664,0.037549407114625,0.027667984189723,0.021739130434783,0.021739130434783,0.019762845849802,0.031620553359684,0.015810276679842,0.00395256916996,0.007905138339921,0.009881422924901,0.011857707509882,0.011857707509882
walk,walk,0.285474215471509,0.178048549658868,0.460546473559105,0.449172616831124,0.285391887323417,0.180476977260397,0.135576630437647,0.109360450767676,0.147732367009368,0.216827351868835,0.287999474243348,0.309157650338071,0.329817816001893,0.297315179530397,0.362966722739235,1,0.15551845414632,0.392046733126962,0.163179907195394,0.228513843168022,0.260942985009704,0.237130703511689,0.17403526149536,0.261997849991678,0.135782167686019,0.202457432446149,1,0.283348555624537,,,,0.04945054945055,0.046703296703297,0.046703296703297,0.046703296703297,0.054945054945055,0.054945054945055,0.046703296703297,0,0.046703296703297,0.046703296703297,0.046703296703297,0.043956043956044,0.054945054945055,0,0.046703296703297,0.054945054945055,0.046703296703297,0.041208791208791,0.032967032967033,0.03021978021978,0.027472527472528,0.043956043956044,0.021978021978022,0.008241758241758,0.013736263736264,0.013736263736264,0.016483516483517,0.016483516483517
lean,lean,0.169774885866044,0.181497050408998,0.229490020064273,0.127763403305014,0.226945193276038,0.352573760997617,0.155741517106536,0.072511585689684,0.199777375519223,0.116876396732816,0.084107239983638,0.083236478491891,0.197361654880726,0.025808417824571,0.162563625487383,0.15551845414632,1,0.259500845108584,0.093201934674091,0.129100835555982,0.121592795846727,0.062071263958963,0.169646481590238,0.161533419769893,0.166210432459687,0.098572989732616,0.15551845414632,0.119622965098075,,,,0.050131926121372,0.052770448548813,0.050131926121372,0.050131926121372,0.055408970976253,0.050131926121372,0.050131926121372,0,0.052770448548813,0.050131926121372,0.050131926121372,0.04221635883905,0.044854881266491,0.005277044854881,0.050131926121372,0.044854881266491,0.055408970976253,0.036939313984169,0.029023746701847,0.029023746701847,0.026385224274406,0.04221635883905,0.021108179419525,0.005277044854881,0.010554089709763,0.013192612137203,0.015831134564644,0.015831134564644
eat,eat,0.346032314533297,0.21703722030868,0.409645274317203,0.231662233438726,0.269316500797195,0.221006620678273,0.251658335260685,0.107059669195667,0.103772874373408,0.366089919869908,0.303734497733868,0.257791064234152,0.258446462763757,0.155102035551285,0.208810897797117,0.392046733126962,0.259500845108584,1,0.137581420166572,0.113575174908146,0.109819451708049,0.23694976617303,0.202232181639994,0.226390536956034,0.425971351342149,0.142917266714798,0.392046733126962,0.181593486827375,,,,0.046728971962617,0.046728971962617,0.046728971962617,0.043613707165109,0.049844236760125,0.052959501557632,0.043613707165109,0,0.046728971962617,0.043613707165109,0.043613707165109,0.043613707165109,0.046728971962617,0,0.043613707165109,0.046728971962617,0.043613707165109,0.052959501557632,0.037383177570094,0.037383177570094,0.031152647975078,0.043613707165109,0.024922118380062,0.012461059190031,0.018691588785047,0.015576323987539,0.018691588785047,0.018691588785047
face,face,0.228952463916379,0.236052365812348,0.222130495900679,0.127451282809901,0.200292258606701,0.236067551634944,0.073531026041425,0.224118910597642,0.203325854678169,0.117534087909364,0.227069175801265,0.179118326072047,0.18702165960171,0.01761105722175,0.131182525925401,0.163179907195394,0.093201934674091,0.137581420166572,1,0.210624137563324,0.205374088034042,0.234819470406361,0.131858376741897,0.1061485652259,0.037633701090708,0.19544807010587,0.163179907195394,0.154305802746665,,,,0.044776119402985,0.044776119402985,0.041044776119403,0.041044776119403,0.048507462686567,0.044776119402985,0.041044776119403,0.003731343283582,0.044776119402985,0.041044776119403,0.041044776119403,0.041044776119403,0.044776119402985,0,0.041044776119403,0.044776119402985,0.041044776119403,0.044776119402985,0.063432835820896,0.041044776119403,0.037313432835821,0.041044776119403,0.029850746268657,0.011194029850746,0.018656716417911,0.018656716417911,0.022388059701493,0.022388059701493
lying,lying,0.054884811051885,0.098057431125972,0.341209470181963,0.106187640828417,0.086816343438136,0.139218233677786,0.067429665160063,0.198503360288129,0.096195440881732,0.118922948040562,0.169329959283973,0.096979062663324,0.134368888446577,0.109433934950592,0.017679164044323,0.228513843168022,0.129100835555982,0.113575174908146,0.210624137563324,1,0.247362649340251,0.130589254043491,0.117066621337436,0.026431526654708,0.043979286810271,0.111217328691228,0.228513843168022,0.05111911581215,,,,0.040590405904059,0.040590405904059,0.055350553505535,0.040590405904059,0.040590405904059,0.047970479704797,0.040590405904059,0.003690036900369,0.044280442804428,0.044280442804428,0.040590405904059,0.040590405904059,0.040590405904059,0,0.040590405904059,0.040590405904059,0.040590405904059,0.044280442804428,0.040590405904059,0.070110701107011,0.03690036900369,0.040590405904059,0.03690036900369,0.011070110701107,0.014760147601476,0.018450184501845,0.022140221402214,0.022140221402214
hit,hit,0.063437608885071,0.130922025047723,0.123749617630959,0.242157426610137,0.140954342884004,0.131523577017219,0.049285605896766,0.253212967348536,0.260572984684828,0.177659784160874,0.128645173507722,0.267934131786406,0.281084929752195,0.116409702488506,0.335693031945933,0.260942985009704,0.121592795846727,0.109819451708049,0.205374088034042,0.247362649340251,1,0.260979044494132,0.118750876692596,0.152410209251303,0.169981071725924,0.250184059755688,0.260942985009704,0.120090916419171,,,,0.043290043290043,0.043290043290043,0.043290043290043,0.043290043290043,0.043290043290043,0.043290043290043,0.043290043290043,0,0.043290043290043,0.043290043290043,0.043290043290043,0.043290043290043,0.043290043290043,0,0.043290043290043,0.043290043290043,0.043290043290043,0.043290043290043,0.043290043290043,0.043290043290043,0.043290043290043,0.043290043290043,0.034632034632035,0.008658008658009,0.017316017316017,0.021645021645022,0.025974025974026,0.025974025974026
play,play,0.255612409336674,0.21396437684188,0.329867724261743,0.192978682250202,0.204892952555424,0.231089183720148,0.228619767734891,0.123180553973716,0.234072214644125,0.321970210146565,0.313330250199966,0.284866211297189,0.310502246847834,0.127416885663861,0.310963066506341,0.237130703511689,0.062071263958963,0.23694976617303,0.234819470406361,0.130589254043491,0.260979044494132,1,0.227133392535423,0.19373074456819,0.169819276523834,0.330485439461868,0.237130703511689,0.315868924518615,,,,0.048048048048048,0.048048048048048,0.048048048048048,0.048048048048048,0.048048048048048,0.048048048048048,0.048048048048048,0,0.048048048048048,0.048048048048048,0.048048048048048,0.048048048048048,0.048048048048048,0,0.048048048048048,0.048048048048048,0.048048048048048,0.042042042042042,0.033033033033033,0.033033033033033,0.03003003003003,0.048048048048048,0.024024024024024,0.006006006006006,0.012012012012012,0.015015015015015,0.018018018018018,0.018018018018018
rest,rest,0.12006307495811,0.133218837401662,0.284990689664169,0.207292604331361,0.115695021270429,0.156748639856888,0.055640431304115,0.171196469344307,0.115292626372971,0.234116793834002,0.137233615937825,0.166727108980243,0.164229364156854,0.11159560418745,0.138173538226029,0.17403526149536,0.169646481590238,0.202232181639994,0.131858376741897,0.117066621337436,0.118750876692596,0.227133392535423,1,0.201539437114928,0.201799050484176,0.054286544380241,0.17403526149536,0.123940632037851,,,,0.040201005025126,0.040201005025126,0.045226130653266,0.040201005025126,0.040201005025126,0.045226130653266,0.040201005025126,0.005025125628141,0.040201005025126,0.045226130653266,0.040201005025126,0.040201005025126,0.040201005025126,0,0.040201005025126,0.040201005025126,0.040201005025126,0.040201005025126,0.040201005025126,0.050251256281407,0.040201005025126,0.040201005025126,0.050251256281407,0.010050251256281,0.020100502512563,0.025125628140704,0.030150753768844,0.030150753768844
