on,on,1.0000000000000004,0.06310714843081065,0.12925051630909998,0.21562080209228582,0.2233714480592277,0.24542954083855173,0.24729832363803425,0.20171702818195075,0.2111143001330114,0.3290087481637698,0.33194429321082,0.3243451062506683,0.3265850235273826,0.28246929332613535,0.28464284042476706,0.33190482001417676,0.33665542359111866,0.34293464387704414,0.3298866703438347,0.10190698965889805,0.10190698965889805,0.1480431092017886,0.3958766908947766,0.3130356077052333,0.309670088430705,0.26478556277272547,0.32555136397638734,0.20958615234186248,0.21806211791026325,0.3710145675062493,0.30407450684229836,0.7599437725410353,0.7066579417774731,0.7267542509327921,0.7655366646927457,0.04276191590531744,0.14416456354607543,0.1250771052424533,0.7640367706453326,0.15811525887115063,0.37612673898570836,0.2160188333584684,0.21003135447496152,0.1248724249596384,0.22974059086445492,0.2696705150057,0.20409274030986274,0.16339467121825366,0.3135878709477773,0.13777397550966286,0.1488094769203389,0.7578949293243857,0.05394400469055367,0.10783715831267793,0.7362130046444408,0.7718160761976314,0.11420813741084937,0.18119307858833678,0.7248388983894806,0.11248674208248824,0.13444461277836922,0.18852254410037939,0.7481222295821506,0.33365046242192364,0.8032949325388281,0.142468749561167,0.2905785002385215,0.1705019405747158,0.03398126677462952,0.7179871490579387
wear,wear,0.06310714843081065,1.0000000000000007,0.009495625946035488,0.06532185721319309,0.1921725175001092,0.22494975555196856,0.17317401733743965,0.09614500106208884,0.2332333505543995,0.047621668586302485,0.026196439747436316,0.14882000890710165,0.20490117551686957,0.07041498729888565,0.06093396557996301,0.12483163266092989,0.22097130926420205,0.28229011959812433,-0.021981307092042233,0.2854742154715094,0.2854742154715094,0.20464801418604456,0.029883694096716772,0.05458498041564613,0.017735730281674272,0.19506824595281463,-0.013059894063672101,0.26603028159131115,0.0022577448125554846,0.07793727133230999,0.09854679644605793,0.060682011310789374,0.05584250369342256,0.09124688305874794,0.2306527222296797,0.21455374127026622,0.32596914978664515,0.26419737673297183,0.1741237281980187,0.29575174607114785,0.03724554269159136,0.26333327056209616,0.15661291822064938,0.14762863251315334,0.28577502678429806,0.1422159404651962,0.10512653028004497,-0.0014924570415978736,-0.07958443285033823,0.08971457709828493,0.11911220973896544,0.1202141291112134,0.2188234994856918,0.34603231453329686,0.09549112427706889,0.07643787749494522,0.2983741076175982,0.21707901231789242,0.16064399451741615,0.22250216426116742,0.22895246391637886,0.2556124093366742,0.19113866924985645,0.04344036191437182,0.11401181567684386,0.25630534176785447,0.06343760888507087,0.04504575100788966,0.06932961386981444,0.18800576407577216
has,has,0.12925051630909998,0.009495625946035488,1.0,0.11981347157825264,0.054177502448071437,0.07190850291468905,0.10281603992652621,0.12266259983219847,0.06950590990469933,0.1605216804723842,0.14288414194096377,0.11842423392752605,0.08855183041380413,0.13939961361131217,0.09642577698220896,0.22880448132001496,0.18084820819338812,0.15145492916548325,0.07125792670686595,-0.015272669602876002,-0.015272669602876002,0.2783610309349517,0.29128857297332006,0.09011381688110078,0.07952513347511814,0.04133642144993811,0.2856245606777914,0.07365850260956418,0.31575877488815596,0.09789201560955989,0.29848519033141946,0.14430675814102514,0.19643301527151394,0.214250138735662,0.08035762002169541,0.048923696019528395,0.0740876985895671,-0.009551980374167894,0.11041618719269883,0.1091707287863481,0.12990050204951548,-0.025143396173845426,0.04661738585496756,0.10713081732425733,0.035519835780416606,0.1549903150846243,0.12126209150601498,0.09011730336629435,0.12464048428990626,0.06420598977342895,0.04025446174752545,0.11182617178905352,0.03161901729573953,-0.02593332034828214,0.13015652850686724,0.08993681139238904,-0.015436012858153134,0.06886324986418993,0.1313846447290532,0.01350897752510547,0.02128718073618108,0.08465538856230015,0.06061049078754726,0.18742866577154788,0.12579574678641833,5.8693144886060034e-05,0.06953924803665748,0.04914070750418172,0.038010235798367015,0.05025063768660958
next to,next to,0.21562080209228582,0.06532185721319309,0.11981347157825264,1.0000000000000004,0.7498597766518169,0.7898673356170223,0.7746213405011646,0.7427235597140284,0.7520281152480918,0.13497144137719835,0.16998662423388072,0.24032131439458126,0.2706876513063403,0.1855655324254432,0.18979036377575048,0.10582916184819202,0.20621325074151953,0.2406065701913752,0.20370532784544232,0.1310926280848458,0.1310926280848458,0.3473675696549699,0.27926083445836175,0.15373822099100998,0.1368509497251726,0.17237984135303552,0.3989586740955907,0.24798650698306834,0.030349873138099275,0.08907958575153699,0.07217090136344587,0.3522828876459573,0.32358634883835224,0.31907431645610407,0.30266458581181005,0.09032285737045617,0.11917952949190022,0.18179875852287503,0.2720400923044982,0.07177239593313545,0.26889894137214854,-0.002614999656077822,0.14350280369444013,0.00024902558437341245,0.21451557560520046,0.17270825475178694,0.1044338034462852,0.07729554601209934,0.16603779453324144,0.03426347179890617,0.12233035245141854,0.2229538274678018,0.10212989776781076,0.11719799927040372,0.21657961464015762,0.18582662322540727,0.16595616356496423,0.12204506343557901,0.2660074993520445,0.1710537557326978,0.21448607651446439,0.22677920069231022,0.22736942238902527,0.24905153269141708,0.3822903972267755,0.275780950199677,0.1692924222090188,0.07522647524792415,0.14221256924797918,0.16926842596008074
sleep next to,sleep next to,0.2233714480592277,0.1921725175001092,0.054177502448071437,0.7498597766518169,1.0,0.7031151203554243,0.6283278525778165,0.6210083377624909,0.6702014654557116,0.09097915953989483,0.1759202750150712,0.2594331836224175,0.3478107262836403,0.23668089059282882,0.19530900984430405,0.09793796844919607,0.2167326381420418,0.31219011971153,0.16371047942467162,0.2581609540376165,0.2581609540376165,0.3878905913510937,0.20913057146980168,0.08742052599097944,0.19162742935314486,0.28936857268112837,0.29765508356540016,0.23930725806976327,0.00492232014976518,0.12560031972104038,0.04298686652508629,0.28718965498153204,0.3088553298691712,0.2945596342578344,0.3815931178270155,0.21711013813625923,0.16490272889162694,0.2004414520332986,0.29248855085821257,0.15083094443940898,0.21941347341736828,0.058235858448891675,0.15797466598529147,0.07358083242076202,0.3142660246568374,0.12678225153865874,0.18687385793357514,0.05935138970340906,0.11121565328865365,0.05523629601951644,0.1469766139076577,0.24432678313615047,0.14389720824992858,0.37931368305707525,0.2689349244024849,0.26213788404342686,0.19284990912212976,0.21775684282646307,0.3186584134114795,0.231859634721576,0.19198925343047418,0.30892982415607917,0.650449372403815,0.2531784973211647,0.40364977331997975,0.23718864660843159,0.16861643313808736,0.20724224372582653,0.16058713393163757,0.23927610458846718
sit next to,sit next to,0.24542954083855173,0.22494975555196856,0.07190850291468905,0.7898673356170223,0.7031151203554243,1.0000000000000004,0.8031761196960927,0.6400479130593146,0.7741634190242597,0.13271765161834426,0.2284946761056611,0.44350692281757675,0.6598360027808423,0.2644204018506786,0.2939558420221903,0.11760235212453943,0.3856229917074947,0.6174688456501978,0.18052952553072282,0.3745180212659994,0.3745180212659994,0.4552323283576648,0.22472868498090587,0.15682493700494546,0.2835137269011048,0.42334065376315055,0.2913119662939996,0.4083251854170996,-0.010739853264674557,0.1406239184541992,0.09353010408626891,0.35387047679951955,0.36836232704837335,0.36011815579081546,0.6761902861358688,0.2360434174564014,0.2516214771701061,0.3343431908412801,0.4580126080711729,0.15998653583459782,0.23013295529893138,0.0959995798781029,0.1505867813195719,0.10970685409484898,0.39207944403122275,0.17377070566429567,0.19861355563846989,0.13155689574249074,0.1225032763993524,0.052066072704642426,0.2069459579572911,0.29844208933730193,0.15584851911970377,0.33350111678621847,0.2759524738551057,0.32812818872858407,0.3216866082723011,0.319083897593205,0.34374297472674503,0.27071741716865705,0.2763860102442272,0.3523673499881378,0.3408786242570984,0.2697248983120566,0.42209351003327567,0.31101715786539896,0.18550079157690336,0.127030668239032,0.1768357538318808,0.2512029148658998
stand next to,stand next to,0.24729832363803425,0.17317401733743965,0.10281603992652621,0.7746213405011646,0.6283278525778165,0.8031761196960927,1.0000000000000002,0.6215613652402663,0.7242019069330419,0.15970044766130098,0.22952063991388372,0.6520961881723091,0.46891602442664415,0.2568223729715368,0.3278337867339852,0.13305259940553957,0.6118697593254967,0.4267899636980401,0.17391222241384957,0.31461909372713176,0.31461909372713176,0.4043750578566799,0.2680594386760947,0.1389957894333139,0.24395732314462465,0.35935668080112015,0.3033618453410507,0.4114149265339768,0.06891745452926289,0.09109919650198658,0.11561313607689588,0.36869500731042404,0.3195053146117499,0.34369542025143196,0.48428914083588925,0.18626714667668556,0.2592645040204396,0.33285494482524336,0.6687634143567619,0.12357902375504237,0.22821542619450674,0.11003575271872235,0.21808360262969312,0.11458813975282589,0.29340839294668203,0.26456416019871487,0.12328048563983465,0.052361773678994486,0.12891852971211795,0.08465510500419202,0.20065219545814267,0.2955228318392472,0.20294153250716365,0.23526035672408852,0.268925964522339,0.29828936693032904,0.32195010296892107,0.2310370340968585,0.3601865044975234,0.23942687321470796,0.3466168181858529,0.3119132768199083,0.27735615140623404,0.25058145558224626,0.3820452350663809,0.3515108057204601,0.19627676946542139,0.14523002220118184,0.22976256235118933,0.26960783609860556
park next,park next,0.20171702818195075,0.09614500106208884,0.12266259983219847,0.7427235597140284,0.6210083377624909,0.6400479130593146,0.6215613652402663,1.0000000000000007,0.6855639841512727,0.15229258220414144,0.17116585899231507,0.25417225829738216,0.2848002200738921,0.6205970703407679,0.25069955035881974,0.07797387027632999,0.20101864671380343,0.23567087384346902,0.3315113362151326,0.28840326226958046,0.28840326226958046,0.41802780702277686,0.2695835769645316,0.1689377136228004,0.23482338275576653,0.33661461993907,0.31996680742855066,0.20199197363642493,0.07534007863459341,0.10363628638518387,0.10083687250518596,0.2954708340394779,0.3214026354336267,0.3199160225499976,0.3070391076279155,0.27372676266710655,0.1341520911868413,0.19344111118642662,0.27612734143301476,0.1630040662906953,0.24431788257196035,0.04544025961663828,0.14232150917275943,0.05077668220990939,0.25160319357216726,0.13685956095948598,0.19282911256464869,0.27623824491743115,0.16722446524462964,0.02106723180647399,0.2114418933048501,0.27257004933523254,0.1694014203368696,0.18331182563158016,0.6414180665105665,0.20946550892801322,0.1554477558927111,0.1316979319655988,0.2300771833606986,0.19928746957539237,0.1562473100021431,0.238444076220917,0.26087439280429875,0.32290166411538257,0.3393241861399072,0.19483399376761942,0.19233408328603369,0.09998375007559115,0.15727215674580283,0.2549705889782127
walk next to,walk next to,0.2111143001330114,0.2332333505543995,0.06950590990469933,0.7520281152480918,0.6702014654557116,0.7741634190242597,0.7242019069330419,0.6855639841512727,1.0000000000000004,0.11047124093438061,0.18391016912103117,0.35967148047501635,0.4243057046144813,0.30575311321398024,0.27382479420883643,0.04754221102014242,0.28142543406006154,0.35279361378786045,0.24556534085297682,0.7520281523728001,0.7520281523728001,0.7144023291129006,0.22729919969452836,0.1379560705135145,0.22931172340680583,0.6313389470574124,0.26641248566090237,0.2832573902684232,0.06089482735953045,0.1282860229644719,0.10004848583693117,0.3032573307041252,0.36714824343432456,0.3475752955013302,0.4454776937704745,0.358693687810173,0.2689868928642099,0.2408658101066285,0.3802504836877944,0.13785988697794188,0.2602144652202748,0.032559154496489225,0.16812086994346342,0.09838820607477573,0.2867864298678957,0.10936687085954068,0.21080700391548463,0.15093470571700904,0.18832752473862263,0.030518542015053635,0.32265886078926,0.35214192659941645,0.17081039727713976,0.338580912371008,0.3242643720902348,0.26586821121425697,0.3296246287482718,0.2726257980131399,0.2949236397633066,0.3192775561275335,0.25109830421366786,0.308439196300368,0.3102437419122138,0.30574819303305645,0.36836845901780524,0.3575523135933436,0.2860500754393619,0.14029305538317474,0.22916031134805803,0.2909179958187456
above,above,0.3290087481637698,0.047621668586302485,0.1605216804723842,0.13497144137719835,0.09097915953989483,0.13271765161834426,0.15970044766130098,0.15229258220414144,0.11047124093438061,1.0000000000000009,0.26880671706079046,0.24758619085177275,0.22256296326619943,0.24450533314288675,0.1950388151669086,0.3385581004034274,0.3040234090492287,0.2811841702978272,0.3278677422678826,0.03118352044407901,0.03118352044407901,0.16372690781282143,0.29386814421453783,0.806470849113039,0.2534202256408407,0.1830980509008469,0.29357870664116087,0.1259500774150095,0.11123829708193908,0.4585255285981496,0.2140751102771418,0.4096212988926472,0.28558753022698113,0.3571737991097742,0.2636686230449554,0.08325851943419268,0.11275847360152746,0.09466914727967901,0.2888945171845728,0.08056273264851177,0.2978521361851154,0.18026311772855755,0.17327169052386623,0.16661142080121982,0.16287662460803512,0.19646463418073645,0.20700960114509992,0.17466067427379894,0.23752994172251213,0.19213613953257688,0.07356504878578461,0.2655868063337057,0.22631243014817742,0.047119110174098186,0.2854200398327977,0.2880912149635601,0.06875632583758262,-0.011090076428989468,0.3078261845764335,0.09679382666710988,0.13078559940185902,0.03922452929704293,0.220873360847691,0.3028472495505874,0.2992189150146999,0.06424608460370176,0.18977126086539103,0.1159918863854457,0.004125048805999179,0.25685276793614653
behind,behind,0.33194429321082,0.026196439747436316,0.14288414194096377,0.16998662423388072,0.1759202750150712,0.2284946761056611,0.22952063991388372,0.17116585899231507,0.18391016912103117,0.26880671706079046,1.0,0.7699339497436029,0.7716781426059478,0.7362985688416991,0.40118911694245085,0.34724251441139875,0.35919078689613915,0.3662184348665226,0.21245878584644057,0.1066246200053176,0.1066246200053176,0.21723235064853308,0.2883038112617243,0.23627456381894985,0.3887684814840471,0.3187080795688483,0.2604434962489671,0.19148896738946308,0.105036444117037,0.34774585880457154,0.2680531903913459,0.42587160259177337,0.44167404331673177,0.38503904507376124,0.34153728647112525,0.07471678595639739,0.1349346402522772,0.09655893532011177,0.33868845363787325,0.1276968826383337,0.19834094911392408,0.15500804595897388,0.15778486335428743,0.19687513834188258,0.2073865451973697,0.29884958571615466,0.4037328355077376,0.17080254822618263,0.2078075814612886,0.11164009325981512,0.16250818823885782,0.3262011980191203,0.2075249019652776,0.10381050323146862,0.2826732936856994,0.2947075736192319,0.2597291930065925,0.14849145669593677,0.3200729233280353,0.05566144909550982,0.17144201474963713,0.18801909252452378,0.28457165249488375,0.382264653116446,0.3714727705522334,0.15519443906161864,0.21728681996404187,0.1413389933255563,0.07101056025553851,0.2671768254336351
stand behind,stand behind,0.3243451062506683,0.14882000890710165,0.11842423392752605,0.24032131439458126,0.2594331836224175,0.44350692281757675,0.6520961881723091,0.25417225829738216,0.35967148047501635,0.24758619085177275,0.7699339497436029,1.0000000000000007,0.7971172261067982,0.6160354633962076,0.46711335244444857,0.29063800516180205,0.7149394397807729,0.5109614303684651,0.1806555632970458,0.30064483025410627,0.30064483025410627,0.3223262788987574,0.27556397040255143,0.1934416312438886,0.4090393982057148,0.4565709528305127,0.21525609640754578,0.37722978383055533,0.11783896758055881,0.25963333985903453,0.24352420424154703,0.41872862929653243,0.39813738672821075,0.3886257751763956,0.5124816970126508,0.17726647048414834,0.27107438613097923,0.27952609934677075,0.7161167475685233,0.16064909590177373,0.1837840111319519,0.21306706037978335,0.22868616690642085,0.2429760090277077,0.29056503945357026,0.34809182480953127,0.31839772454762105,0.11340459796834694,0.1568289598272072,0.13541935845643344,0.22796551888732033,0.36437149124014223,0.27262123930201276,0.22799871030068902,0.3134848554717127,0.37081335047363484,0.38480694976319374,0.2496180572833287,0.39748976923152124,0.1659480161029864,0.3207739568441806,0.28864116138573903,0.3161922022115579,0.33861646325300665,0.3773461138650007,0.27534117502850175,0.22863958736117607,0.1890480781816833,0.18492233193880825,0.3348315616165405
sit behind,sit behind,0.3265850235273826,0.20490117551686957,0.08855183041380413,0.2706876513063403,0.3478107262836403,0.6598360027808423,0.46891602442664415,0.2848002200738921,0.4243057046144813,0.22256296326619943,0.7716781426059478,0.7971172261067982,0.9999999999999998,0.6274941846075073,0.437858056594636,0.27679536535963306,0.49383253500478946,0.7134119450774394,0.19045647945012284,0.3674920007886624,0.3674920007886624,0.38164297418109316,0.23588504723751624,0.21399992497539277,0.4534234825185721,0.5281308933627566,0.20842915843418758,0.381342869997719,0.03739930235277318,0.3115383947875532,0.22265437298902055,0.40989250928683774,0.4535585449904014,0.41134757710915093,0.7173158604527778,0.23149541129025786,0.2677607793316473,0.2869938180207746,0.5119924460636022,0.19999319887250638,0.18984016804183745,0.20039242128241802,0.16339015294407644,0.23969437516355818,0.39670196350527076,0.25959847391210383,0.3972224370338906,0.19524460396220716,0.15245505004444906,0.1034286108709277,0.23785663511411287,0.37237460232769704,0.2278114981570084,0.33268778061796483,0.3252815793409695,0.40641064471139243,0.39002822478334875,0.3437406496706654,0.38687639667593643,0.2023313644491876,0.2550107927224393,0.3355588182929051,0.3859769941649175,0.36239648396092794,0.4250335083359523,0.24021548842115864,0.2209706378479169,0.1728617461731463,0.13486942054349274,0.32056263046418854
park behind,park behind,0.28246929332613535,0.07041498729888565,0.13939961361131217,0.1855655324254432,0.23668089059282882,0.2644204018506786,0.2568223729715368,0.6205970703407679,0.30575311321398024,0.24450533314288675,0.7362985688416991,0.6160354633962076,0.6274941846075073,1.0000000000000004,0.39644221443983163,0.24259139743495234,0.3066555593361462,0.3230268978313059,0.3403483662020862,0.2743043509343303,0.2743043509343303,0.33330433349923383,0.278076819915481,0.2264600320158196,0.40794269169857744,0.43891940502593846,0.22869704544619007,0.1653886650600437,0.12671508439791163,0.2801937374921605,0.23473502081650433,0.34802120017194493,0.40439731235123955,0.3675024619918752,0.33611573619670365,0.2655176720526615,0.14602157355824247,0.13724509071869928,0.3237959106247707,0.2024032235459607,0.19853584841363417,0.15287422388029032,0.15326197393792698,0.18474311281167666,0.24895757624786027,0.22371289201720201,0.3977574443570784,0.342146737963655,0.19704838344767575,0.07379538696502876,0.24057060554198262,0.34506094913222907,0.24245046372818327,0.1758203485015693,0.6918975152380986,0.2852313665374121,0.2204828745615981,0.1508061585682118,0.26879919358876225,0.12266674986826248,0.12838070712391914,0.2142038450325076,0.30199525939302896,0.4161806748238992,0.33493921288373435,0.1146471744273502,0.2266040777897449,0.14575139727118305,0.1102932165774104,0.3236823681866329
in the front of,in the front of,0.28464284042476706,0.06093396557996301,0.09642577698220896,0.18979036377575048,0.19530900984430405,0.2939558420221903,0.3278337867339852,0.25069955035881974,0.27382479420883643,0.1950388151669086,0.40118911694245085,0.46711335244444857,0.437858056594636,0.39644221443983163,1.0000000000000007,0.15113761339468396,0.3163190874978645,0.2896719449664904,0.2755571488000975,0.22205753052510954,0.22205753052510954,0.23358995268561608,0.27686741484517324,0.1738350011782546,0.5269509558961769,0.4818699653333718,0.16845338879296085,0.15181664989142957,0.12787339892055588,0.3023229407892547,0.2294293362454029,0.3760539058005558,0.3101526455168562,0.31445122327588565,0.3652501215986738,0.10861262750450369,0.09095383919619271,0.11819385665177301,0.39444868062087113,0.03238436259195973,0.29321910449829564,0.1101071304974976,0.14766908750393923,0.22341405669287523,0.2451078592656411,0.22125474920346552,0.47167703416887163,0.25216563087922483,0.31630392976385724,0.0714213684055492,0.2042840089498623,0.3225558209021247,0.284864507458413,0.04875999539899658,0.31733574859071867,0.2828753091674146,0.1842134696057824,0.0656645187497846,0.31861851773039035,0.06821678886040132,0.1886036404463901,0.1469104705440899,0.2591563338862345,0.33796097820546483,0.29262639027149384,0.06002817223029247,0.15092788610129243,0.16587409004661008,0.14251341293371042,0.272641065766564
under,under,0.33190482001417676,0.12483163266092989,0.22880448132001496,0.10582916184819202,0.09793796844919607,0.11760235212453943,0.13305259940553957,0.07797387027632999,0.04754221102014242,0.3385581004034274,0.34724251441139875,0.29063800516180205,0.27679536535963306,0.24259139743495234,0.15113761339468396,1.0000000000000007,0.7417215292171049,0.7348303703070151,0.12894453296862796,-0.03432299624524241,-0.03432299624524241,0.07804696531280261,0.2409403666169158,0.3118385640453661,0.17158972824351726,0.0883096949734894,0.2882180624088641,0.1985534852118671,0.1841249202795321,0.3299125607456567,0.2909156699699302,0.3221947039804799,0.27788442648414013,0.29873315053755056,0.2689983386534208,-0.011230615887434698,0.23544788423918084,0.08033577800807219,0.28284400838694346,0.16042704468753932,0.1415043044523619,0.18694833841310582,0.1783940296848614,0.09158392595264833,0.09006549709727653,0.20626756817083053,0.2458234624765,0.13604660097135282,0.17922075114198882,0.15498832913843752,0.002457887257766243,0.22058644445397685,0.10755913752694313,0.042859112034928114,0.23220298643398685,0.2908743788400121,0.11145326721877027,-0.01482987122021611,0.23937598219676876,0.06741598473676844,0.221502205089522,0.0874533974683576,0.24926083985090214,0.21898624342235007,0.28428666034860056,0.08960612864358139,0.07342414884850162,-0.034482345165587465,0.028911276348757068,0.22417602900092293
stand under,stand under,0.33665542359111866,0.22097130926420205,0.18084820819338812,0.20621325074151953,0.2167326381420418,0.3856229917074947,0.6118697593254967,0.20101864671380343,0.28142543406006154,0.3040234090492287,0.35919078689613915,0.7149394397807729,0.49383253500478946,0.3066555593361462,0.3163190874978645,0.7417215292171049,1.0,0.7788806296219928,0.13122947482925273,0.2170664397104844,0.2170664397104844,0.24076050629715878,0.25411738528356764,0.25173771221781166,0.2781959727646883,0.31862400362000004,0.24216671202735718,0.39634049687593204,0.17563527281895236,0.25748730048846497,0.26819875655282055,0.36476619460232396,0.3028693005826676,0.34522825695031134,0.4830756175055402,0.12607126456855228,0.34914180944239115,0.2792221190138451,0.7057101013766094,0.18882325999599822,0.15246049036356912,0.24270255658105427,0.2512773612265314,0.18124035842094932,0.2225300977436645,0.29892176223570743,0.22406054718855456,0.09428886053488564,0.14352357769318652,0.16979159616867492,0.12874541116048333,0.3070351862060646,0.21560310528327287,0.19558317138587936,0.29138628823501544,0.38233377735556096,0.299489721964842,0.14901650558544427,0.3582104454348237,0.18018390505090978,0.3667209990668928,0.23182795509690757,0.3044157402680162,0.24142902200527772,0.33292620046504556,0.241600594991479,0.1403573149223338,0.07771631164746394,0.16357667440563461,0.31858019683260125
sit under,sit under,0.34293464387704414,0.28229011959812433,0.15145492916548325,0.2406065701913752,0.31219011971153,0.6174688456501978,0.4267899636980401,0.23567087384346902,0.35279361378786045,0.2811841702978272,0.3662184348665226,0.5109614303684651,0.7134119450774394,0.3230268978313059,0.2896719449664904,0.7348303703070151,0.7788806296219928,1.0000000000000007,0.14318131845074197,0.2900148757151113,0.2900148757151113,0.3060745160927946,0.21548594833740853,0.27614681588045464,0.3283854722582773,0.397844033467597,0.23777938096941417,0.40527206377056446,0.09308878190350528,0.3150260719649558,0.24937559108740312,0.3599016278593708,0.3648548353325325,0.3732493941660533,0.7039277637320205,0.18462254153983165,0.3495796787273505,0.2903462985624094,0.49966791444460257,0.23229233684801529,0.16068632399764393,0.232174129953734,0.18560636503872496,0.18007054730473898,0.33676576376682144,0.20962043729855034,0.3096948612686307,0.18138611309927263,0.14064854117301256,0.13811040501398217,0.14088097757301127,0.31918382779570986,0.1712154007606509,0.3078971735765014,0.3072512329614037,0.42418173002636794,0.30869477580208315,0.24984879470260601,0.35136761145066875,0.22047532127506048,0.3018606131486638,0.28395745113459825,0.3813051489723082,0.2694693282908424,0.38702267671825386,0.2076328028115278,0.1341627773631419,0.06189587097595395,0.11298681309916134,0.3073781249249476
near,near,0.3298866703438347,-0.021981307092042233,0.07125792670686595,0.20370532784544232,0.16371047942467162,0.18052952553072282,0.17391222241384957,0.3315113362151326,0.24556534085297682,0.3278677422678826,0.21245878584644057,0.1806555632970458,0.19045647945012284,0.3403483662020862,0.2755571488000975,0.12894453296862796,0.13122947482925273,0.14318131845074197,1.0000000000000004,0.16563876283921522,0.16563876283921522,0.1950094747491919,0.4484442450557178,0.29436691663927805,0.4662222201013715,0.4065038408214646,0.23038066379596933,0.1697049170904273,0.07709213109780103,0.3926768023101225,0.17284463203711825,0.30551450312148454,0.36478890462603253,0.3191813413948986,0.2686808614536803,0.1464410298071644,0.015812503865101673,0.030965636404650432,0.2588969648116241,0.050156797018732616,0.5170129284149054,0.04259730227937288,0.019461361337565694,0.06751489050045656,0.1519900369334147,0.16856350120462343,0.3581941726146434,0.4949359382623336,0.2627882590771973,0.07112459395345833,0.17677597130152897,0.33425651317666416,0.053863548760524266,0.05076662229479566,0.42013922451247554,0.36829865815922735,0.08866728933610712,0.053144969047192625,0.23209700044043813,0.12975641255706555,0.09421552515835113,0.06608820168152801,0.24842274759993926,0.40992824245452875,0.2770372241495453,0.050868410260989476,0.31024071979185686,0.11373013097934519,0.06205976257980313,0.2654602643607346
walk to,walk to,0.10190698965889805,0.2854742154715094,-0.015272669602876002,0.1310926280848458,0.2581609540376165,0.3745180212659994,0.31461909372713176,0.28840326226958046,0.7520281523728001,0.03118352044407901,0.1066246200053176,0.30064483025410627,0.3674920007886624,0.2743043509343303,0.22205753052510954,-0.03432299624524241,0.2170664397104844,0.2900148757151113,0.16563876283921522,1.0000000000000004,1.0000000000000004,0.727133719078388,0.06260995917481704,0.053755472118980074,0.20804678385750147,0.7771894401986498,0.0017407107637136578,0.1780485496588682,0.061239376201346285,0.10386981377828798,0.07830765544937657,0.10383320837111024,0.2286252714479418,0.2036984902492074,0.3673589317073145,0.44917261683112353,0.2853918873234167,0.1804769772603966,0.2998780335684216,0.1355766304376465,0.12247826093035341,0.05158579844649187,0.10936045076767574,0.1477323670093682,0.2168273518688355,-0.008214320885199886,0.21263179453509046,0.14971874560235313,0.11721740106013169,0.011638134586154635,0.36296672273923536,0.3066874435139501,0.15477854826074766,0.3920467331269617,0.2711322462060722,0.2140541255837518,0.3298178160018931,0.2879994742433483,0.1775742506946932,0.30915765033807135,0.16317990719539444,0.23713070351168936,0.23925462314776935,0.21081095566491914,0.1717565020485197,0.26199784999167774,0.2609429850097041,0.13578216768601897,0.20245743244614917,0.26828860772660246
walk,walk,0.10190698965889805,0.2854742154715094,-0.015272669602876002,0.1310926280848458,0.2581609540376165,0.3745180212659994,0.31461909372713176,0.28840326226958046,0.7520281523728001,0.03118352044407901,0.1066246200053176,0.30064483025410627,0.3674920007886624,0.2743043509343303,0.22205753052510954,-0.03432299624524241,0.2170664397104844,0.2900148757151113,0.16563876283921522,1.0000000000000004,1.0000000000000004,0.727133719078388,0.06260995917481704,0.053755472118980074,0.20804678385750147,0.7771894401986498,0.0017407107637136578,0.1780485496588682,0.061239376201346285,0.10386981377828798,0.07830765544937657,0.10383320837111024,0.2286252714479418,0.2036984902492074,0.3673589317073145,0.44917261683112353,0.2853918873234167,0.1804769772603966,0.2998780335684216,0.1355766304376465,0.12247826093035341,0.05158579844649187,0.10936045076767574,0.1477323670093682,0.2168273518688355,-0.008214320885199886,0.21263179453509046,0.14971874560235313,0.11721740106013169,0.011638134586154635,0.36296672273923536,0.3066874435139501,0.15477854826074766,0.3920467331269617,0.2711322462060722,0.2140541255837518,0.3298178160018931,0.2879994742433483,0.1775742506946932,0.30915765033807135,0.16317990719539444,0.23713070351168936,0.23925462314776935,0.21081095566491914,0.1717565020485197,0.26199784999167774,0.2609429850097041,0.13578216768601897,0.20245743244614917,0.26828860772660246
walk past,walk past,0.1480431092017886,0.20464801418604456,0.2783610309349517,0.3473675696549699,0.3878905913510937,0.4552323283576648,0.4043750578566799,0.41802780702277686,0.7144023291129006,0.16372690781282143,0.21723235064853308,0.3223262788987574,0.38164297418109316,0.33330433349923383,0.23358995268561608,0.07804696531280261,0.24076050629715878,0.3060745160927946,0.1950094747491919,0.727133719078388,0.727133719078388,1.0000000000000007,0.22565675552281056,0.13249773039633772,0.19406537901458779,0.5926477515368378,0.40412939321103836,0.1785577586962419,0.15431529554039541,0.16595250562850927,0.17137216480096557,0.19783891987559288,0.3451718529903315,0.30564594654497457,0.3395146662407177,0.3468264252434844,0.23313794668991578,0.18833852927988404,0.27953540077547395,0.11784730471885768,0.17860005276194707,0.016862854629631052,0.14955763814057643,0.1332697153202653,0.2023682353904404,0.12237800376956472,0.23453253459430295,0.12730284689818697,0.23146339478023353,0.0656179500907346,0.3096099011631079,0.30192378607744697,0.15939210892571548,0.2896077530845049,0.2863531100533576,0.18680761043535932,0.27166831146009013,0.25188412287589923,0.2273472931762987,0.23040614819527186,0.1877111889678875,0.19524659523953522,0.25557499478912366,0.33522665673123553,0.2510695725711792,0.22800923649697752,0.2521830884280392,0.1356186072616585,0.17887500970377268,0.26451704339048127
in,in,0.3958766908947766,0.029883694096716772,0.29128857297332006,0.27926083445836175,0.20913057146980168,0.22472868498090587,0.2680594386760947,0.2695835769645316,0.22729919969452836,0.29386814421453783,0.2883038112617243,0.27556397040255143,0.23588504723751624,0.278076819915481,0.27686741484517324,0.2409403666169158,0.25411738528356764,0.21548594833740853,0.4484442450557178,0.06260995917481704,0.06260995917481704,0.22565675552281056,1.0,0.27459748712335597,0.21035401560814493,0.1756096764207484,0.3961767746593711,0.21048315398013603,0.3078267264732355,0.23116399481477565,0.40579313165428404,0.3817666700850556,0.4620627725376922,0.4225980407442887,0.3080372164369912,0.03739117357457398,0.09261613257417187,0.05470468161930145,0.34808861451449913,0.09159998548171056,0.48423553464591473,0.039996680262530844,0.18374673866539662,0.12416076640266221,0.1382758232887859,0.32669157097067536,0.30571229020604895,0.23261250908924913,0.3760310788381269,0.12721145379724053,0.15766829832057735,0.36518583286866235,0.01089258395278292,0.018261102652434996,0.3511674050319813,0.3650819188685174,0.05180811854002432,0.061233937545392594,0.3081421499843463,0.10817467716115915,0.18841237630380245,0.1898119950556587,0.2875553391677776,0.47674715565706477,0.4199795751065881,0.15214432490649826,0.1972143214522153,0.08851527548433659,0.03200770110174857,0.2774804424083685
below,below,0.3130356077052333,0.05458498041564613,0.09011381688110078,0.15373822099100998,0.08742052599097944,0.15682493700494546,0.1389957894333139,0.1689377136228004,0.1379560705135145,0.806470849113039,0.23627456381894985,0.1934416312438886,0.21399992497539277,0.2264600320158196,0.1738350011782546,0.3118385640453661,0.25173771221781166,0.27614681588045464,0.29436691663927805,0.053755472118980074,0.053755472118980074,0.13249773039633772,0.27459748712335597,1.0000000000000007,0.19447327913003715,0.1596964276835719,0.2115139344727453,0.0904392276922096,0.09837678070558617,0.4616787602681732,0.20461130816484313,0.38502898021301485,0.2894372031023932,0.3106998538421079,0.2658521855082401,0.07184435527429134,0.00025188180763061757,0.07411451003889863,0.24516857270530176,0.0643174439787506,0.29594974621603354,0.16685567808528004,0.15861864981915172,0.16767132991221909,0.17139809110420937,0.13216409360957193,0.1884639317782348,0.1620305507054714,0.19075302633033073,0.1586643819500183,0.04339580870900656,0.2351456594555958,0.13549123799222068,0.05434241669834129,0.2786187132311392,0.29241927470663626,0.05251801852766945,0.018570430936797153,0.2564613127404355,0.029659136161366624,0.09269172375277401,0.05936722224138663,0.19408838863706143,0.2594055713319748,0.2942848223834469,0.10802447836193499,0.2133889748292117,0.10256524899449607,-0.029300109559214325,0.2861173733410363
beside,beside,0.309670088430705,0.017735730281674272,0.07952513347511814,0.1368509497251726,0.19162742935314486,0.2835137269011048,0.24395732314462465,0.23482338275576653,0.22931172340680583,0.2534202256408407,0.3887684814840471,0.4090393982057148,0.4534234825185721,0.40794269169857744,0.5269509558961769,0.17158972824351726,0.2781959727646883,0.3283854722582773,0.4662222201013715,0.20804678385750147,0.20804678385750147,0.19406537901458779,0.21035401560814493,0.19447327913003715,1.0000000000000004,0.7771893964158345,0.20175234034354916,0.09150361507918163,0.04663097545656517,0.5278612888293797,0.18641054337487814,0.2971727914717398,0.33293015632336365,0.3154342377836464,0.4053990014463875,0.12017623021329249,0.06746555481212141,0.08232900232212893,0.3604330818999776,0.0922983370916915,0.30346980754114483,0.181970039252278,0.08438854626275136,0.050635013865620936,0.2549585282633544,0.1462245586264535,0.3895498839980883,0.43335121467334176,0.2700899525645698,0.09728982190104188,0.06070936975046545,0.24434748742078724,0.27204255780927145,0.14048588390871852,0.3542703407498872,0.4221674200690612,0.09450916827801153,0.12107678532362653,0.2610804586837936,0.05059393680451961,0.13176704169612918,0.04898078238515326,0.3075744335529455,0.3188515088737522,0.3031144414553256,0.02647652032959671,0.12258586233216845,0.1774102008683916,-0.01740785222606484,0.26752970267009524
walk beside,walk beside,0.26478556277272547,0.19506824595281463,0.04133642144993811,0.17237984135303552,0.28936857268112837,0.42334065376315055,0.35935668080112015,0.33661461993907,0.6313389470574124,0.1830980509008469,0.3187080795688483,0.4565709528305127,0.5281308933627566,0.43891940502593846,0.4818699653333718,0.0883096949734894,0.31862400362000004,0.397844033467597,0.4065038408214646,0.7771894401986498,0.7771894401986498,0.5926477515368378,0.1756096764207484,0.1596964276835719,0.7771893964158345,1.0000000000000004,0.13091598739549365,0.173414716995263,0.06939772577296872,0.4064202852044865,0.17030480906633477,0.2579847211175422,0.3612732081867611,0.33398082660825246,0.497149033539367,0.3662870625592062,0.22700865661860387,0.1690746042279612,0.42480706817437675,0.1466019508478957,0.2740310459979533,0.15025669803390385,0.12464721956631541,0.12761843104630227,0.30352052436086563,0.08878802682010715,0.38740984794908934,0.3751144398048585,0.2491717821996505,0.07007812555244336,0.27256940025586995,0.35450491583831373,0.27459270921916035,0.34260156984274537,0.4023488783951047,0.4093091890552,0.27298814458396903,0.26317668531639316,0.28220579164826,0.23144396206576112,0.18975229208971364,0.18406805539892845,0.35179908790857584,0.34075506574215075,0.30550528009533684,0.1855882075937017,0.24674091286060879,0.20149037101328038,0.11905050839636583,0.34471539380131405
over,over,0.32555136397638734,-0.013059894063672101,0.2856245606777914,0.3989586740955907,0.29765508356540016,0.2913119662939996,0.3033618453410507,0.31996680742855066,0.26641248566090237,0.29357870664116087,0.2604434962489671,0.21525609640754578,0.20842915843418758,0.22869704544619007,0.16845338879296085,0.2882180624088641,0.24216671202735718,0.23777938096941417,0.23038066379596933,0.0017407107637136578,0.0017407107637136578,0.40412939321103836,0.3961767746593711,0.2115139344727453,0.20175234034354916,0.13091598739549365,1.0000000000000004,0.1612482738837771,0.19063722283386042,0.21501009838168206,0.3307382073218626,0.3416309311705906,0.46037603193620336,0.4353006118420011,0.25262561085942914,0.09122123137203,0.08482838178126542,0.06371270112874224,0.25952536095438417,0.09828825167127608,0.2780004946276401,0.031007812226942804,0.13656191800785394,0.08616254689109347,0.14827564273236526,0.31397064392048457,0.18081477351534686,0.09859524661697219,0.41848387099791745,0.12027998447267715,0.12895003483827988,0.2998445899222619,0.060706877466724235,0.0054561147095860164,0.2729417184042209,0.22750304568959467,0.12087821689693684,0.05282107621020337,0.25647316712420803,0.07933672456110508,0.19872662629725882,0.06196669970573657,0.2492853752982203,0.3968253473861645,0.37483324513184896,0.036324409569635445,0.18936957378741087,0.11061711808496605,0.04905098821718755,0.23261291987731145
hold,hold,0.20958615234186248,0.26603028159131115,0.07365850260956418,0.24798650698306834,0.23930725806976327,0.4083251854170996,0.4114149265339768,0.20199197363642493,0.2832573902684232,0.1259500774150095,0.19148896738946308,0.37722978383055533,0.381342869997719,0.1653886650600437,0.15181664989142957,0.1985534852118671,0.39634049687593204,0.40527206377056446,0.1697049170904273,0.1780485496588682,0.1780485496588682,0.1785577586962419,0.21048315398013603,0.0904392276922096,0.09150361507918163,0.173414716995263,0.1612482738837771,1.0,-0.013271554744019736,0.0851461127245057,0.2082780147634692,0.24339303753403402,0.21306653991199404,0.21850715750116972,0.39622211092653903,0.1669827620277738,0.41505787876268196,0.19904860884213643,0.3919845560747047,0.21267413309321845,0.3076238722855217,0.3050723358254932,0.19323941898070118,0.2115178426236755,0.23907020149486286,0.18383728609427757,0.16240944362544996,0.09113813792996536,0.018652005569771445,0.2367001417326528,0.19179392187739552,0.26479928560391264,0.10727193025224865,0.21703722030867995,0.17769861699460227,0.19929851005068067,0.413378985621755,0.20083994490213114,0.26977250701782973,0.19712038672061474,0.23605236581234784,0.2139643768418798,0.21419857833021577,0.15179392395467778,0.2133743006237212,0.31604082710495396,0.13092202504772277,0.15135870942488863,0.29050981527110364,0.2295506972357984
