on the top of,on the top of,0.0,0.13504751140754695,0.07965126359973362,0.32297170021539207,0.0683359275152709,0.00280520043587007,0.004456900519464513,0.0031638401483572998,0.1947355284210086,0.10781537431593913,0.040398780311949545,0.03888944465097116,0.3343489769322424,0.27762692358007046,0.39809507172584346,0.33101617205383804,0.1896907712291724,0.05297243907298482,0.1924221946358075,0.14743334895989957,0.05942988108320299,0.39363565107227694,0.32830466216866105,0.4534519523239203,0.20648815940909174,0.018417345461335277,0.26313788051233755,0.2476884884949242,0.41374663329211264,0.3078768727942209,0.40799038684055444,0.09957192669358922,0.1230114800002639,0.18397657999978279,0.055228819589347555,0.17878516871949218,0.01934327615241782,0.12790813371811646,0.07581970577335989,0.0033020916369252418,0.037417789483239816,0.0741788143955957,0.021585333159485798,0.29538304069258625,0.09220966499204819,0.17903424035332718,0.009321464250911904,0.16650470597993228,0.06915287791136138,0.0839597740654991,0.07381294105765715,0.14613790898477977,0.04451821468285888,0.004115747546104442,0.0470927957959395,0.15903872978588063,0.017601375064536587,0.06819936609195942,0.0008453320158226252,0.1230231813882171,0.034971728305090266,0.011401832315610927,0.21228523396086024,0.04213713558954374,0.02119798160827524,0.08932532879503721,0.047093398975338846,0.03436189351080149,0.10785733979583279,0.43902640662686443
on the right of,on the right of,0.13504751140754695,2.220446049250313e-16,0.002539147465896452,0.1751886030721827,0.12510934210307856,0.055190884557362485,0.08507203356677223,0.03886434444651021,0.36070880217031315,0.16108782008478728,0.17083355303410108,0.07328536725565099,0.2790568157298431,0.1419185407000201,0.14014038360142955,0.39955285244756905,0.03190963413019618,0.027184078671536105,0.1428885314969695,0.10563186895559423,0.030001518586057596,0.27481596197510205,0.2749712190439029,0.4415663706320612,0.11532117261646196,0.36275179049204165,0.09635394021142574,0.4266101263156337,0.35450378723328946,0.4514627269127637,0.24620821451070363,0.058023447560012764,0.1755508309413954,0.05078549197030008,0.07116248882857873,0.023293455179909883,0.11562128888293449,0.05946743723929403,0.029127363561143482,0.006479590270898977,0.044797142808038815,0.1316120372243026,0.016588279354280033,0.09536942969825352,0.3107223904180991,0.03047324564581816,0.002831490697770278,0.1545094621739152,0.01089098939687641,0.01942299853885207,0.05522578561122066,0.001536518636853501,0.20397264843483742,0.020305247096270768,0.11964425814616225,0.02997420219296354,0.18890651697829217,0.026012617083462197,0.11776423068525085,0.09436263438619563,0.21206401054739993,0.1439671167395683,0.03902708055888754,0.14971240552852896,0.008768401544163529,0.03477895942733733,0.09543982735016232,0.13331989678148104,0.05696866935314951,0.4292198551752666
on the left of,on the left of,0.07965126359973362,0.002539147465896452,2.220446049250313e-16,0.25667830295041427,0.17552612807921883,0.09272991808304987,0.13777439278828194,0.02364494614907109,0.3949545645261584,0.1929941366745761,0.18213801890423886,0.14570451441265841,0.21597250155693345,0.13611524171820683,0.14260568350207603,0.36088438655322885,0.039400093024962446,0.03265289432912463,0.1410088245784069,0.17363017766694788,0.05995584461473197,0.31781231742997246,0.32916110613544364,0.4499992997996263,0.12263663199645325,0.4081487029204018,0.12213355340474835,0.5063930665017027,0.34324612314359365,0.4992989504786107,0.3110692771708495,0.13812693527042585,0.2131375735277362,0.04923213933137438,0.12133815141163895,0.055045858669096726,0.1694878654778317,0.06570465494186968,0.031949383449547786,0.05615607996012173,0.0036517426002878883,0.17094308865321492,0.010770464347511721,0.0986491177490379,0.36338822311293123,0.039096298806900326,0.0890944210128008,0.23519026666112514,0.08518428998725602,0.06714228921485141,0.06393308565447804,0.05798013369347582,0.205909657240292,0.052233102154046446,0.2313155672329406,0.021371042116011707,0.16946543183379634,0.07209721377279268,0.12347091280677264,0.01626343849241868,0.18340891324874398,0.1782028390507882,0.019951122575826097,0.10659391052712319,0.00947303747216785,0.03511705722891606,0.1025882377767246,0.15106173754426944,0.03651416093972562,0.4466287862961529
in the front of,in the front of,0.32297170021539207,0.1751886030721827,0.25667830295041427,4.440892098500626e-16,0.053630205784242796,0.010712420752073348,0.09033580901811952,0.06131344611807299,0.06587734116814703,0.10198626209852202,0.2567440273828064,0.07361632757120215,0.02230065987989238,0.09310861860429981,0.2002092758448496,0.02591275386179248,0.11792772079537459,0.20056673972334343,0.02471553567862278,0.09943414353369112,0.008518176806553646,0.3440272305683871,0.41325520109243896,0.1307313819700863,0.06451984438306596,0.048032924783623365,0.36406415012604715,0.02431631283627378,0.030794536361783698,0.04843630620144679,0.023022786569557196,0.09017847218078495,0.05115329376003758,0.12779443438378718,0.04349559602729608,0.09621525274362612,0.016967267859594126,0.04704873465020221,0.15625859285275082,0.08780058765526144,0.06816672143359298,0.012370913368659253,0.11593803450474235,0.008942752202006576,0.030799732572986654,0.1317303333807998,0.028278909221632453,0.22321650944862234,0.08187724327604162,0.07270841730638,0.04689935132230674,0.09491264875803868,0.08261711988960294,0.002798308016160253,0.016691261722375922,0.023526912357692054,0.0066247409896770665,0.0016436177220702508,0.05916855706903597,0.08030672938364469,0.031055376747950697,0.005694609966685471,0.039873362312846106,0.08740063085852856,0.046422699222429475,0.09567209617033023,0.059277508840075904,0.036912097170635205,0.06524315293726268,0.031347445496453574
sleep next to,sleep next to,0.0683359275152709,0.12510934210307856,0.17552612807921883,0.053630205784242796,2.220446049250313e-16,0.09064842418771646,0.13683301692096128,0.15720910892365014,0.1270411463922818,0.007036704683127004,0.027675329155859463,0.27506887729969187,0.9553608902587786,0.03300683350091804,0.27160277732514104,0.13209517269336643,0.06597610303497314,0.16260456469365667,0.3120882732166094,0.3957630487735644,0.20823453268542802,0.2983746784948829,0.6145014424977575,0.21039996608774642,0.23070450160403194,0.24763177345504417,0.3286101930722809,0.16063964631430816,0.22373482923044086,0.33963994712437806,0.03853238512514029,0.1247624238297051,0.18154360636555106,0.26623586528285903,0.3809275796265042,0.27406156472014814,0.3885391094577777,0.13329417295683607,0.34482376855125824,0.22546036210008868,0.37890910919739174,0.22732335124784844,0.3780320425404194,0.2379861813322534,0.250742295228929,0.4393815939594318,0.3428491948927397,0.2688272894804703,0.2876173664798831,0.34434342469301954,0.2237468847722053,0.2693642813771965,0.15188618242599303,0.3164987027268857,0.3230209049455539,0.3112184502307698,0.13499256521367942,0.3506443914159124,0.2837611655937944,0.3051301044898128,0.31105742882504667,0.24005813097281348,0.34489188613545385,0.34451470737806633,0.17481926169749673,0.4118242267680022,0.303167723918696,0.22607197729295914,0.3214719718830474,0.22014316188858696
sit next to,sit next to,0.00280520043587007,0.055190884557362485,0.09272991808304987,0.010712420752073348,0.09064842418771646,5.551115123125783e-16,0.04752787441472184,0.08600292794574371,0.17676071585674963,0.03931553322550735,0.026027519855857995,0.2375319179730943,0.923008139838118,0.05424169238029661,0.28675832450247635,0.09121127378979058,0.01870137932855065,0.21557779880293473,0.29640384239731443,0.5511365551897255,0.2013946770488757,0.5135976875549054,0.6947344622313292,0.1954228311843213,0.3307853907060505,0.2910228570455291,0.21457759428633782,0.05377195974017046,0.16965375553143905,0.008954204570835456,0.06385908636652088,0.1768504420274754,0.17119145591650514,0.28264528470033085,0.3692822000050031,0.21679713213531587,0.32518664401677777,0.17330497383825222,0.38952752358671794,0.19600129326672355,0.37598725669244054,0.2589789200313085,0.3679769640556776,0.2879211413933153,0.2690368606253182,0.40604865665565226,0.3193760217721763,0.24363320948674524,0.23090284024963925,0.26563248213644025,0.2313027169625503,0.16917723235959004,0.22796132498241264,0.2975249363985012,0.28901480742876884,0.24448957400166887,0.17705243623486494,0.2781725712611235,0.27845541754865927,0.22928760669971449,0.2071967140735892,0.20791580199035875,0.38181913462464584,0.3782879223184771,0.18167425743630738,0.3576470845532654,0.2708023813626601,0.2636090130695381,0.3145678453580801,0.24397018340926174
walk next to,walk next to,0.004456900519464513,0.08507203356677223,0.13777439278828194,0.09033580901811952,0.13683301692096128,0.04752787441472184,2.220446049250313e-16,0.1158436096038642,0.10810384918092075,0.027211631959149052,0.05086106126654888,0.5892015293787999,1.0563706470348992,0.05712422266145162,0.3166795012931184,0.12021729102572273,0.2741567420331426,0.1893121320363341,0.36662166488846365,0.4000912758266224,0.2156103209538981,0.293743691375328,0.9530869825076584,0.2509627161300897,0.28686730006771693,0.26603776693064474,0.21182510848188696,0.03185617796436935,0.19792983967805705,0.045403399208714945,0.01394545783189216,0.14693551646326009,0.1599931705527505,0.3232769143711478,0.40716532557007534,0.20477438907057804,0.3212689586157926,0.10185886887806386,0.3644511407617769,0.22423305372244773,0.3320332742866897,0.227475732765127,0.3253661196385224,0.30596536583109324,0.3309393417889658,0.4340905222506633,0.4076980232733506,0.2916615674698291,0.22063585659277613,0.35119327388987515,0.23375868128446897,0.09452525529367117,0.21631691958750907,0.23211214607044472,0.3230868129819452,0.27066903681348786,0.11808253293675125,0.24130034871613093,0.2776792812904172,0.19518390631454874,0.27164032346852274,0.22733682491927698,0.3528573529523756,0.38973632195355795,0.23143099911311238,0.38896779437945184,0.34000945455749776,0.21386805893189398,0.33840638762647574,0.27422079079992107
stand next to,stand next to,0.0031638401483572998,0.03886434444651021,0.02364494614907109,0.06131344611807299,0.15720910892365014,0.08600292794574371,0.1158436096038642,2.220446049250313e-16,0.07452827910829096,0.1650082862702812,0.05044878322830848,0.3115111411437063,0.9657673444693587,0.07046184862080315,0.41975959037195465,0.04266009451435662,0.049684151671810894,0.14424829186794724,0.30742128485936704,0.4376592646694962,0.20094808972133815,0.33437211801528693,0.7189242133159013,0.2822511420416633,0.5982418886088557,0.32807063523403707,0.17094222431781758,0.01780783847424572,0.2519548197558278,0.04257686409471495,0.04114651008821568,0.4503134408531156,0.13276977190709927,0.34628517266960546,0.38062287650197957,0.3239803233746146,0.32384330687774027,0.19768616473529432,0.3658775994874416,0.18431974548013863,0.32822733593267284,0.2941481921720182,0.3736098035927601,0.3436885954736259,0.3010370097147692,0.42297361873739125,0.37926563483508324,0.22411946217935957,0.26634661273302,0.309263069165838,0.17999072758042164,0.23209905316054885,0.2173819788304622,0.2550178342887124,0.3574956740866734,0.2511617451141457,0.2514511360218132,0.3180238007654494,0.29499617903260533,0.22240793609144932,0.335786876212092,0.2605234038912823,0.49497630678497495,0.378532511560289,0.2678628912219431,0.39649403069679046,0.30616841415380797,0.2610469908299575,0.37918933775738317,0.24656670669654293
sit on,sit on,0.1947355284210086,0.36070880217031315,0.3949545645261584,0.06587734116814703,0.1270411463922818,0.17676071585674963,0.10810384918092075,0.07452827910829096,2.220446049250313e-16,0.12558205869914751,0.27111784245605264,0.1452936583663776,0.34231595430920303,0.21760508594003686,0.1372553700020796,0.45034888624620817,0.010188809131596033,0.2529975589279502,0.36090636172730245,0.2473310430496352,0.027100639836610818,0.5241499166962954,0.3952813289468977,0.29776069568245234,0.13777483386768774,0.09714499889181238,0.11298133979485986,0.1577558569009445,0.21298689679143845,0.2589358365191833,0.3761826252777458,0.03872205195024947,0.10769461149471513,0.018511301298302807,0.02229273636266882,0.005935515708504285,0.02391388611815523,0.10692143924043213,0.05533339796267023,0.04688031119813596,0.04740002809387342,0.1191992910291606,0.005014326706696992,0.02461503451986896,0.026578888207491214,0.14087724015661698,0.09375029513635147,0.05525898545439287,0.03944801268719955,0.020740641785873815,0.031045787361791477,0.06247966251829956,0.0020792156697835573,0.012194824687621453,0.07344510208172692,0.06445406295943484,0.022934700600546865,0.09342614963357274,0.10732608980015773,0.0003627711052511806,0.15615961206013818,0.011110007074146833,0.03362087601718611,0.01677362547086053,0.16312771191109765,0.041709017386310665,0.03320311450917701,0.07788548861375011,0.01822774896826429,0.48599764185583655
stand on,stand on,0.10781537431593913,0.16108782008478728,0.1929941366745761,0.10198626209852202,0.007036704683127004,0.03931553322550735,0.027211631959149052,0.1650082862702812,0.12558205869914751,0.0,0.2047380185046866,0.17779764995478226,0.3836828480958192,0.20138559270020961,0.34462581649319446,0.2931219126133321,0.18617790186421523,0.29019195106072115,0.3029921011007851,0.1336193952982339,0.14419417165457582,0.31636967556916085,0.3504125607235776,0.36449729845280454,0.27063313802659605,0.029724520839205404,0.24057834953831214,0.010635227627045385,0.21108230635081382,0.20756005134549316,0.1336942900066962,0.12034144859804052,0.11429703464561125,0.10286917739450674,0.04710146654085362,0.11917291721287737,0.014596116510518065,0.1665160453200487,0.08418913432085362,0.07497946190964405,0.005864182003639806,0.0322266383464625,0.025179722405029498,0.15541207981742966,0.08518799345444739,0.18243312182285357,0.04795908458437248,0.07136154087775143,0.13821207258738188,0.09631289936206533,0.067523774694501,0.0665799499617431,0.04912572496352932,0.057895893305422885,0.035635165814837444,0.09703817584540103,0.0868176697747026,0.04026843574019995,0.17194075839879944,0.11043144114220788,0.023536328258452588,0.05864581190117105,0.18933818929020163,0.060411675387919195,0.0198745979166588,0.10509657790329402,0.021938400860639307,0.0047981516474063235,0.1417607513087994,0.4198994054410842
lying on,lying on,0.040398780311949545,0.17083355303410108,0.18213801890423886,0.2567440273828064,0.027675329155859463,0.026027519855857995,0.05086106126654888,0.05044878322830848,0.27111784245605264,0.2047380185046866,0.0,0.022286665274294737,0.21189957789803127,0.20397089989344144,0.22423151018954107,0.377531069616577,0.020799697443249443,0.09548416857005224,0.21181194427381603,0.2148819468457552,0.01422701781946295,0.5586398339751353,0.547472055093406,0.42078834710866775,0.2975199512555427,0.004212731417988502,0.39934913358419993,0.2529311668567198,0.44989888301061126,0.2750344256564533,0.34301999426855523,0.0564162653120277,0.1112463103925363,0.12125615554157054,0.03604392784781474,0.08422551012659574,0.108608963033626,0.15102179567394264,0.1395152465389285,0.03268217481627661,0.16134385242416802,2.108468148975806e-05,0.11522206032372811,0.1847028637607993,0.0496764204101775,0.224423647548908,0.17092226503701302,0.05921802095378123,0.022155667074721025,0.12337442635644688,0.05185623983251257,0.045268087052789896,0.02186073116362089,0.02961943802835529,0.08984755003758949,0.15565173539075275,0.07416408215576592,0.06888223303134697,0.058673122261741845,0.0884682155731071,0.060868484181658716,0.05685242769570753,0.21865189638317015,0.02721512613222271,0.0027647977307609095,0.1560542504777692,0.040914734282391174,0.008617328555813542,0.02939476119742293,0.45587790302558084
walk past,walk past,0.03888944465097116,0.07328536725565099,0.14570451441265841,0.07361632757120215,0.27506887729969187,0.2375319179730943,0.5892015293787999,0.3115111411437063,0.1452936583663776,0.17779764995478226,0.022286665274294737,4.440892098500626e-16,0.22853707756608704,0.09876576596634234,0.11990964946820527,0.23259778333603892,0.26646805617462066,0.5757539230806648,0.10482242231576316,0.3536207091075645,0.21596851791074748,0.016976957137935622,0.026738927431265713,0.3118072003452424,0.4730675005767286,0.26813615418086767,0.2734713070264171,0.20054930119019465,0.5804399683661552,0.13765854287585838,0.09072929370263,0.5092265625456283,0.061069465990723104,0.09863363456804111,0.12209583828071482,0.28181664514761356,0.01247640120008825,0.0021877459841753155,0.18724946345037904,0.022957827928806157,0.06320736566620548,0.2619779048429091,0.17782828308225607,0.05632433091684641,0.38411688692479107,0.26725349315518815,0.21376633799569011,0.09577200651817783,0.006825243464195496,0.017537249528330218,0.1814184635213239,0.5995215674159596,0.040700366185178694,0.03585756071603241,0.2797659007645197,0.1134415280534638,0.03423053548616012,0.29467896538476684,0.05112520467271328,0.006645238568050604,0.15956719150935436,0.10145832428689713,0.20032516639684878,0.18525917138744113,0.069714802815771,0.08090999749364883,0.16977883974216915,0.07425584616802758,0.05935761092707677,0.0013282348267782962
park next,park next,0.3343489769322424,0.2790568157298431,0.21597250155693345,0.02230065987989238,0.9553608902587786,0.923008139838118,1.0563706470348992,0.9657673444693587,0.34231595430920303,0.3836828480958192,0.21189957789803127,0.22853707756608704,2.220446049250313e-16,0.2875312706763224,0.5003247177061233,0.7317827879507344,0.4094251866398969,0.027482662813191474,0.056275005325368554,0.12036516999819308,0.47413980755998875,0.21856788070905553,0.20339338703586313,0.0566908891715982,0.18083084030651653,0.6455687200688818,0.9348678803383862,0.38415908494806694,0.036936497132085605,0.31499623174875885,0.1950371583088298,0.06285473057539576,0.5473218286363447,0.2279856916654504,0.5573167124250524,0.4679321723371995,0.3959681656411302,0.3175970463647189,0.3541182649185504,0.5022194902948792,0.43734873142671393,0.7810101259801074,0.4086604138866231,0.39497898601811654,0.811238334641144,0.5938655481762158,0.3917535691696765,0.5799465017339931,0.39171640727915497,0.43579458897000767,0.36776387775926883,0.6086317932543955,0.28839155742073697,0.4857360888536544,0.451362674180293,0.395721274073042,0.4193809591487585,0.37442845042064143,0.20283640761631463,0.30060053714072477,0.3796775435361132,0.4485436778470192,0.32948114307242027,0.4802444205311051,0.4723244883791985,0.23420672394579553,0.40303621813374235,0.6527151356141485,0.5338287627640695,0.5452027101270054
taller than,taller than,0.27762692358007046,0.1419185407000201,0.13611524171820683,0.09310861860429981,0.03300683350091804,0.05424169238029661,0.05712422266145162,0.07046184862080315,0.21760508594003686,0.20138559270020961,0.20397089989344144,0.09876576596634234,0.2875312706763224,2.220446049250313e-16,0.08642239900744725,0.04197276861765899,0.18920341869893054,0.09298959260857005,0.19213692903994942,0.05975903996824572,0.01900700500899652,0.2597885464498588,0.3271436313817477,0.011891696290651066,0.07753465184475597,0.05899549196087625,0.22336076551454034,0.2675775424566959,0.0071993075366509895,0.13039862570574814,0.02751283976413936,0.08948874212970959,0.20126430999940398,0.1343823779394612,0.02898674838195106,0.02850711195721567,0.18869845902542945,0.09888096626499732,0.15817827978696197,0.09408951567458873,0.2268420717193259,0.07040326112736722,0.19537067188936486,0.08113972471332787,0.18406051378710428,0.29146784784161295,0.024112473847060084,0.14813294918330966,0.07491674505154969,0.10588465756913346,0.04367566961986434,0.07767100635127427,0.05771294238174337,0.0387850883291988,0.04097409292854187,0.08044567243979811,0.008928804417756508,0.019214328583882483,0.12362651373173116,0.03495089317648714,0.06359348484470274,0.010448489580006853,0.040084731183495204,0.1568443959405842,0.024722631384472962,0.011750647086534241,0.06511910828962478,0.13793886638941258,0.05687995416220286,0.12890693499003192
adjacent to,adjacent to,0.39809507172584346,0.14014038360142955,0.14260568350207603,0.2002092758448496,0.27160277732514104,0.28675832450247635,0.3166795012931184,0.41975959037195465,0.1372553700020796,0.34462581649319446,0.22423151018954107,0.11990964946820527,0.5003247177061233,0.08642239900744725,4.440892098500626e-16,0.1452567343719009,0.16251625417573015,0.21584652168033552,0.3078756776328435,0.16275179590809377,0.23089977361316505,0.17306614556832298,0.6067699733398764,0.09982200908434935,0.08329516255592925,0.23847139165202513,0.7609971131003013,0.11407632059116402,0.093339049146025,0.0036917585499492978,0.11160888756739762,0.0025546347004463815,0.07966294893927572,0.20193429550702224,0.180412785015256,0.266720706541322,0.20224984273876462,0.17280659598826967,0.3048300964579349,0.1837422154367089,0.16370410611470376,0.10420174177887309,0.23320838656228193,0.2853235813576737,0.24165314844855276,0.2928910982202441,0.2615625743151457,0.17160178814320898,0.3050908302950026,0.31924295359491384,0.24049270489475763,0.2701095934968588,0.0883682096627128,0.25067743020956806,0.18392537004908577,0.30343429915567516,0.1502611930500768,0.40711157527634845,0.23747859136753324,0.2251505356518154,0.19489215276135727,0.25385599754155036,0.13292474510884617,0.20937799706677523,0.15529918654447808,0.26936637666133506,0.18652082016137397,0.11553571001379248,0.23387650838850577,0.20911116631615503
park on,park on,0.33101617205383804,0.39955285244756905,0.36088438655322885,0.02591275386179248,0.13209517269336643,0.09121127378979058,0.12021729102572273,0.04266009451435662,0.45034888624620817,0.2931219126133321,0.377531069616577,0.23259778333603892,0.7317827879507344,0.04197276861765899,0.1452567343719009,2.220446049250313e-16,0.10744876834792777,0.07142371948000076,0.3783480366795928,0.3179390750784824,0.10679351564672954,0.23008058550232444,0.49002057310496916,0.520719915966346,0.19722282917618603,0.1408678857515167,0.15838684150302412,0.4631106627255334,0.5653653413404369,0.47679004801363606,0.3233977992238497,0.2875228640016054,0.10167449864969283,0.06226606255123468,0.11256950924668435,0.04836467635932129,0.03949065766559989,0.036344400455334075,0.13141862436444157,0.017928367345096563,0.036781172337557816,0.08525054288841721,0.18948882101906356,0.020630512945541246,0.06222261480985211,0.1174902101591653,0.049531982900381716,0.0700631405180874,0.01819428657465222,0.008265620271066754,0.026165502246914815,0.07359533892123235,0.04631023768194294,0.03734560750234664,0.07868411701122241,0.06043133464022282,0.06042701981438367,0.1316570616612242,0.06962372573429447,0.01895237472566587,0.026971045371584013,0.09604825784068342,0.005211861551686958,0.009295250679622669,0.10569498174102906,0.053899086688410064,0.007405734021989435,0.02174431302147689,0.03015872844559639,0.41654952756129626
walk to,walk to,0.1896907712291724,0.03190963413019618,0.039400093024962446,0.11792772079537459,0.06597610303497314,0.01870137932855065,0.2741567420331426,0.049684151671810894,0.010188809131596033,0.18617790186421523,0.020799697443249443,0.26646805617462066,0.4094251866398969,0.18920341869893054,0.16251625417573015,0.10744876834792777,2.220446049250313e-16,0.2859613353934723,0.21452830512254864,0.0176103445252751,0.17688442518691844,0.1704940853484977,0.5933052827941512,0.034434712652402166,0.09566436719032456,0.06452580353722215,0.17199835281437423,0.2895661270174812,0.26695375036434477,0.10040678045349938,0.2482622040404277,0.17062293734830397,0.16775476708041098,0.11599340446943883,0.16782445382748704,0.09107722626478121,0.18555812451536197,0.05896790484865466,0.19607693653479819,0.11114256173353818,0.15519306424035528,0.1176673836586625,0.1077877751407896,0.09279343909518928,0.27609700509764323,0.24392813863997626,0.15642276514507492,0.1540513570868939,0.11439958053702548,0.04909015412302878,0.16463549431274693,0.49991361662008615,0.09368788699749106,0.01496496542738679,0.05005741455100182,0.017785396508097795,0.10861906179262865,0.05213434544301687,0.17408576600840817,0.1200911425248885,0.023706249323839412,0.017022984073552794,0.05298195581965731,0.11374364481567194,0.04784115037021883,0.016961133439510778,0.07976993201299247,0.18265550432088717,0.0998774272668908,0.18431604589586031
attach to,attach to,0.05297243907298482,0.027184078671536105,0.03265289432912463,0.20056673972334343,0.16260456469365667,0.21557779880293473,0.1893121320363341,0.14424829186794724,0.2529975589279502,0.29019195106072115,0.09548416857005224,0.5757539230806648,0.027482662813191474,0.09298959260857005,0.21584652168033552,0.07142371948000076,0.2859613353934723,9.992007221626409e-16,0.09779399064470544,0.2746704845642765,0.31489024605311156,0.06021887729352468,0.05692776108242956,0.20505703976237444,0.26598821829255775,0.11375874610690964,0.288820583049092,0.3886058209346182,0.38974916189415987,0.10599253471327774,0.17395317108408026,0.38250106199266826,0.1837167278892112,0.07770995050411822,0.04294293850894204,0.04230663337365852,0.1020870553550923,0.0180667534403956,0.07376137911841354,0.04649697241171963,0.22235915521486688,0.10028671885458684,0.04191983299117366,0.10240513977246007,0.14867510435058276,0.23250142693835874,0.0507135220385056,0.08053007975283963,0.0052155600053935824,0.09304385632196435,0.01008848091420482,0.14860516083192488,0.19247216858368174,0.08788506955202363,0.012426608744990922,0.1453156705356854,0.2545866771530271,0.01799053210006997,0.09568859043773115,0.04399351473889834,0.09512252918079034,0.11611469630929061,0.16846265846412095,0.18870091660425836,0.029072975236128062,0.047608157043739274,0.0272132643550953,0.19064409356097115,0.07688934630196781,0.06737685642151375
park behind,park behind,0.1924221946358075,0.1428885314969695,0.1410088245784069,0.02471553567862278,0.3120882732166094,0.29640384239731443,0.36662166488846365,0.30742128485936704,0.36090636172730245,0.3029921011007851,0.21181194427381603,0.10482242231576316,0.056275005325368554,0.19213692903994942,0.3078756776328435,0.3783480366795928,0.21452830512254864,0.09779399064470544,4.440892098500626e-16,0.2911845456137424,0.27257506531860387,0.22556272292089613,0.11930757040969481,0.10504185605250316,0.010930657410630595,0.42637468565784153,0.10907298436501771,0.34308978504295345,0.12456858461246456,0.282091102250136,0.1112974956719549,0.3902800481147273,0.10705677403850783,0.28000422283474624,0.45982730106633385,0.12250337510815029,0.19943434978525915,0.13307373134737052,0.31369078594489164,0.23574843630626036,0.09854859920669189,0.4430243763748599,0.3275935627337765,0.3484786332848776,0.41476006507191016,0.2559030644398934,0.6665873491843759,0.4460031034222995,0.13480947689132855,0.14584647516969604,0.04911966782360701,0.33228404498544706,0.20316849536669906,0.1959742213398169,0.18834308712493947,0.1993257376440682,0.22349729181733216,0.11388740078582951,0.172380062702141,0.0737153418265381,0.22930454407076165,0.1381714010900617,0.30886172977243803,0.24890138376351081,0.23366539812287784,0.24656284071032628,0.19841429235306365,0.20562501436205582,0.314169041708487,0.262629488353834
sit behind,sit behind,0.14743334895989957,0.10563186895559423,0.17363017766694788,0.09943414353369112,0.3957630487735644,0.5511365551897255,0.4000912758266224,0.4376592646694962,0.2473310430496352,0.1336193952982339,0.2148819468457552,0.3536207091075645,0.12036516999819308,0.05975903996824572,0.16275179590809377,0.3179390750784824,0.0176103445252751,0.2746704845642765,0.2911845456137424,2.220446049250313e-16,0.11467061704204556,0.3652130403123116,0.1865230202937933,0.3256717222581279,0.2776207413596818,0.4162615413981341,0.15783280444427158,0.011984990978727461,0.3821282561658922,0.021696901633900145,0.021604869742979038,0.053034823760865324,0.10617932203185426,0.1958039924894128,0.39436493893615104,0.17384780220362273,0.11514878897059799,0.03204619839774095,0.21935027620740333,0.336558314592472,0.018829829158195675,0.33858983288707956,0.25389473030971166,0.3257732330171276,0.3194203332765933,0.2511555123920116,0.7274903846909556,0.33793270724457924,0.13389606010490082,0.1828283919653651,0.06982446637776651,0.2828533370559743,0.11976120584178263,0.17688813197337,0.2840644540293959,0.17278344661262754,0.22730212069419634,0.19662161916167148,0.08851945060932588,0.11113475842251763,0.32132226502785444,0.15011461840247456,0.3442203982154969,0.20362352475378656,0.3174603297868,0.16503132297785233,0.21179174201709927,0.12948127404746118,0.18621215952893178,0.2132089137646846
play with,play with,0.05942988108320299,0.030001518586057596,0.05995584461473197,0.008518176806553646,0.20823453268542802,0.2013946770488757,0.2156103209538981,0.20094808972133815,0.027100639836610818,0.14419417165457582,0.01422701781946295,0.21596851791074748,0.47413980755998875,0.01900700500899652,0.23089977361316505,0.10679351564672954,0.17688442518691844,0.31489024605311156,0.27257506531860387,0.11467061704204556,3.3306690738754696e-16,0.07515710259633313,0.1726855077416985,0.010783171541488445,0.05797170878998287,0.2964860989927718,0.08537751988854514,0.04688980086413952,0.2035600235759477,0.0369725952745972,0.04044979806972859,0.14600353117335396,0.13236258441216925,0.19100800165304826,0.2596388011329963,0.16170236191380105,0.27766834984345473,0.12261233926859155,0.19668593930847847,0.1335797351662315,0.2543205762701772,0.14762476887976372,0.16347422618760699,0.26859418215976827,0.3420039507970379,0.2638549955380512,0.13932877265718616,0.09161021859886553,0.22750885078709107,0.23808209876452102,0.04204727779980594,0.15029226581010596,0.1520027017731977,0.2504309608932972,0.10824085226013169,0.13476786646600186,0.22202688907133067,0.030617254380379544,0.22568337227333,0.18071916511534503,0.13789319256336868,0.1235007759400058,0.14527275837440926,0.27901790049322234,0.019504213174409812,0.21173478321750294,0.23581388769370412,0.19464806966747242,0.17863250545747505,0.16818168558434787
sit under,sit under,0.39363565107227694,0.27481596197510205,0.31781231742997246,0.3440272305683871,0.2983746784948829,0.5135976875549054,0.293743691375328,0.33437211801528693,0.5241499166962954,0.31636967556916085,0.5586398339751353,0.016976957137935622,0.21856788070905553,0.2597885464498588,0.17306614556832298,0.23008058550232444,0.1704940853484977,0.06021887729352468,0.22556272292089613,0.3652130403123116,0.07515710259633313,6.661338147750939e-16,0.016886117550141355,0.04110574735462952,0.33279653369019113,0.22858640279828624,0.24508435890610436,0.26946697430949423,0.013073982181950217,0.25448152505637855,0.13994616839669483,0.25151369483591346,0.10957684647478147,0.3922395112975141,0.7081275283087807,0.16810830594933956,0.19427733029945815,0.2613399790818894,0.38794565176219675,0.25508129318792083,0.08180554769658675,0.1697323150993441,0.3508025558537527,0.36147975973002927,0.24429044856271148,0.2135829729759575,0.3915455410359635,0.2012796367220481,0.27859320897231166,0.2548788028979836,0.11814540900474958,0.2780968086492272,0.02837542293628316,0.039370468048669005,0.15668465564762926,0.3538979087259546,0.2569866999945323,0.044502089832216665,0.14859025433861098,0.20478657264557654,0.21443838276578586,0.13342953753407805,0.43095498663542076,0.14419501044518135,0.3444859629488194,0.1610223859869249,0.15304003763734714,0.11642353154836674,0.20921411186720096,0.2464425109209088
walk beside,walk beside,0.32830466216866105,0.2749712190439029,0.32916110613544364,0.41325520109243896,0.6145014424977575,0.6947344622313292,0.9530869825076584,0.7189242133159013,0.3952813289468977,0.3504125607235776,0.547472055093406,0.026738927431265713,0.20339338703586313,0.3271436313817477,0.6067699733398764,0.49002057310496916,0.5933052827941512,0.05692776108242956,0.11930757040969481,0.1865230202937933,0.1726855077416985,0.016886117550141355,6.661338147750939e-16,0.24532570963284667,0.44271646266677395,0.6668081346011587,0.43495264500960873,0.12871011737941443,0.3158018961697756,0.1527386276450372,0.1321157338431625,0.05675704591425129,0.2467517350423249,0.5995205543233331,0.5104319466051797,0.5561259020529445,0.3476380713081933,0.3463265182394991,0.5347624925655217,0.4012095013121299,0.2903713393219366,0.7220789583751014,0.5301955220617691,1.0055460489554848,0.5462917660713817,0.49751273710959704,0.6582856124684566,0.3710400925167981,0.42682932157069586,0.40287838258000175,0.25997554282113666,0.9803851060687452,0.3420965464281985,0.3707569926028043,0.48716030255318976,0.4862205126035525,0.45893240066652086,0.4734078694876793,0.28654592492012076,0.3122030671996564,0.4695949984561188,0.37949295936277494,0.7479380074154031,0.5901074242808649,0.503341124758377,0.3208373010824537,0.4188330564192212,0.43402715867280983,0.516067801401232,0.3826641442425482
skate on,skate on,0.4534519523239203,0.4415663706320612,0.4499992997996263,0.1307313819700863,0.21039996608774642,0.1954228311843213,0.2509627161300897,0.2822511420416633,0.29776069568245234,0.36449729845280454,0.42078834710866775,0.3118072003452424,0.0566908891715982,0.011891696290651066,0.09982200908434935,0.520719915966346,0.034434712652402166,0.20505703976237444,0.10504185605250316,0.3256717222581279,0.010783171541488445,0.04110574735462952,0.24532570963284667,5.551115123125783e-16,0.33739953265961814,0.270761108945186,0.14278206159173615,0.2659355694263259,0.012063634145280222,0.22384040036954778,0.2591174476559711,0.18977254005152222,0.04665836330593115,0.17874915981957304,0.25176906350080724,0.1635626397613365,0.03572331939638829,0.059530145473462415,0.28690222771451424,0.21333138258409484,0.03945529761466665,0.32282517186806553,0.3246030648901952,0.2184223634259131,0.2776722557397387,0.10379311923363663,0.305704201822832,0.23356773643247117,0.03367709210787456,0.11664495787301149,0.13015262448936699,0.1694129451069022,0.11824799124167812,0.08194172674931831,0.2873933645855918,0.2122793869112719,0.0005755138725255238,0.18747252109173207,0.042587966931131635,0.046846635663295805,0.17211321306563146,0.03672972136213354,0.1578676836939512,0.2751043764416642,0.228134782374854,0.035684488137885884,0.19262321625618373,0.18783391317712608,0.11859156386625339,0.5246527015151934
stand under,stand under,0.20648815940909174,0.11532117261646196,0.12263663199645325,0.06451984438306596,0.23070450160403194,0.3307853907060505,0.28686730006771693,0.5982418886088557,0.13777483386768774,0.27063313802659605,0.2975199512555427,0.4730675005767286,0.18083084030651653,0.07753465184475597,0.08329516255592925,0.19722282917618603,0.09566436719032456,0.26598821829255775,0.010930657410630595,0.2776207413596818,0.05797170878998287,0.33279653369019113,0.44271646266677395,0.33739953265961814,0.0,0.2798366563035811,0.21700546858792794,0.11982390832089657,0.39974812542839866,0.025541524129900572,0.05210793581899775,0.006627481957116155,0.10545320034825739,0.16461897078345236,0.8473691523413922,0.053521450587235314,0.18449141273231415,0.05530440982635407,0.3461909422101947,0.3138522339604076,0.17874147672840673,0.31224771613032076,0.33934453867687303,0.2479857224619203,0.35133911205193524,0.295912056648415,0.380505453581382,0.41012419424762037,0.18497477457866213,0.12197998531103191,0.1701315201731286,0.18081998110418357,0.04198238361670377,0.07018505373611689,0.17348060322075765,0.30894161162697353,0.019428816451574238,0.14072914169835357,0.05708173163190833,0.02714686004437067,0.09583711063697334,0.04806269997593138,0.2470122992497289,0.19369327536593284,0.12435486102487173,0.10764659597140988,0.15116752046054643,0.146347918360305,0.16529860525620368,0.22561450248466638
outside of,outside of,0.018417345461335277,0.36275179049204165,0.4081487029204018,0.048032924783623365,0.24763177345504417,0.2910228570455291,0.26603776693064474,0.32807063523403707,0.09714499889181238,0.029724520839205404,0.004212731417988502,0.26813615418086767,0.6455687200688818,0.05899549196087625,0.23847139165202513,0.1408678857515167,0.06452580353722215,0.11375874610690964,0.42637468565784153,0.4162615413981341,0.2964860989927718,0.22858640279828624,0.6668081346011587,0.270761108945186,0.2798366563035811,2.220446049250313e-16,0.3255557158519158,0.2164418464477009,0.2905646066240041,0.13736255296796768,0.1334899025422268,0.27804683959588095,0.09110537247335915,0.06694109950070815,0.19036284464809944,0.217513551040528,0.004218248733524332,0.23845698376309435,0.12887766854576543,0.2658522137176631,0.12688141592082186,0.1302826476910378,0.14760993191440525,0.20513006556828378,0.03276630772507405,0.24904140587609563,0.12700375388399832,0.10161983969839777,0.30567223871625215,0.3230099609225281,0.13647441772808472,0.23971632333008464,0.11133306165849524,0.32619513972165887,0.23195640190017575,0.25918530059199196,0.1546591464039956,0.1768402236520321,0.18486254953363884,0.25543229354640035,0.07429028208727195,0.23152475828412272,0.0669552009082669,0.2098006235412807,0.1978653707835289,0.1444746182648538,0.2107190331119498,0.0291565539282459,0.3155583080549034,0.04784671021551634
next to,next to,0.26313788051233755,0.09635394021142574,0.12213355340474835,0.36406415012604715,0.3286101930722809,0.21457759428633782,0.21182510848188696,0.17094222431781758,0.11298133979485986,0.24057834953831214,0.39934913358419993,0.2734713070264171,0.9348678803383862,0.22336076551454034,0.7609971131003013,0.15838684150302412,0.17199835281437423,0.288820583049092,0.10907298436501771,0.15783280444427158,0.08537751988854514,0.24508435890610436,0.43495264500960873,0.14278206159173615,0.21700546858792794,0.3255557158519158,5.551115123125783e-16,0.06370236778156246,0.21362651153383172,0.06380516537819428,0.026647632194180704,0.02721784551079587,0.03798071827705979,0.5510929073897153,0.24349595186181927,0.25791262369284107,0.24796329166075246,0.20945479385039964,0.427473203627676,0.12391911499198904,0.2477308266610037,0.40554663091719884,0.34312213430836314,0.7785767560235461,0.06503678973258709,0.257274046853072,0.38102366948269534,0.036033896818031624,0.2340058432933633,0.23566957250525222,0.0810237097864446,0.343845929803282,0.19553473772854407,0.06256663543288449,0.17806495163064745,0.18443069097382075,0.1806873658913876,0.2818638121820677,0.2835008081524739,0.14690724723390897,0.19448362615828757,0.137015879033603,0.5374768393546084,0.22400744141174286,0.16306712006567015,0.31328159305244546,0.19183714936818008,0.16010357036647693,0.29943827949207646,0.1792290389150837
rest on,rest on,0.2476884884949242,0.4266101263156337,0.5063930665017027,0.02431631283627378,0.16063964631430816,0.05377195974017046,0.03185617796436935,0.01780783847424572,0.1577558569009445,0.010635227627045385,0.2529311668567198,0.20054930119019465,0.38415908494806694,0.2675775424566959,0.11407632059116402,0.4631106627255334,0.2895661270174812,0.3886058209346182,0.34308978504295345,0.011984990978727461,0.04688980086413952,0.26946697430949423,0.12871011737941443,0.2659355694263259,0.11982390832089657,0.2164418464477009,0.06370236778156246,8.881784197001252e-16,0.15627415802310235,0.1615837750071537,0.23648749746802722,0.21624180872340137,0.1718045355373413,0.10602441674693719,0.05742794026789827,0.021984750304169687,0.014051039921909092,0.14010711185811003,0.1173284562460607,0.07364321244496141,0.0007119980794642877,0.06278451088932172,0.021852530902737533,0.07301381699781101,0.06077216195273111,0.08351262051002178,0.03485254747104194,0.026214452386037868,0.15402207123275985,0.1167870316640558,0.11408707122708905,0.13597760634768966,0.0958527146132262,0.08467110240874942,0.025722579382430666,0.15374930475833454,0.11863562540878902,0.05729259024445607,0.20892975858323443,0.16026510772555524,0.035393750229328336,0.08743896057271158,0.03627421659151275,0.11923064596022173,0.09919069440999831,0.07172039113814782,0.014023450783834684,0.0010653327538221458,0.11410535222596624,0.4399124745282391
