sit on,sit on,1.0000000000000002,0.7939104331770985,0.6302678821061596,0.6378342998692387,0.6573169349915151,0.7173158604527778,0.7104821770572931,0.5124816970126508,0.6241145189364529,0.6313756161447354,0.7655366646927457,0.691835317096712,0.6761902861358688,0.4454776937704745,0.7039277637320205,0.7212880781224251,0.6543475668493693,0.497149033539367,0.48428914083588925,0.6175750485978301,0.4830756175055402,0.33611573619670365,0.3335520924410985,0.3395146662407177,0.34153728647112525,0.3070391076279155,0.3815931178270155,0.3652501215986738,0.4053990014463875,0.3080372164369912,0.3673589317073145,0.3673589317073145,0.2700168888378937,0.30266458581181005,0.39622211092653903,0.41448473085041293,0.3292353488544185,0.2686808614536803,0.25262561085942914,0.3074815603667886,0.29811208735739536,0.2706128464750549,0.33857964678023755,0.2636686230449554,0.24796745750253,0.275937279897732,0.23081770233709312,0.3379867071250572,0.2689983386534208,0.2658521855082401,0.242623177758295,0.23289224763356864,0.22276709757444185,0.3678569185151157,0.24106923668791613,0.23383099348135739,0.19882504299219522,0.3079224736142936,0.21248167637111676,0.22146499112160742,0.19329591343228594,0.1945897090648746,0.2418484410417913,0.2306527222296797,0.19197259219292168,0.12932980724491455,0.12132736433484348,0.11176621669184272,0.11152054660450691,0.08035762002169541
stand on,stand on,0.7939104331770985,0.9999999999999998,0.5746208427910297,0.615250224034311,0.6496923752017367,0.5119924460636022,0.6628511917424473,0.7161167475685233,0.6127093959418222,0.6405836811375667,0.7640367706453326,0.6219889357809723,0.4580126080711729,0.3802504836877944,0.49966791444460257,0.6859042343002908,0.6654442459071864,0.42480706817437675,0.6687634143567619,0.6324346979717355,0.7057101013766094,0.3237959106247707,0.3094160224555855,0.27953540077547395,0.33868845363787325,0.27612734143301476,0.29248855085821257,0.39444868062087113,0.3604330818999776,0.34808861451449913,0.2998780335684216,0.2998780335684216,0.19020703965625263,0.2720400923044982,0.3919845560747047,0.3074366642165156,0.2768647927528225,0.2588969648116241,0.25952536095438417,0.30154890702840376,0.2925453542026753,0.27836778350272373,0.2911984941997138,0.2888945171845728,0.26897686433092527,0.2792068958210847,0.22076036712379626,0.23239362301427904,0.28284400838694346,0.24516857270530176,0.3316832279297788,0.2990380450317453,0.22726404858374255,0.27294528031022297,0.20441641597808033,0.2691384549563055,0.2646423588163442,0.3003464357636037,0.15772282744347943,0.18179541339728328,0.2095920185269645,0.1977314804069626,0.25463821790511454,0.1741237281980187,0.1094320536504014,0.17421922802569456,0.1535670905265258,0.16211698178976663,0.19271462558337665,0.11041618719269883
on the left of,on the left of,0.6302678821061596,0.5746208427910297,1.0000000000000002,0.8815756099980767,0.6045386642629402,0.4535585449904014,0.6753712602719546,0.39813738672821075,0.5844084695034614,0.589965477311582,0.7066579417774731,0.5655947381414049,0.36836232704837335,0.36714824343432456,0.3648548353325325,0.6547549667899067,0.5708698619667933,0.3612732081867611,0.3195053146117499,0.5580382440492179,0.3028693005826676,0.40439731235123955,0.6837030674284498,0.3451718529903315,0.44167404331673177,0.3214026354336267,0.3088553298691712,0.3101526455168562,0.33293015632336365,0.4620627725376922,0.2286252714479418,0.2286252714479418,0.3623096002265309,0.32358634883835224,0.21306653991199404,0.20738366904322864,0.38102539018747084,0.36478890462603253,0.46037603193620336,0.3980828301323403,0.1763876745011546,0.3725041890495825,0.23758545614853138,0.28558753022698113,0.41214983942776134,0.18068013605781452,0.20969565298118525,0.18728980670339146,0.27788442648414013,0.2894372031023932,0.2823993207529007,0.20201582306859767,0.33139923278155403,0.31326921956628884,0.21145390934025732,0.15588273686176332,0.2523477981066872,0.12769112661658275,0.14254004483697538,0.13637284751608172,0.2565725012038345,0.2274898830815087,0.17109772873488918,0.05584250369342256,0.19585149966837434,0.09909879737053168,0.19239443539414097,0.12291029833591283,0.22433335858015302,0.19643301527151394
on the right of,on the right of,0.6378342998692387,0.615250224034311,0.8815756099980767,1.0000000000000004,0.614153410352749,0.41134757710915093,0.6840072243496018,0.3886257751763956,0.5996214957330623,0.6255015970229775,0.7267542509327921,0.5677125784068093,0.36011815579081546,0.3475752955013302,0.3732493941660533,0.6246726786504324,0.6096390662591226,0.33398082660825246,0.34369542025143196,0.5825068668808331,0.34522825695031134,0.3675024619918752,0.6655559962688555,0.30564594654497457,0.38503904507376124,0.3199160225499976,0.2945596342578344,0.31445122327588565,0.3154342377836464,0.4225980407442887,0.2036984902492074,0.2036984902492074,0.3231935260315078,0.31907431645610407,0.21850715750116972,0.227718290193469,0.3459266193111826,0.3191813413948986,0.4353006118420011,0.396127507785606,0.1302939848789827,0.3006166504760492,0.2486698375377352,0.3571737991097742,0.36558436350484874,0.16155622557005828,0.20417327800893498,0.2005160472514316,0.29873315053755056,0.3106998538421079,0.2971882380736768,0.18575054013732134,0.3451733780893251,0.34235623703687423,0.19623196587260044,0.16867914685803798,0.2575724421308628,0.20140554560485094,0.12623562017902806,0.20237028873411764,0.23680133742962395,0.24216792706839957,0.18539190574885034,0.09124688305874794,0.17328911408126602,0.10148852624423074,0.1589940037172582,0.16512801792681747,0.18268401814207003,0.214250138735662
drive on,drive on,0.6573169349915151,0.6496923752017367,0.6045386642629402,0.614153410352749,1.0000000000000009,0.37237460232769704,0.6477966424286512,0.36437149124014223,0.6382864041996738,0.601433856059441,0.7578949293243857,0.6024167788476935,0.29844208933730193,0.35214192659941645,0.31918382779570986,0.5803384761057002,0.6198924468327586,0.35450491583831373,0.2955228318392472,0.6057208155965321,0.3070351862060646,0.34506094913222907,0.34004882267601705,0.30192378607744697,0.3262011980191203,0.27257004933523254,0.24432678313615047,0.3225558209021247,0.24434748742078724,0.36518583286866235,0.3066874435139501,0.3066874435139501,0.2744725064469908,0.2229538274678018,0.26479928560391264,0.2638609432093811,0.2629066795579755,0.33425651317666416,0.2998445899222619,0.3023351902421487,0.2988680826609408,0.41316513488876555,0.3295216714225191,0.2655868063337057,0.2879389836163184,0.2707091512339886,0.7578949485415,0.2088997090981125,0.22058644445397685,0.2351456594555958,0.27221766753874677,0.175240077424363,0.308040761774493,0.22095159556695143,0.2576324933308324,0.1964293143517692,0.24131659095197572,0.1929911005316568,0.27323403518283906,0.23360789433054951,0.2653644147365748,0.18839743712023888,0.22434535736977684,0.1202141291112134,0.12923335865782792,0.0687703175299221,0.17184365209684704,0.19405445842328561,0.25029435352164997,0.11182617178905352
sit behind,sit behind,0.7173158604527778,0.5119924460636022,0.4535585449904014,0.41134757710915093,0.37237460232769704,0.9999999999999998,0.4250335083359523,0.7971172261067982,0.3252815793409695,0.40989250928683774,0.3265850235273826,0.3859769941649175,0.6598360027808423,0.4243057046144813,0.7134119450774394,0.40641064471139243,0.38687639667593643,0.5281308933627566,0.46891602442664415,0.32056263046418854,0.49383253500478946,0.6274941846075073,0.36239648396092794,0.38164297418109316,0.7716781426059478,0.2848002200738921,0.3478107262836403,0.437858056594636,0.4534234825185721,0.23588504723751624,0.3674920007886624,0.3674920007886624,0.3972224370338906,0.2706876513063403,0.381342869997719,0.39670196350527076,0.3115383947875532,0.19045647945012284,0.20842915843418758,0.18984016804183745,0.39002822478334875,0.2209706378479169,0.3355588182929051,0.22256296326619943,0.22265437298902055,0.2677607793316473,0.23785663511411287,0.33268778061796483,0.27679536535963306,0.21399992497539277,0.25959847391210383,0.2550107927224393,0.15245505004444906,0.3437406496706654,0.2023313644491876,0.24021548842115864,0.16339015294407644,0.2869938180207746,0.23149541129025786,0.19999319887250638,0.1728617461731463,0.23969437516355818,0.20039242128241802,0.20490117551686957,0.19524460396220716,0.2278114981570084,0.1034286108709277,0.13486942054349274,0.03739930235277318,0.08855183041380413
rest on,rest on,0.7104821770572931,0.6628511917424473,0.6753712602719546,0.6840072243496018,0.6477966424286512,0.4250335083359523,1.0000000000000004,0.3773461138650007,0.6282507140924342,0.6914917456004479,0.8032949325388281,0.6859614506975602,0.42209351003327567,0.36836845901780524,0.38702267671825386,0.6447752827368916,0.6487635942945265,0.30550528009533684,0.3820452350663809,0.6265728593180427,0.33292620046504556,0.33493921288373435,0.3997676014756071,0.2510695725711792,0.3714727705522334,0.3393241861399072,0.40364977331997975,0.29262639027149384,0.3031144414553256,0.4199795751065881,0.1717565020485197,0.1717565020485197,0.2429568885854776,0.3822903972267755,0.2133743006237212,0.28872171711758654,0.34424675493215806,0.2770372241495453,0.37483324513184896,0.27318905629736673,0.1733096343642192,0.2547815015707362,0.2587193798456002,0.2992189150146999,0.2847134325427007,0.16174606263355518,0.17862867323899412,0.19299843915214732,0.28428666034860056,0.2942848223834469,0.24343197678904793,0.16575667140990635,0.3566747578230899,0.19820036563867227,0.17379286359144078,0.21412321544070517,0.23729007395515403,0.17541860295497802,0.15564303809617885,0.1330493233866034,0.23173368254473758,0.1494874689646548,0.1567079786085392,0.11401181567684386,0.1622099750995828,0.09213224462891983,0.11503449560800418,0.05494109693027711,0.18090774070288826,0.12579574678641833
stand behind,stand behind,0.5124816970126508,0.7161167475685233,0.39813738672821075,0.3886257751763956,0.36437149124014223,0.7971172261067982,0.3773461138650007,1.0000000000000007,0.3134848554717127,0.41872862929653243,0.3243451062506683,0.3161922022115579,0.44350692281757675,0.35967148047501635,0.5109614303684651,0.37081335047363484,0.39748976923152124,0.4565709528305127,0.6520961881723091,0.3348315616165405,0.7149394397807729,0.6160354633962076,0.33861646325300665,0.3223262788987574,0.7699339497436029,0.25417225829738216,0.2594331836224175,0.46711335244444857,0.4090393982057148,0.27556397040255143,0.30064483025410627,0.30064483025410627,0.31839772454762105,0.24032131439458126,0.37722978383055533,0.29056503945357026,0.25963333985903453,0.1806555632970458,0.21525609640754578,0.1837840111319519,0.38480694976319374,0.22863958736117607,0.28864116138573903,0.24758619085177275,0.24352420424154703,0.27107438613097923,0.22796551888732033,0.22799871030068902,0.29063800516180205,0.1934416312438886,0.34809182480953127,0.3207739568441806,0.1568289598272072,0.2496180572833287,0.1659480161029864,0.27534117502850175,0.22868616690642085,0.27952609934677075,0.17726647048414834,0.16064909590177373,0.1890480781816833,0.2429760090277077,0.21306706037978335,0.14882000890710165,0.11340459796834694,0.27262123930201276,0.13541935845643344,0.18492233193880825,0.11783896758055881,0.11842423392752605
park on,park on,0.6241145189364529,0.6127093959418222,0.5844084695034614,0.5996214957330623,0.6382864041996738,0.3252815793409695,0.6282507140924342,0.3134848554717127,1.0,0.5749471927234019,0.7362130046444408,0.6168513194711529,0.2759524738551057,0.3242643720902348,0.3072512329614037,0.6092933627216388,0.543727764033062,0.4023488783951047,0.268925964522339,0.6298883935166926,0.29138628823501544,0.6918975152380986,0.38321266407134547,0.2863531100533576,0.2826732936856994,0.6414180665105665,0.2689349244024849,0.31733574859071867,0.3542703407498872,0.3511674050319813,0.2711322462060722,0.2711322462060722,0.26221786013221904,0.21657961464015762,0.17769861699460227,0.2641682924892795,0.2960292768276178,0.42013922451247554,0.2729417184042209,0.31930237210953016,0.12167769744510375,0.27640655464119196,0.21457066875700004,0.2854200398327977,0.2592262343466788,0.15230706345373923,0.23129507585156234,0.17857549020631114,0.23220298643398685,0.2786187132311392,0.20392190215323486,0.10326880002795791,0.26891210611004085,0.17303302810599544,0.16127397692668455,0.10601783702468595,0.18876305607930774,0.15662919497094163,0.2438463388655009,0.2230854339967413,0.16557439500928983,0.13586385336267626,0.19432754561424756,0.09549112427706889,0.33715544066128655,0.13817398524187136,0.09155282784247733,0.08515754727572732,0.2034913421042879,0.13015652850686724
on the top of,on the top of,0.6313756161447354,0.6405836811375667,0.589965477311582,0.6255015970229775,0.601433856059441,0.40989250928683774,0.6914917456004479,0.41872862929653243,0.5749471927234019,0.9999999999999998,0.7599437725410353,0.5603127552838835,0.35387047679951955,0.3032573307041252,0.3599016278593708,0.5953411742182496,0.6217978442623041,0.2579847211175422,0.36869500731042404,0.5675514849926697,0.36476619460232396,0.34802120017194493,0.3324372986159677,0.19783891987559288,0.42587160259177337,0.2954708340394779,0.28718965498153204,0.3760539058005558,0.2971727914717398,0.3817666700850556,0.10383320837111024,0.10383320837111024,0.24933102065039153,0.3522828876459573,0.24339303753403402,0.26930769858311066,0.33928426722986504,0.30551450312148454,0.3416309311705906,0.32340375558303325,0.18561194288575955,0.32065803768827206,0.2197945162483772,0.4096212988926472,0.31363925526963343,0.13140089057024218,0.1517035874233092,0.09693026577103049,0.3221947039804799,0.38502898021301485,0.2662287038381751,0.19093683871911132,0.3040903908001321,0.12788438858714948,0.16633080217966098,0.14973002449043588,0.19829580637033578,0.179708756500344,0.06222769348818756,0.10841429944039502,0.1386891111092168,0.18545557770732837,0.2463437520434837,0.060682011310789374,0.10296118654513577,0.14459133761474383,0.15337323436879438,0.08514366780212199,0.1863987181437293,0.14430675814102514
on,on,0.7655366646927457,0.7640367706453326,0.7066579417774731,0.7267542509327921,0.7578949293243857,0.3265850235273826,0.8032949325388281,0.3243451062506683,0.7362130046444408,0.7599437725410353,1.0000000000000004,0.7481222295821506,0.24542954083855173,0.2111143001330114,0.34293464387704414,0.7718160761976314,0.7248388983894806,0.26478556277272547,0.24729832363803425,0.7179871490579387,0.33665542359111866,0.28246929332613535,0.33365046242192364,0.1480431092017886,0.33194429321082,0.20171702818195075,0.2233714480592277,0.28464284042476706,0.309670088430705,0.3958766908947766,0.10190698965889805,0.10190698965889805,0.20409274030986274,0.21562080209228582,0.20958615234186248,0.22974059086445492,0.3710145675062493,0.3298866703438347,0.32555136397638734,0.37612673898570836,0.11420813741084937,0.2905785002385215,0.18852254410037939,0.3290087481637698,0.30407450684229836,0.14416456354607543,0.1488094769203389,0.10783715831267793,0.33190482001417676,0.3130356077052333,0.2696705150057,0.13444461277836922,0.3135878709477773,0.18119307858833678,0.11248674208248824,0.142468749561167,0.21003135447496152,0.1250771052424533,0.04276191590531744,0.15811525887115063,0.1705019405747158,0.1248724249596384,0.2160188333584684,0.06310714843081065,0.16339467121825366,0.05394400469055367,0.13777397550966286,0.03398126677462952,0.21806211791026325,0.12925051630909998
sleep on,sleep on,0.691835317096712,0.6219889357809723,0.5655947381414049,0.5677125784068093,0.6024167788476935,0.3859769941649175,0.6859614506975602,0.3161922022115579,0.6168513194711529,0.5603127552838835,0.7481222295821506,1.0000000000000004,0.3408786242570984,0.3102437419122138,0.3813051489723082,0.654386900678788,0.6260538913595671,0.35179908790857584,0.27735615140623404,0.6065625057802488,0.3044157402680162,0.30199525939302896,0.31030737292845345,0.25557499478912366,0.28457165249488375,0.26087439280429875,0.650449372403815,0.2591563338862345,0.3075744335529455,0.2875553391677776,0.23925462314776935,0.23925462314776935,0.25391393491226893,0.22736942238902527,0.21419857833021577,0.3251714171988473,0.31432045863506125,0.24842274759993926,0.2492853752982203,0.2915877091642684,0.15871254388746805,0.2500683944889252,0.2840788835570098,0.220873360847691,0.1980771599146569,0.18198422375742007,0.16501503321980227,0.37393843624103995,0.24926083985090214,0.19408838863706143,0.19188047281922788,0.13894025536144017,0.21008757568954878,0.2577935851031746,0.19325547291115094,0.148641662790233,0.20280526662753787,0.1629976424704978,0.18582750892753716,0.2088876470861885,0.2713999809895053,0.15704253058196785,0.20449284999022654,0.19113866924985645,0.11703272908354502,0.11202686244726082,0.12454479356441628,0.08862480795561407,0.13038935526038806,0.06061049078754726
sit next to,sit next to,0.6761902861358688,0.4580126080711729,0.36836232704837335,0.36011815579081546,0.29844208933730193,0.6598360027808423,0.42209351003327567,0.44350692281757675,0.2759524738551057,0.35387047679951955,0.24542954083855173,0.3408786242570984,1.0000000000000004,0.7741634190242597,0.6174688456501978,0.32812818872858407,0.34374297472674503,0.42334065376315055,0.8031761196960927,0.2512029148658998,0.3856229917074947,0.2644204018506786,0.2697248983120566,0.4552323283576648,0.2284946761056611,0.6400479130593146,0.7031151203554243,0.2939558420221903,0.2835137269011048,0.22472868498090587,0.3745180212659994,0.3745180212659994,0.19861355563846989,0.7898673356170223,0.4083251854170996,0.39207944403122275,0.1406239184541992,0.18052952553072282,0.2913119662939996,0.23013295529893138,0.3216866082723011,0.18550079157690336,0.3523673499881378,0.13271765161834426,0.09353010408626891,0.2516214771701061,0.2069459579572911,0.33350111678621847,0.11760235212453943,0.15682493700494546,0.17377070566429567,0.2763860102442272,0.1225032763993524,0.319083897593205,0.27071741716865705,0.31101715786539896,0.1505867813195719,0.3343431908412801,0.2360434174564014,0.15998653583459782,0.127030668239032,0.10970685409484898,0.0959995798781029,0.22494975555196856,0.13155689574249074,0.15584851911970377,0.052066072704642426,0.1768357538318808,-0.010739853264674557,0.07190850291468905
walk next to,walk next to,0.4454776937704745,0.3802504836877944,0.36714824343432456,0.3475752955013302,0.35214192659941645,0.4243057046144813,0.36836845901780524,0.35967148047501635,0.3242643720902348,0.3032573307041252,0.2111143001330114,0.3102437419122138,0.7741634190242597,1.0000000000000004,0.35279361378786045,0.26586821121425697,0.2949236397633066,0.6313389470574124,0.7242019069330419,0.2909179958187456,0.28142543406006154,0.30575311321398024,0.30574819303305645,0.7144023291129006,0.18391016912103117,0.6855639841512727,0.6702014654557116,0.27382479420883643,0.22931172340680583,0.22729919969452836,0.7520281523728001,0.7520281523728001,0.21080700391548463,0.7520281152480918,0.2832573902684232,0.2867864298678957,0.1282860229644719,0.24556534085297682,0.26641248566090237,0.2602144652202748,0.3296246287482718,0.2860500754393619,0.308439196300368,0.11047124093438061,0.10004848583693117,0.2689868928642099,0.32265886078926,0.338580912371008,0.04754221102014242,0.1379560705135145,0.10936687085954068,0.25109830421366786,0.18832752473862263,0.2726257980131399,0.3192775561275335,0.3575523135933436,0.16812086994346342,0.2408658101066285,0.358693687810173,0.13785988697794188,0.14029305538317474,0.09838820607477573,0.032559154496489225,0.2332333505543995,0.15093470571700904,0.17081039727713976,0.030518542015053635,0.22916031134805803,0.06089482735953045,0.06950590990469933
sit under,sit under,0.7039277637320205,0.49966791444460257,0.3648548353325325,0.3732493941660533,0.31918382779570986,0.7134119450774394,0.38702267671825386,0.5109614303684651,0.3072512329614037,0.3599016278593708,0.34293464387704414,0.3813051489723082,0.6174688456501978,0.35279361378786045,1.0000000000000007,0.42418173002636794,0.35136761145066875,0.397844033467597,0.4267899636980401,0.3073781249249476,0.7788806296219928,0.3230268978313059,0.2694693282908424,0.3060745160927946,0.3662184348665226,0.23567087384346902,0.31219011971153,0.2896719449664904,0.3283854722582773,0.21548594833740853,0.2900148757151113,0.2900148757151113,0.3096948612686307,0.2406065701913752,0.40527206377056446,0.33676576376682144,0.3150260719649558,0.14318131845074197,0.23777938096941417,0.16068632399764393,0.30869477580208315,0.1341627773631419,0.28395745113459825,0.2811841702978272,0.24937559108740312,0.3495796787273505,0.14088097757301127,0.3078971735765014,0.7348303703070151,0.27614681588045464,0.20962043729855034,0.3018606131486638,0.14064854117301256,0.24984879470260601,0.22047532127506048,0.2076328028115278,0.18560636503872496,0.2903462985624094,0.18462254153983165,0.23229233684801529,0.06189587097595395,0.18007054730473898,0.232174129953734,0.28229011959812433,0.18138611309927263,0.1712154007606509,0.13811040501398217,0.11298681309916134,0.09308878190350528,0.15145492916548325
lying on,lying on,0.7212880781224251,0.6859042343002908,0.6547549667899067,0.6246726786504324,0.5803384761057002,0.40641064471139243,0.6447752827368916,0.37081335047363484,0.6092933627216388,0.5953411742182496,0.7718160761976314,0.654386900678788,0.32812818872858407,0.26586821121425697,0.42418173002636794,1.0000000000000004,0.6127905292913944,0.4093091890552,0.29828936693032904,0.5745380630038284,0.38233377735556096,0.2852313665374121,0.322609424076586,0.18680761043535932,0.2947075736192319,0.20946550892801322,0.26213788404342686,0.2828753091674146,0.4221674200690612,0.3650819188685174,0.2140541255837518,0.2140541255837518,0.23852818892269703,0.18582662322540727,0.19929851005068067,0.2258721670131876,0.4287355449827285,0.36829865815922735,0.22750304568959467,0.2771991576298082,0.16103385112342455,0.3484905081542713,0.2067278782884392,0.2880912149635601,0.22026588347911935,0.14963468642824831,0.10785512805200442,0.14343594342685306,0.2908743788400121,0.29241927470663626,0.22243384595046545,0.22354338133327586,0.28089683000027005,0.22707679365177363,0.1356967122385594,0.10941744032649195,0.26465807645598094,0.17121653045107846,0.09649290782311698,0.14611313157304126,0.13894581750338206,0.14321278737072887,0.1827595606477372,0.07643787749494522,0.22466439596876336,0.09279620665766122,0.12105992308619715,0.09406295262526086,0.10760906393759809,0.08993681139238904
lean on,lean on,0.6543475668493693,0.6654442459071864,0.5708698619667933,0.6096390662591226,0.6198924468327586,0.38687639667593643,0.6487635942945265,0.39748976923152124,0.543727764033062,0.6217978442623041,0.7248388983894806,0.6260538913595671,0.34374297472674503,0.2949236397633066,0.35136761145066875,0.6127905292913944,1.0,0.28220579164826,0.3601865044975234,0.5771325756740966,0.3582104454348237,0.26879919358876225,0.2856913799363614,0.2273472931762987,0.3200729233280353,0.2300771833606986,0.3186584134114795,0.31861851773039035,0.2610804586837936,0.3081421499843463,0.1775742506946932,0.1775742506946932,0.19691272534962323,0.2660074993520445,0.26977250701782973,0.23909933485811408,0.26541994879249464,0.23209700044043813,0.25647316712420803,0.26252156043416136,0.21492348023822577,0.28431925668676794,0.17286173444644592,0.3078261845764335,0.26902276707961414,0.25599465414988454,0.2147878080025249,0.25339286529536337,0.23937598219676876,0.2564613127404355,0.2156823775380845,0.15703251665357235,0.216096811919278,0.1830064078145234,0.13501153865970286,0.20970326904632008,0.19490051593094004,0.32948761098831575,0.11762980687802696,0.21650106179117734,0.23226704685703334,0.22394618466519578,0.19109760881298646,0.16064399451741615,0.07956172948846714,0.23639916128592076,0.10574785217118743,0.09143705107982476,0.14603569690519658,0.1313846447290532
walk beside,walk beside,0.497149033539367,0.42480706817437675,0.3612732081867611,0.33398082660825246,0.35450491583831373,0.5281308933627566,0.30550528009533684,0.4565709528305127,0.4023488783951047,0.2579847211175422,0.26478556277272547,0.35179908790857584,0.42334065376315055,0.6313389470574124,0.397844033467597,0.4093091890552,0.28220579164826,1.0000000000000004,0.35935668080112015,0.34471539380131405,0.31862400362000004,0.43891940502593846,0.34075506574215075,0.5926477515368378,0.3187080795688483,0.33661461993907,0.28936857268112837,0.4818699653333718,0.7771893964158345,0.1756096764207484,0.7771894401986498,0.7771894401986498,0.38740984794908934,0.17237984135303552,0.173414716995263,0.30352052436086563,0.4064202852044865,0.4065038408214646,0.13091598739549365,0.2740310459979533,0.27298814458396903,0.24674091286060879,0.18406805539892845,0.1830980509008469,0.17030480906633477,0.22700865661860387,0.27256940025586995,0.34260156984274537,0.0883096949734894,0.1596964276835719,0.08878802682010715,0.18975229208971364,0.2491717821996505,0.26317668531639316,0.23144396206576112,0.1855882075937017,0.12464721956631541,0.1690746042279612,0.3662870625592062,0.1466019508478957,0.20149037101328038,0.12761843104630227,0.15025669803390385,0.19506824595281463,0.3751144398048585,0.27459270921916035,0.07007812555244336,0.11905050839636583,0.06939772577296872,0.04133642144993811
stand next to,stand next to,0.48428914083588925,0.6687634143567619,0.3195053146117499,0.34369542025143196,0.2955228318392472,0.46891602442664415,0.3820452350663809,0.6520961881723091,0.268925964522339,0.36869500731042404,0.24729832363803425,0.27735615140623404,0.8031761196960927,0.7242019069330419,0.4267899636980401,0.29828936693032904,0.3601865044975234,0.35935668080112015,1.0000000000000002,0.26960783609860556,0.6118697593254967,0.2568223729715368,0.25058145558224626,0.4043750578566799,0.22952063991388372,0.6215613652402663,0.6283278525778165,0.3278337867339852,0.24395732314462465,0.2680594386760947,0.31461909372713176,0.31461909372713176,0.12328048563983465,0.7746213405011646,0.4114149265339768,0.29340839294668203,0.09109919650198658,0.17391222241384957,0.3033618453410507,0.22821542619450674,0.32195010296892107,0.19627676946542139,0.3119132768199083,0.15970044766130098,0.11561313607689588,0.2592645040204396,0.20065219545814267,0.23526035672408852,0.13305259940553957,0.1389957894333139,0.26456416019871487,0.3466168181858529,0.12891852971211795,0.2310370340968585,0.23942687321470796,0.3515108057204601,0.21808360262969312,0.33285494482524336,0.18626714667668556,0.12357902375504237,0.14523002220118184,0.11458813975282589,0.11003575271872235,0.17317401733743965,0.052361773678994486,0.20294153250716365,0.08465510500419202,0.22976256235118933,0.06891745452926289,0.10281603992652621
skate on,skate on,0.6175750485978301,0.6324346979717355,0.5580382440492179,0.5825068668808331,0.6057208155965321,0.32056263046418854,0.6265728593180427,0.3348315616165405,0.6298883935166926,0.5675514849926697,0.7179871490579387,0.6065625057802488,0.2512029148658998,0.2909179958187456,0.3073781249249476,0.5745380630038284,0.5771325756740966,0.34471539380131405,0.26960783609860556,1.0000000000000004,0.31858019683260125,0.3236823681866329,0.2735967633304257,0.26451704339048127,0.2671768254336351,0.2549705889782127,0.23927610458846718,0.272641065766564,0.26752970267009524,0.2774804424083685,0.26828860772660246,0.26828860772660246,0.16209211973192764,0.16926842596008074,0.2295506972357984,0.2839931431449756,0.30492847776620535,0.2654602643607346,0.23261291987731145,0.2919134288785613,0.16025896724232655,0.28598660934175707,0.3512538303584817,0.25685276793614653,0.23446189632172987,0.15794873819730798,0.20015833848201164,0.20155698135505518,0.22417602900092293,0.2861173733410363,0.21048656962326703,0.20108327740212023,0.2769631224926693,0.20859308334689017,0.22054045205742207,0.17292933655889015,0.1933679391770294,0.1515669403623794,0.2506010339780377,0.1718971039119287,0.25184673042510375,0.14985175918666022,0.20217378046310946,0.18800576407577216,0.1512921358015164,0.09371064446567856,0.08335313803648549,0.18660866677950275,0.1528918120860797,0.05025063768660958
stand under,stand under,0.4830756175055402,0.7057101013766094,0.3028693005826676,0.34522825695031134,0.3070351862060646,0.49383253500478946,0.33292620046504556,0.7149394397807729,0.29138628823501544,0.36476619460232396,0.33665542359111866,0.3044157402680162,0.3856229917074947,0.28142543406006154,0.7788806296219928,0.38233377735556096,0.3582104454348237,0.31862400362000004,0.6118697593254967,0.31858019683260125,1.0,0.3066555593361462,0.24142902200527772,0.24076050629715878,0.35919078689613915,0.20101864671380343,0.2167326381420418,0.3163190874978645,0.2781959727646883,0.25411738528356764,0.2170664397104844,0.2170664397104844,0.22406054718855456,0.20621325074151953,0.39634049687593204,0.2225300977436645,0.25748730048846497,0.13122947482925273,0.24216671202735718,0.15246049036356912,0.299489721964842,0.1403573149223338,0.23182795509690757,0.3040234090492287,0.26819875655282055,0.34914180944239115,0.12874541116048333,0.19558317138587936,0.7417215292171049,0.25173771221781166,0.29892176223570743,0.3667209990668928,0.14352357769318652,0.14901650558544427,0.18018390505090978,0.241600594991479,0.2512773612265314,0.2792221190138451,0.12607126456855228,0.18882325999599822,0.07771631164746394,0.18124035842094932,0.24270255658105427,0.22097130926420205,0.09428886053488564,0.21560310528327287,0.16979159616867492,0.16357667440563461,0.17563527281895236,0.18084820819338812
park behind,park behind,0.33611573619670365,0.3237959106247707,0.40439731235123955,0.3675024619918752,0.34506094913222907,0.6274941846075073,0.33493921288373435,0.6160354633962076,0.6918975152380986,0.34802120017194493,0.28246929332613535,0.30199525939302896,0.2644204018506786,0.30575311321398024,0.3230268978313059,0.2852313665374121,0.26879919358876225,0.43891940502593846,0.2568223729715368,0.3236823681866329,0.3066555593361462,1.0000000000000004,0.4161806748238992,0.33330433349923383,0.7362985688416991,0.6205970703407679,0.23668089059282882,0.39644221443983163,0.40794269169857744,0.278076819915481,0.2743043509343303,0.2743043509343303,0.3977574443570784,0.1855655324254432,0.1653886650600437,0.24895757624786027,0.2801937374921605,0.3403483662020862,0.22869704544619007,0.19853584841363417,0.2204828745615981,0.2266040777897449,0.2142038450325076,0.24450533314288675,0.23473502081650433,0.14602157355824247,0.24057060554198262,0.1758203485015693,0.24259139743495234,0.2264600320158196,0.22371289201720201,0.12838070712391914,0.19704838344767575,0.1508061585682118,0.12266674986826248,0.1146471744273502,0.15326197393792698,0.13724509071869928,0.2655176720526615,0.2024032235459607,0.14575139727118305,0.18474311281167666,0.15287422388029032,0.07041498729888565,0.342146737963655,0.24245046372818327,0.07379538696502876,0.1102932165774104,0.12671508439791163,0.13939961361131217
outside of,outside of,0.3335520924410985,0.3094160224555855,0.6837030674284498,0.6655559962688555,0.34004882267601705,0.36239648396092794,0.3997676014756071,0.33861646325300665,0.38321266407134547,0.3324372986159677,0.33365046242192364,0.31030737292845345,0.2697248983120566,0.30574819303305645,0.2694693282908424,0.322609424076586,0.2856913799363614,0.34075506574215075,0.25058145558224626,0.2735967633304257,0.24142902200527772,0.4161806748238992,1.0000000000000002,0.33522665673123553,0.382264653116446,0.32290166411538257,0.2531784973211647,0.33796097820546483,0.3188515088737522,0.47674715565706477,0.21081095566491914,0.21081095566491914,0.5653253652915005,0.24905153269141708,0.15179392395467778,0.19725543255378614,0.3392932086964688,0.40992824245452875,0.3968253473861645,0.42854393978089256,0.07010317565540229,0.1828356676467564,0.12118235146680915,0.3028472495505874,0.3326649632005097,0.09461512391583693,0.1817920991454921,0.16852881266513783,0.21898624342235007,0.2594055713319748,0.21791281220993314,0.16652244470771296,0.39908741160062067,0.29236206679628773,0.14789371180917749,0.09800996225429016,0.19293579548717074,0.10945527738742067,0.13729984877901785,0.15035308537525044,0.20439421505066271,0.1869509816004919,0.11605113266258768,0.04344036191437182,0.2997327449729983,0.17293420221063915,0.17477535080416823,0.10104895529718244,0.17349777200435096,0.18742866577154788
walk past,walk past,0.3395146662407177,0.27953540077547395,0.3451718529903315,0.30564594654497457,0.30192378607744697,0.38164297418109316,0.2510695725711792,0.3223262788987574,0.2863531100533576,0.19783891987559288,0.1480431092017886,0.25557499478912366,0.4552323283576648,0.7144023291129006,0.3060745160927946,0.18680761043535932,0.2273472931762987,0.5926477515368378,0.4043750578566799,0.26451704339048127,0.24076050629715878,0.33330433349923383,0.33522665673123553,1.0000000000000007,0.21723235064853308,0.41802780702277686,0.3878905913510937,0.23358995268561608,0.19406537901458779,0.22565675552281056,0.727133719078388,0.727133719078388,0.23453253459430295,0.3473675696549699,0.1785577586962419,0.2023682353904404,0.16595250562850927,0.1950094747491919,0.40412939321103836,0.17860005276194707,0.27166831146009013,0.2521830884280392,0.19524659523953522,0.16372690781282143,0.17137216480096557,0.23313794668991578,0.3096099011631079,0.2896077530845049,0.07804696531280261,0.13249773039633772,0.12237800376956472,0.1877111889678875,0.23146339478023353,0.25188412287589923,0.23040614819527186,0.22800923649697752,0.14955763814057643,0.18833852927988404,0.3468264252434844,0.11784730471885768,0.1356186072616585,0.1332697153202653,0.016862854629631052,0.20464801418604456,0.12730284689818697,0.15939210892571548,0.0656179500907346,0.17887500970377268,0.15431529554039541,0.2783610309349517
behind,behind,0.34153728647112525,0.33868845363787325,0.44167404331673177,0.38503904507376124,0.3262011980191203,0.7716781426059478,0.3714727705522334,0.7699339497436029,0.2826732936856994,0.42587160259177337,0.33194429321082,0.28457165249488375,0.2284946761056611,0.18391016912103117,0.3662184348665226,0.2947075736192319,0.3200729233280353,0.3187080795688483,0.22952063991388372,0.2671768254336351,0.35919078689613915,0.7362985688416991,0.382264653116446,0.21723235064853308,1.0,0.17116585899231507,0.1759202750150712,0.40118911694245085,0.3887684814840471,0.2883038112617243,0.1066246200053176,0.1066246200053176,0.4037328355077376,0.16998662423388072,0.19148896738946308,0.2073865451973697,0.34774585880457154,0.21245878584644057,0.2604434962489671,0.19834094911392408,0.2597291930065925,0.21728681996404187,0.18801909252452378,0.26880671706079046,0.2680531903913459,0.1349346402522772,0.16250818823885782,0.10381050323146862,0.34724251441139875,0.23627456381894985,0.29884958571615466,0.17144201474963713,0.2078075814612886,0.14849145669593677,0.05566144909550982,0.15519443906161864,0.15778486335428743,0.09655893532011177,0.07471678595639739,0.1276968826383337,0.1413389933255563,0.19687513834188258,0.15500804595897388,0.026196439747436316,0.17080254822618263,0.2075249019652776,0.11164009325981512,0.07101056025553851,0.105036444117037,0.14288414194096377
park next,park next,0.3070391076279155,0.27612734143301476,0.3214026354336267,0.3199160225499976,0.27257004933523254,0.2848002200738921,0.3393241861399072,0.25417225829738216,0.6414180665105665,0.2954708340394779,0.20171702818195075,0.26087439280429875,0.6400479130593146,0.6855639841512727,0.23567087384346902,0.20946550892801322,0.2300771833606986,0.33661461993907,0.6215613652402663,0.2549705889782127,0.20101864671380343,0.6205970703407679,0.32290166411538257,0.41802780702277686,0.17116585899231507,1.0000000000000007,0.6210083377624909,0.25069955035881974,0.23482338275576653,0.2695835769645316,0.28840326226958046,0.28840326226958046,0.19282911256464869,0.7427235597140284,0.20199197363642493,0.25160319357216726,0.10363628638518387,0.3315113362151326,0.31996680742855066,0.24431788257196035,0.1554477558927111,0.19233408328603369,0.238444076220917,0.15229258220414144,0.10083687250518596,0.1341520911868413,0.2114418933048501,0.18331182563158016,0.07797387027632999,0.1689377136228004,0.13685956095948598,0.1562473100021431,0.16722446524462964,0.1316979319655988,0.19928746957539237,0.19483399376761942,0.14232150917275943,0.19344111118642662,0.27372676266710655,0.1630040662906953,0.09998375007559115,0.05077668220990939,0.04544025961663828,0.09614500106208884,0.27623824491743115,0.1694014203368696,0.02106723180647399,0.15727215674580283,0.07534007863459341,0.12266259983219847
sleep next to,sleep next to,0.3815931178270155,0.29248855085821257,0.3088553298691712,0.2945596342578344,0.24432678313615047,0.3478107262836403,0.40364977331997975,0.2594331836224175,0.2689349244024849,0.28718965498153204,0.2233714480592277,0.650449372403815,0.7031151203554243,0.6702014654557116,0.31219011971153,0.26213788404342686,0.3186584134114795,0.28936857268112837,0.6283278525778165,0.23927610458846718,0.2167326381420418,0.23668089059282882,0.2531784973211647,0.3878905913510937,0.1759202750150712,0.6210083377624909,1.0,0.19530900984430405,0.19162742935314486,0.20913057146980168,0.2581609540376165,0.2581609540376165,0.18687385793357514,0.7498597766518169,0.23930725806976327,0.3142660246568374,0.12560031972104038,0.16371047942467162,0.29765508356540016,0.21941347341736828,0.19284990912212976,0.16861643313808736,0.30892982415607917,0.09097915953989483,0.04298686652508629,0.16490272889162694,0.1469766139076577,0.37931368305707525,0.09793796844919607,0.08742052599097944,0.12678225153865874,0.19198925343047418,0.11121565328865365,0.21775684282646307,0.231859634721576,0.23718864660843159,0.15797466598529147,0.2004414520332986,0.21711013813625923,0.15083094443940898,0.20724224372582653,0.07358083242076202,0.058235858448891675,0.1921725175001092,0.05935138970340906,0.14389720824992858,0.05523629601951644,0.16058713393163757,0.00492232014976518,0.054177502448071437
in the front of,in the front of,0.3652501215986738,0.39444868062087113,0.3101526455168562,0.31445122327588565,0.3225558209021247,0.437858056594636,0.29262639027149384,0.46711335244444857,0.31733574859071867,0.3760539058005558,0.28464284042476706,0.2591563338862345,0.2939558420221903,0.27382479420883643,0.2896719449664904,0.2828753091674146,0.31861851773039035,0.4818699653333718,0.3278337867339852,0.272641065766564,0.3163190874978645,0.39644221443983163,0.33796097820546483,0.23358995268561608,0.40118911694245085,0.25069955035881974,0.19530900984430405,1.0000000000000007,0.5269509558961769,0.27686741484517324,0.22205753052510954,0.22205753052510954,0.47167703416887163,0.18979036377575048,0.15181664989142957,0.2451078592656411,0.3023229407892547,0.2755571488000975,0.16845338879296085,0.29321910449829564,0.1842134696057824,0.15092788610129243,0.1469104705440899,0.1950388151669086,0.2294293362454029,0.09095383919619271,0.2042840089498623,0.04875999539899658,0.15113761339468396,0.1738350011782546,0.22125474920346552,0.1886036404463901,0.31630392976385724,0.0656645187497846,0.06821678886040132,0.06002817223029247,0.14766908750393923,0.11819385665177301,0.10861262750450369,0.03238436259195973,0.16587409004661008,0.22341405669287523,0.1101071304974976,0.06093396557996301,0.25216563087922483,0.284864507458413,0.0714213684055492,0.14251341293371042,0.12787339892055588,0.09642577698220896
