on,on,1.1102230246251565e-15,0.23005841686249157,0.06997480053775873,0.1792290389150837,0.45569954203003815,0.06991871595399762,0.031347445496453574,0.15002344409997515,0.11744360106888119,0.06551106043744759,0.09763688281950267,0.3629035921924929,0.14704775866896466,0.18781676017598364,0.46122671913947993,0.4466287862961529,0.0023447974577138764,0.4292198551752666,0.4755482928070118,0.48599764185583655,0.43902640662686443,0.29765408101155333,0.24192870668335864,0.2800589254583459,0.24656670669654293,0.4198994054410842,0.24397018340926174,0.2805278991240312,0.3719803709374958,0.14704639204694936,0.25294997401056424,0.06737685642151375,0.14975968570012427,0.07723609598116982,0.13408258978713117,0.5452027101270054,0.12890693499003192,0.1714614748668843,0.20911116631615503,0.22771133140923525,0.22483242634700873,0.23938016423287392,0.1277664415419819,0.2046300485393745,0.41654952756129626,0.18431604589586031,0.524555455644068,0.22646781427500562,0.2564350815064757,0.45587790302558084,0.09693367787129026,0.16818168558434787,0.46070529863226384,0.4569298180365323,0.10891698147147494,0.26293581709059216,0.2132089137646846,0.4399124745282391,0.24373261585416572,0.04784671021551634,0.2730831483256948,0.24938944284566544,0.27422079079992107,0.22561450248466638,0.5246527015151934,0.22014316188858696,0.3826641442425482,0.2464425109209088,0.0013282348267782962,0.262629488353834
wear,wear,0.23005841686249157,4.440892098500626e-16,0.22865137913982356,0.20945479385039964,0.23429574326297486,0.18898594672598945,0.04704873465020221,0.1460687787296474,0.2132103478922198,0.2088091731914648,0.21701908809844683,0.19783129574397693,0.15565611723086586,0.3260338719395746,0.22271361486456212,0.06570465494186968,0.14295513537557256,0.05946743723929403,0.1641228940663171,0.10692143924043213,0.12790813371811646,0.13233228179511813,0.10352020261148798,0.21013074505749785,0.19768616473529432,0.1665160453200487,0.17330497383825222,0.10787355149512157,0.21163319929616875,0.22933106116756957,0.21890732423586662,0.0180667534403956,0.13028402387522192,0.3606849683422299,0.10561110890639197,0.3175970463647189,0.09888096626499732,0.19523113832511468,0.17280659598826967,0.11611201943151589,0.0628344494637171,0.10721146557602523,0.2120838633979902,0.14373469588944912,0.036344400455334075,0.05896790484865466,0.07653303138868947,0.003776573581916909,0.2255270905170797,0.15102179567394264,0.13630912932249006,0.12261233926859155,0.04021552689672647,0.06991962346784578,0.1196812957491872,0.20444813492271252,0.03204619839774095,0.14010711185811003,0.2502310889031685,0.23845698376309435,0.010368639722457607,0.12039945518838528,0.10185886887806386,0.05530440982635407,0.059530145473462415,0.13329417295683607,0.3463265182394991,0.2613399790818894,0.0021877459841753155,0.13307373134737052
above,above,0.06997480053775873,0.22865137913982356,9.992007221626409e-16,0.427473203627676,0.33792660464306506,0.25715393054935415,0.15625859285275082,0.13066989068873175,0.1298190147654703,0.06930450227349505,0.31703362144189023,0.010222080628031815,0.23429825924271172,0.20989164078961792,0.20205733658498573,0.031949383449547786,0.18598969491126321,0.029127363561143482,0.1771729260221386,0.05533339796267023,0.07581970577335989,0.2033307704197114,0.26017431434813787,0.32228918625124986,0.3658775994874416,0.08418913432085362,0.38952752358671794,0.3651123480605837,0.08401031478059406,0.2645358074459785,0.17326038424478463,0.07376137911841354,0.2232932454806333,0.21884653746093335,0.04928756246368418,0.3541182649185504,0.15817827978696197,0.3059163383442476,0.3048300964579349,0.26910111033011286,0.30156737181540233,0.23150549226838518,0.28308818254890844,0.21698240320206003,0.13141862436444157,0.19607693653479819,0.278006745512962,0.17885453683229569,0.33562765348396234,0.1395152465389285,0.10931254627762849,0.19668593930847847,0.03611421592343572,0.1818066311199465,0.12618835983335605,0.36069467237655317,0.21935027620740333,0.1173284562460607,0.1902682193281548,0.12887766854576543,0.3277339581368409,0.2232956551941774,0.3644511407617769,0.3461909422101947,0.28690222771451424,0.34482376855125824,0.5347624925655217,0.38794565176219675,0.18724946345037904,0.31369078594489164
next to,next to,0.1792290389150837,0.20945479385039964,0.427473203627676,5.551115123125783e-16,0.257274046853072,0.38102366948269534,0.36406415012604715,0.24349595186181927,0.40554663091719884,0.34312213430836314,0.7785767560235461,0.03798071827705979,0.12391911499198904,0.06503678973258709,0.2477308266610037,0.12213355340474835,0.5510929073897153,0.09635394021142574,0.24796329166075246,0.11298133979485986,0.26313788051233755,0.25791262369284107,0.2340058432933633,0.23566957250525222,0.17094222431781758,0.24057834953831214,0.21457759428633782,0.29943827949207646,0.16010357036647693,0.19183714936818008,0.31328159305244546,0.288820583049092,0.16306712006567015,0.22400744141174286,0.036033896818031624,0.9348678803383862,0.22336076551454034,0.5374768393546084,0.7609971131003013,0.137015879033603,0.19448362615828757,0.14690724723390897,0.2835008081524739,0.2818638121820677,0.15838684150302412,0.17199835281437423,0.21362651153383172,0.1806873658913876,0.18443069097382075,0.39934913358419993,0.17806495163064745,0.08537751988854514,0.06380516537819428,0.026647632194180704,0.02721784551079587,0.06256663543288449,0.15783280444427158,0.06370236778156246,0.19553473772854407,0.3255557158519158,0.343845929803282,0.0810237097864446,0.21182510848188696,0.21700546858792794,0.14278206159173615,0.3286101930722809,0.43495264500960873,0.24508435890610436,0.2734713070264171,0.10907298436501771
has,has,0.45569954203003815,0.23429574326297486,0.33792660464306506,0.257274046853072,0.0,0.24310502317228366,0.1317303333807998,0.324060509699611,0.3310098296521824,0.3337845182617011,0.28927325540538584,0.2601531931603171,0.2798725201949857,0.3270062068190748,0.2952107639047058,0.039096298806900326,0.2612610957305448,0.03047324564581816,0.37384743231555634,0.14087724015661698,0.17903424035332718,0.3166851888201553,0.29908412959494735,0.4432467216710488,0.42297361873739125,0.18243312182285357,0.40604865665565226,0.4289328014425207,0.3947182102181637,0.3663509173875731,0.30136462951889154,0.23250142693835874,0.3237224469214112,0.30945435151966927,0.19428240141027814,0.5938655481762158,0.29146784784161295,0.3307051030117662,0.2928910982202441,0.344465601478693,0.3240740714706706,0.3437034574381656,0.3048130434966372,0.3030862446726333,0.1174902101591653,0.24392813863997626,0.1183854152603219,0.33329514699643487,0.42297063748310404,0.224423647548908,0.3096033558510648,0.2638549955380512,0.017729245008143442,0.012209436995246375,0.06848511184413882,0.39503396148106007,0.2511555123920116,0.08351262051002178,0.2532803760426117,0.24904140587609563,0.37019081436767254,0.2517716045553423,0.4340905222506633,0.295912056648415,0.10379311923363663,0.4393815939594318,0.49751273710959704,0.2135829729759575,0.26725349315518815,0.2559030644398934
behind,behind,0.06991871595399762,0.18898594672598945,0.25715393054935415,0.38102366948269534,0.24310502317228366,0.0,0.028278909221632453,0.1143524460510183,0.18191552990260162,0.2663611712811921,0.14745001554219261,0.02506961006201569,0.20756740188327882,0.2409676639539482,0.20608862327419308,0.0890944210128008,0.21414204334167497,0.002831490697770278,0.09966801330337421,0.09375029513635147,0.009321464250911904,0.2958232287235095,0.2857176178233448,0.42344524627023555,0.37926563483508324,0.04795908458437248,0.3193760217721763,0.22206059763544525,0.16526282588065133,0.302413982153183,0.18756002646016873,0.0507135220385056,0.20084091944446553,0.25863525359216644,0.12728353344146237,0.3917535691696765,0.024112473847060084,0.2526791037694009,0.2615625743151457,0.26856097589073824,0.20939928306367206,0.21678845651896794,0.2084357750863972,0.25911096308411685,0.049531982900381716,0.15642276514507492,0.2975998859643607,0.11491828036317636,0.3124811012078583,0.17092226503701302,0.22542507096065834,0.13932877265718616,0.0688241072398601,0.08864244087761139,0.6060949052788083,0.2335227141221997,0.7274903846909556,0.03485254747104194,0.13981062216623966,0.12700375388399832,0.3501243690573123,0.23929174053180716,0.4076980232733506,0.380505453581382,0.305704201822832,0.3428491948927397,0.6582856124684566,0.3915455410359635,0.21376633799569011,0.6665873491843759
in the front of,in the front of,0.031347445496453574,0.04704873465020221,0.15625859285275082,0.36406415012604715,0.1317303333807998,0.028278909221632453,4.440892098500626e-16,0.04349559602729608,0.012370913368659253,0.11593803450474235,0.008942752202006576,0.05115329376003758,0.08780058765526144,0.030799732572986654,0.06816672143359298,0.25667830295041427,0.12779443438378718,0.1751886030721827,0.016967267859594126,0.06587734116814703,0.32297170021539207,0.09621525274362612,0.08187724327604162,0.07270841730638,0.06131344611807299,0.10198626209852202,0.010712420752073348,0.06524315293726268,0.036912097170635205,0.059277508840075904,0.09567209617033023,0.20056673972334343,0.046422699222429475,0.08740063085852856,0.22321650944862234,0.02230065987989238,0.09310861860429981,0.039873362312846106,0.2002092758448496,0.005694609966685471,0.031055376747950697,0.08030672938364469,0.05916855706903597,0.0016436177220702508,0.02591275386179248,0.11792772079537459,0.030794536361783698,0.0066247409896770665,0.023526912357692054,0.2567440273828064,0.016691261722375922,0.008518176806553646,0.04843630620144679,0.023022786569557196,0.09017847218078495,0.002798308016160253,0.09943414353369112,0.02431631283627378,0.08261711988960294,0.048032924783623365,0.09491264875803868,0.04689935132230674,0.09033580901811952,0.06451984438306596,0.1307313819700863,0.053630205784242796,0.41325520109243896,0.3440272305683871,0.07361632757120215,0.02471553567862278
under,under,0.15002344409997515,0.1460687787296474,0.13066989068873175,0.24349595186181927,0.324060509699611,0.1143524460510183,0.04349559602729608,4.440892098500626e-16,0.2741950640417895,0.15185719064372022,0.19574822531609182,0.17687123524039805,0.17788233481952287,0.3063716650048645,0.3176903894819826,0.12133815141163895,0.0791202088459293,0.07116248882857873,0.1757220401682678,0.02229273636266882,0.055228819589347555,0.3073818923909061,0.1988337552612368,0.3001839819135395,0.38062287650197957,0.04710146654085362,0.3692822000050031,0.29680921612168243,0.32972246048818,0.24671848807104552,0.24998900575858005,0.04294293850894204,0.27429605531530965,0.27814213849004404,0.27905520358072095,0.5573167124250524,0.02898674838195106,0.18380763110045073,0.180412785015256,0.2661073675741502,0.34490618278769997,0.2571260653969889,0.1172166290038924,0.28771935545739197,0.11256950924668435,0.16782445382748704,0.29446063804274725,0.2276190110311366,0.17520422538678881,0.03604392784781474,0.2590963283416992,0.2596388011329963,0.12260295851314085,0.09356776180674517,0.2568869693306019,0.34179784468629026,0.39436493893615104,0.05742794026789827,0.3227228196824065,0.19036284464809944,0.3329650183641546,0.18212733215883314,0.40716532557007534,0.8473691523413922,0.25176906350080724,0.3809275796265042,0.5104319466051797,0.7081275283087807,0.12209583828071482,0.45982730106633385
near,near,0.11744360106888119,0.2132103478922198,0.1298190147654703,0.40554663091719884,0.3310098296521824,0.18191552990260162,0.012370913368659253,0.2741950640417895,4.440892098500626e-16,0.1260055227253828,0.08825359631205942,0.06223441315282269,0.15838606156062046,0.207838575098239,0.18609069638557754,0.17094308865321492,0.08730030667720001,0.1316120372243026,0.15055881802256915,0.1191992910291606,0.0741788143955957,0.16267939223074662,0.26064919303287776,0.2983642022455657,0.2941481921720182,0.0322266383464625,0.2589789200313085,0.2841242967835718,0.07588392280601619,0.26562475241649336,0.1717481433330338,0.10028671885458684,0.14149123102679342,0.24204514956285783,0.17129035471096105,0.7810101259801074,0.07040326112736722,0.14143940510780456,0.10420174177887309,0.19185034506687798,0.17978117583735964,0.19006123103473604,0.1922440176806976,0.19597615052798215,0.08525054288841721,0.1176673836586625,0.31552433547607456,0.18286101905652152,0.2507590811238359,2.108468148975806e-05,0.0693342557490032,0.14762476887976372,0.03284296626282629,0.13810726882419397,0.24631321325420552,0.26850419801377123,0.33858983288707956,0.06278451088932172,0.17689579054668514,0.1302826476910378,0.2184355957740751,0.17945884497958275,0.227475732765127,0.31224771613032076,0.32282517186806553,0.22732335124784844,0.7220789583751014,0.1697323150993441,0.2619779048429091,0.4430243763748599
below,below,0.06551106043744759,0.2088091731914648,0.06930450227349505,0.34312213430836314,0.3337845182617011,0.2663611712811921,0.11593803450474235,0.15185719064372022,0.1260055227253828,6.661338147750939e-16,0.30096237478018545,0.027500937364076217,0.27761727488871557,0.226970356303908,0.20505596529098993,0.010770464347511721,0.1428813408030597,0.016588279354280033,0.1351035807424753,0.005014326706696992,0.021585333159485798,0.17544581629053405,0.3536873773047971,0.30630786723555203,0.3736098035927601,0.025179722405029498,0.3679769640556776,0.3293981414106114,0.07031139676887577,0.2522635829596035,0.11699022536293172,0.04191983299117366,0.2025458714484654,0.2516120685038321,0.07847833023913675,0.4086604138866231,0.19537067188936486,0.28089356542706,0.23320838656228193,0.3001765968317322,0.2522025948774182,0.24405109353948623,0.26870736908490134,0.2090764097979136,0.18948882101906356,0.1077877751407896,0.28023402030175737,0.16611092338725347,0.3393246324241843,0.11522206032372811,0.06099529988673691,0.16347422618760699,0.037466636512507895,0.17852663975468358,0.13794802529025313,0.32629291645949376,0.25389473030971166,0.021852530902737533,0.20968885291083836,0.14760993191440525,0.2629684353409068,0.20690064119770835,0.3253661196385224,0.33934453867687303,0.3246030648901952,0.3780320425404194,0.5301955220617691,0.3508025558537527,0.17782828308225607,0.3275935627337765
beside,beside,0.09763688281950267,0.21701908809844683,0.31703362144189023,0.7785767560235461,0.28927325540538584,0.14745001554219261,0.008942752202006576,0.19574822531609182,0.08825359631205942,0.30096237478018545,4.440892098500626e-16,0.10609421842362043,0.2905009458782274,0.1657333751649508,0.2533514279466523,0.0986491177490379,0.1372075217371398,0.09536942969825352,0.15255507744607352,0.02461503451986896,0.29538304069258625,0.20026120378540035,0.27487689355198847,0.31487363009244557,0.3436885954736259,0.15541207981742966,0.2879211413933153,0.2506916575156884,0.09323400093233802,0.2674286605519808,0.2753144903393635,0.10240513977246007,0.09584230099752633,0.14768822005760124,0.05953036422540792,0.39497898601811654,0.08113972471332787,0.20622161233874758,0.2853235813576737,0.24302926497209354,0.2084320880645471,0.2442158296606987,0.19309150318641136,0.3145151161681211,0.020630512945541246,0.09279343909518928,0.15117857939411825,0.17076169667291508,0.23910483956754525,0.1847028637607993,0.21230235295534644,0.26859418215976827,0.0025449223329067627,0.018070649053372106,0.1397107396099032,0.3309549550242631,0.3257732330171276,0.07301381699781101,0.10772279272768853,0.20513006556828378,0.29690381153027817,0.20492294552352205,0.30596536583109324,0.2479857224619203,0.2184223634259131,0.2379861813322534,1.0055460489554848,0.36147975973002927,0.05632433091684641,0.3484786332848776
in,in,0.3629035921924929,0.19783129574397693,0.010222080628031815,0.03798071827705979,0.2601531931603171,0.02506961006201569,0.05115329376003758,0.17687123524039805,0.06223441315282269,0.027500937364076217,0.10609421842362043,4.440892098500626e-16,0.07659414485540442,0.044024975988557424,0.41322745783644366,0.2131375735277362,0.053373212305766,0.1755508309413954,0.34772685474044535,0.10769461149471513,0.1230114800002639,0.2249870738517137,0.1869031865784476,0.2749218798216626,0.13276977190709927,0.11429703464561125,0.17119145591650514,0.23242437221734014,0.2152665363858599,0.1122961483394774,0.1716516338271224,0.1837167278892112,0.12835436145715368,0.047473484265727284,0.03325486299799918,0.5473218286363447,0.20126430999940398,0.039397015892356,0.07966294893927572,0.17046158200014594,0.22637373358228724,0.23797200626476206,0.12231715371955351,0.11757434573729211,0.10167449864969283,0.16775476708041098,0.12296157807290958,0.24580157964079916,0.1263952668278995,0.1112463103925363,0.09085772050824381,0.13236258441216925,0.028797061826250803,0.1360235074286931,0.07521023095952939,0.15587994082379097,0.10617932203185426,0.1718045355373413,0.16535515084028207,0.09110537247335915,0.23301273618127882,0.2115948880243761,0.1599931705527505,0.10545320034825739,0.04665836330593115,0.18154360636555106,0.2467517350423249,0.10957684647478147,0.061069465990723104,0.10705677403850783
hold,hold,0.14704775866896466,0.15565611723086586,0.23429825924271172,0.12391911499198904,0.2798725201949857,0.20756740188327882,0.08780058765526144,0.17788233481952287,0.15838606156062046,0.27761727488871557,0.2905009458782274,0.07659414485540442,0.0,0.3178747223790706,0.2835197608495615,0.05615607996012173,0.1658752621107402,0.006479590270898977,0.09397925473224905,0.04688031119813596,0.0033020916369252418,0.1743337162312238,0.09772634299643734,0.24276717513880824,0.18431974548013863,0.07497946190964405,0.19600129326672355,0.20027874540731513,0.03666283908171142,0.1900938645329351,0.195183150205343,0.04649697241171963,0.1784232603109998,0.34010548721930484,0.16234961351350224,0.5022194902948792,0.09408951567458873,0.2585474231073195,0.1837422154367089,0.19858974073148086,0.20974513837416425,0.07329878212199847,0.12068265224027275,0.1202761353711791,0.017928367345096563,0.11114256173353818,0.12052310187183238,0.19580631958306205,0.19534482824739413,0.03268217481627661,0.2027334767656932,0.1335797351662315,0.03989134045472731,0.05786883844657584,0.18370454938382924,0.15694407023662338,0.336558314592472,0.07364321244496141,0.10273711267380112,0.2658522137176631,0.22849391811212313,0.011923729508795278,0.22423305372244773,0.3138522339604076,0.21333138258409484,0.22546036210008868,0.4012095013121299,0.25508129318792083,0.022957827928806157,0.23574843630626036
over,over,0.18781676017598364,0.3260338719395746,0.20989164078961792,0.06503678973258709,0.3270062068190748,0.2409676639539482,0.030799732572986654,0.3063716650048645,0.207838575098239,0.226970356303908,0.1657333751649508,0.044024975988557424,0.3178747223790706,0.0,0.249626881232081,0.36338822311293123,0.14104390909889375,0.3107223904180991,0.15718130651280898,0.026578888207491214,0.09220966499204819,0.33682671847928614,0.3729664058074561,0.38365281093589715,0.3010370097147692,0.08518799345444739,0.2690368606253182,0.418356346207293,0.19216119930399678,0.29513872282814185,0.26225541180477513,0.14867510435058276,0.2672766749808532,0.2148168618873923,0.2611893680245614,0.811238334641144,0.18406051378710428,0.23905954373716992,0.24165314844855276,0.35341142175918666,0.33676914252278567,0.3254067115548121,0.23026066569723028,0.2594340180750197,0.06222261480985211,0.27609700509764323,0.2184567841161278,0.29800106505847895,0.25309774683394526,0.0496764204101775,0.22740029386262273,0.3420039507970379,0.09291224804904388,0.08284623896534676,0.11551485768424241,0.3668826201891787,0.3194203332765933,0.06077216195273111,0.20678918857564677,0.03276630772507405,0.4291972238383513,0.2829806217943361,0.3309393417889658,0.35133911205193524,0.2776722557397387,0.250742295228929,0.5462917660713817,0.24429044856271148,0.38411688692479107,0.41476006507191016
by,by,0.46122671913947993,0.22271361486456212,0.20205733658498573,0.2477308266610037,0.2952107639047058,0.20608862327419308,0.06816672143359298,0.3176903894819826,0.18609069638557754,0.20505596529098993,0.2533514279466523,0.41322745783644366,0.2835197608495615,0.249626881232081,1.1102230246251565e-15,0.0036517426002878883,0.20636001603127635,0.044797142808038815,0.3955918721195566,0.04740002809387342,0.037417789483239816,0.26001739345153074,0.23112564823971482,0.41011495768009254,0.32822733593267284,0.005864182003639806,0.37598725669244054,0.24606481058704424,0.38476003917174345,0.2208938131637238,0.24399194724981593,0.22235915521486688,0.3300437320761348,0.13243611983312278,0.1481299495327389,0.43734873142671393,0.2268420717193259,0.19649100700280034,0.16370410611470376,0.2091495597957055,0.2375104746119736,0.255621463124621,0.18817800040047356,0.12832259341241037,0.036781172337557816,0.15519306424035528,0.05212827608978467,0.2949485979921106,0.28220408322964097,0.16134385242416802,0.2704473876709095,0.2543205762701772,0.015745898400480907,0.06306971143871071,0.04952405687120154,0.21871479304853753,0.018829829158195675,0.0007119980794642877,0.1733001413298416,0.12688141592082186,0.25429325215167803,0.23057696137420813,0.3320332742866897,0.17874147672840673,0.03945529761466665,0.37890910919739174,0.2903713393219366,0.08180554769658675,0.06320736566620548,0.09854859920669189
on the left of,on the left of,0.4466287862961529,0.06570465494186968,0.031949383449547786,0.12213355340474835,0.039096298806900326,0.0890944210128008,0.25667830295041427,0.12133815141163895,0.17094308865321492,0.010770464347511721,0.0986491177490379,0.2131375735277362,0.05615607996012173,0.36338822311293123,0.0036517426002878883,2.220446049250313e-16,0.04923213933137438,0.002539147465896452,0.1694878654778317,0.3949545645261584,0.07965126359973362,0.055045858669096726,0.08518428998725602,0.06714228921485141,0.02364494614907109,0.1929941366745761,0.09272991808304987,0.03651416093972562,0.15106173754426944,0.1025882377767246,0.03511705722891606,0.03265289432912463,0.00947303747216785,0.10659391052712319,0.23519026666112514,0.21597250155693345,0.13611524171820683,0.019951122575826097,0.14260568350207603,0.1782028390507882,0.18340891324874398,0.01626343849241868,0.12347091280677264,0.07209721377279268,0.36088438655322885,0.039400093024962446,0.34324612314359365,0.16946543183379634,0.021371042116011707,0.18213801890423886,0.2313155672329406,0.05995584461473197,0.4992989504786107,0.3110692771708495,0.13812693527042585,0.052233102154046446,0.17363017766694788,0.5063930665017027,0.205909657240292,0.4081487029204018,0.05798013369347582,0.06393308565447804,0.13777439278828194,0.12263663199645325,0.4499992997996263,0.17552612807921883,0.32916110613544364,0.31781231742997246,0.14570451441265841,0.1410088245784069
beneath,beneath,0.0023447974577138764,0.14295513537557256,0.18598969491126321,0.5510929073897153,0.2612610957305448,0.21414204334167497,0.12779443438378718,0.0791202088459293,0.08730030667720001,0.1428813408030597,0.1372075217371398,0.053373212305766,0.1658752621107402,0.14104390909889375,0.20636001603127635,0.04923213933137438,1.7763568394002505e-15,0.05078549197030008,0.171438516281604,0.018511301298302807,0.18397657999978279,0.1943433038169941,0.28976369814689895,0.3569462306978219,0.34628517266960546,0.10286917739450674,0.28264528470033085,0.16290999899837155,0.06580452150960231,0.18013266762175306,0.22848864337526395,0.07770995050411822,0.18012000547297824,0.09467685725102126,0.07841392006508371,0.2279856916654504,0.1343823779394612,0.20138704344168828,0.20193429550702224,0.24861736280573282,0.23628359677231167,0.14046892846190784,0.17470842369191497,0.2179896053697693,0.06226606255123468,0.11599340446943883,0.21136229724510322,0.18153151114158045,0.26922948886869685,0.12125615554157054,0.1682228167915616,0.19100800165304826,0.012252029652380036,0.08298910853083508,0.03319283063270667,0.32070563593438195,0.1958039924894128,0.10602441674693719,0.17591706684546674,0.06694109950070815,0.3030648378343106,0.18683997431146576,0.3232769143711478,0.16461897078345236,0.17874915981957304,0.26623586528285903,0.5995205543233331,0.3922395112975141,0.09863363456804111,0.28000422283474624
on the right of,on the right of,0.4292198551752666,0.05946743723929403,0.029127363561143482,0.09635394021142574,0.03047324564581816,0.002831490697770278,0.1751886030721827,0.07116248882857873,0.1316120372243026,0.016588279354280033,0.09536942969825352,0.1755508309413954,0.006479590270898977,0.3107223904180991,0.044797142808038815,0.002539147465896452,0.05078549197030008,2.220446049250313e-16,0.11562128888293449,0.36070880217031315,0.13504751140754695,0.023293455179909883,0.01089098939687641,0.01942299853885207,0.03886434444651021,0.16108782008478728,0.055190884557362485,0.05696866935314951,0.13331989678148104,0.09543982735016232,0.03477895942733733,0.027184078671536105,0.008768401544163529,0.14971240552852896,0.1545094621739152,0.2790568157298431,0.1419185407000201,0.03902708055888754,0.14014038360142955,0.1439671167395683,0.21206401054739993,0.09436263438619563,0.11776423068525085,0.026012617083462197,0.39955285244756905,0.03190963413019618,0.35450378723328946,0.18890651697829217,0.02997420219296354,0.17083355303410108,0.11964425814616225,0.030001518586057596,0.4514627269127637,0.24620821451070363,0.058023447560012764,0.020305247096270768,0.10563186895559423,0.4266101263156337,0.20397264843483742,0.36275179049204165,0.001536518636853501,0.05522578561122066,0.08507203356677223,0.11532117261646196,0.4415663706320612,0.12510934210307856,0.2749712190439029,0.27481596197510205,0.07328536725565099,0.1428885314969695
with,with,0.4755482928070118,0.1641228940663171,0.1771729260221386,0.24796329166075246,0.37384743231555634,0.09966801330337421,0.016967267859594126,0.1757220401682678,0.15055881802256915,0.1351035807424753,0.15255507744607352,0.34772685474044535,0.09397925473224905,0.15718130651280898,0.3955918721195566,0.1694878654778317,0.171438516281604,0.11562128888293449,4.440892098500626e-16,0.02391388611815523,0.01934327615241782,0.25084864288792896,0.12372703110309136,0.2899784209273083,0.32384330687774027,0.014596116510518065,0.32518664401677777,0.30922098022039335,0.3574124256907416,0.22380537740564177,0.10343663499555161,0.1020870553550923,0.18999248579414296,0.11928068323460361,0.06573665295864645,0.3959681656411302,0.18869845902542945,0.13889985448514686,0.20224984273876462,0.22604245013302662,0.17817425808649487,0.1592990254556126,0.15851513336178738,0.2002046412646097,0.03949065766559989,0.18555812451536197,0.02440884058973375,0.257768516063518,0.13503337006884897,0.108608963033626,0.2498252203004875,0.27766834984345473,0.022920399645869644,0.037916807104037664,0.014422534397133813,0.2711801581816593,0.11514878897059799,0.014051039921909092,0.1282218505286301,0.004218248733524332,0.2468021921698691,0.16921212508184713,0.3212689586157926,0.18449141273231415,0.03572331939638829,0.3885391094577777,0.3476380713081933,0.19427733029945815,0.01247640120008825,0.19943434978525915
sit on,sit on,0.48599764185583655,0.10692143924043213,0.05533339796267023,0.11298133979485986,0.14087724015661698,0.09375029513635147,0.06587734116814703,0.02229273636266882,0.1191992910291606,0.005014326706696992,0.02461503451986896,0.10769461149471513,0.04688031119813596,0.026578888207491214,0.04740002809387342,0.3949545645261584,0.018511301298302807,0.36070880217031315,0.02391388611815523,2.220446049250313e-16,0.1947355284210086,0.005935515708504285,0.03944801268719955,0.020740641785873815,0.07452827910829096,0.12558205869914751,0.17676071585674963,0.01822774896826429,0.07788548861375011,0.03320311450917701,0.041709017386310665,0.2529975589279502,0.16312771191109765,0.01677362547086053,0.05525898545439287,0.34231595430920303,0.21760508594003686,0.03362087601718611,0.1372553700020796,0.011110007074146833,0.15615961206013818,0.0003627711052511806,0.10732608980015773,0.09342614963357274,0.45034888624620817,0.010188809131596033,0.21298689679143845,0.022934700600546865,0.06445406295943484,0.27111784245605264,0.07344510208172692,0.027100639836610818,0.2589358365191833,0.3761826252777458,0.03872205195024947,0.012194824687621453,0.2473310430496352,0.1577558569009445,0.0020792156697835573,0.09714499889181238,0.06247966251829956,0.031045787361791477,0.10810384918092075,0.13777483386768774,0.29776069568245234,0.1270411463922818,0.3952813289468977,0.5241499166962954,0.1452936583663776,0.36090636172730245
on the top of,on the top of,0.43902640662686443,0.12790813371811646,0.07581970577335989,0.26313788051233755,0.17903424035332718,0.009321464250911904,0.32297170021539207,0.055228819589347555,0.0741788143955957,0.021585333159485798,0.29538304069258625,0.1230114800002639,0.0033020916369252418,0.09220966499204819,0.037417789483239816,0.07965126359973362,0.18397657999978279,0.13504751140754695,0.01934327615241782,0.1947355284210086,0.0,0.17878516871949218,0.06915287791136138,0.0839597740654991,0.0031638401483572998,0.10781537431593913,0.00280520043587007,0.10785733979583279,0.03436189351080149,0.047093398975338846,0.08932532879503721,0.05297243907298482,0.02119798160827524,0.04213713558954374,0.16650470597993228,0.3343489769322424,0.27762692358007046,0.21228523396086024,0.39809507172584346,0.011401832315610927,0.034971728305090266,0.1230231813882171,0.0008453320158226252,0.06819936609195942,0.33101617205383804,0.1896907712291724,0.41374663329211264,0.017601375064536587,0.15903872978588063,0.040398780311949545,0.0470927957959395,0.05942988108320299,0.3078768727942209,0.40799038684055444,0.09957192669358922,0.004115747546104442,0.14743334895989957,0.2476884884949242,0.04451821468285888,0.018417345461335277,0.14613790898477977,0.07381294105765715,0.004456900519464513,0.20648815940909174,0.4534519523239203,0.0683359275152709,0.32830466216866105,0.39363565107227694,0.03888944465097116,0.1924221946358075
ride,ride,0.29765408101155333,0.13233228179511813,0.2033307704197114,0.25791262369284107,0.3166851888201553,0.2958232287235095,0.09621525274362612,0.3073818923909061,0.16267939223074662,0.17544581629053405,0.20026120378540035,0.2249870738517137,0.1743337162312238,0.33682671847928614,0.26001739345153074,0.055045858669096726,0.1943433038169941,0.023293455179909883,0.25084864288792896,0.005935515708504285,0.17878516871949218,0.0,0.14425877479830185,0.3131714238094662,0.3239803233746146,0.11917291721287737,0.21679713213531587,0.2366463830631248,0.21373123406271183,0.3105151859280404,0.2529535456612023,0.04230663337365852,0.1574951996806782,0.37178616438861756,0.19193201697399764,0.4679321723371995,0.02850711195721567,0.2998391807037308,0.266720706541322,0.2367516716558436,0.19890265530873658,0.20409977530858125,0.252635383974415,0.10004523751925082,0.04836467635932129,0.09107722626478121,0.06050715757103901,0.0967694912550763,0.21684461674005473,0.08422551012659574,0.11208976436179954,0.16170236191380105,0.006540324095687139,0.04638101232343461,0.03504088833104371,0.25160997503801374,0.17384780220362273,0.021984750304169687,0.15695362723835238,0.217513551040528,0.0858186485610537,0.13814745853332408,0.20477438907057804,0.053521450587235314,0.1635626397613365,0.27406156472014814,0.5561259020529445,0.16810830594933956,0.28181664514761356,0.12250337510815029
carry,carry,0.24192870668335864,0.10352020261148798,0.26017431434813787,0.2340058432933633,0.29908412959494735,0.2857176178233448,0.08187724327604162,0.1988337552612368,0.26064919303287776,0.3536873773047971,0.27487689355198847,0.1869031865784476,0.09772634299643734,0.3729664058074561,0.23112564823971482,0.08518428998725602,0.28976369814689895,0.01089098939687641,0.12372703110309136,0.03944801268719955,0.06915287791136138,0.14425877479830185,4.440892098500626e-16,0.23951517291520294,0.26634661273302,0.13821207258738188,0.23090284024963925,0.18774617479412403,0.2823170625775117,0.16697587388951785,0.16801927827233448,0.0052155600053935824,0.15287994734055277,0.42394548167986007,0.11532380268930437,0.39171640727915497,0.07491674505154969,0.29506272621205476,0.3050908302950026,0.17566431898268225,0.26210829217048226,0.12379252447810274,0.1514377027838653,0.11286980995629764,0.01819428657465222,0.11439958053702548,0.021141578788737236,0.15493430997703334,0.17281474333274288,0.022155667074721025,0.25643810623534885,0.22750885078709107,0.016717986513267447,0.0778320090454267,0.025302778930115954,0.23217794830989502,0.13389606010490082,0.15402207123275985,0.32884153842221775,0.30567223871625215,0.09643680383764902,0.21575277869841983,0.22063585659277613,0.18497477457866213,0.03367709210787456,0.2876173664798831,0.42682932157069586,0.27859320897231166,0.006825243464195496,0.13480947689132855
look,look,0.2800589254583459,0.21013074505749785,0.32228918625124986,0.23566957250525222,0.4432467216710488,0.42344524627023555,0.07270841730638,0.3001839819135395,0.2983642022455657,0.30630786723555203,0.31487363009244557,0.2749218798216626,0.24276717513880824,0.38365281093589715,0.41011495768009254,0.06714228921485141,0.3569462306978219,0.01942299853885207,0.2899784209273083,0.020740641785873815,0.0839597740654991,0.3131714238094662,0.23951517291520294,2.220446049250313e-16,0.309263069165838,0.09631289936206533,0.26563248213644025,0.2648764617150011,0.33762621080778993,0.3721972681833946,0.3240372685648492,0.09304385632196435,0.2004593756776124,0.3526366506361572,0.24471237756069505,0.43579458897000767,0.10588465756913346,0.46309905793244066,0.31924295359491384,0.3472681432878742,0.3153811750628067,0.2547957416757892,0.24330305217566311,0.2206732405930326,0.008265620271066754,0.04909015412302878,0.1591655301818432,0.25871950433940094,0.3791520209535631,0.12337442635644688,0.263684556327016,0.23808209876452102,0.01867078855723589,0.03896135190824407,0.04757204172797383,0.38597906924745506,0.1828283919653651,0.1167870316640558,0.26444492199702263,0.3230099609225281,0.2832112100940526,0.1523768191742227,0.35119327388987515,0.12197998531103191,0.11664495787301149,0.34434342469301954,0.40287838258000175,0.2548788028979836,0.017537249528330218,0.14584647516969604
stand next to,stand next to,0.24656670669654293,0.19768616473529432,0.3658775994874416,0.17094222431781758,0.42297361873739125,0.37926563483508324,0.06131344611807299,0.38062287650197957,0.2941481921720182,0.3736098035927601,0.3436885954736259,0.13276977190709927,0.18431974548013863,0.3010370097147692,0.32822733593267284,0.02364494614907109,0.34628517266960546,0.03886434444651021,0.32384330687774027,0.07452827910829096,0.0031638401483572998,0.3239803233746146,0.26634661273302,0.309263069165838,2.220446049250313e-16,0.1650082862702812,0.08600292794574371,0.37918933775738317,0.2610469908299575,0.30616841415380797,0.39649403069679046,0.14424829186794724,0.2678628912219431,0.378532511560289,0.22411946217935957,0.9657673444693587,0.07046184862080315,0.49497630678497495,0.41975959037195465,0.2605234038912823,0.335786876212092,0.22240793609144932,0.29499617903260533,0.3180238007654494,0.04266009451435662,0.049684151671810894,0.2519548197558278,0.2514511360218132,0.2511617451141457,0.05044878322830848,0.3574956740866734,0.20094808972133815,0.04257686409471495,0.04114651008821568,0.4503134408531156,0.2550178342887124,0.4376592646694962,0.01780783847424572,0.2173819788304622,0.32807063523403707,0.23209905316054885,0.17999072758042164,0.1158436096038642,0.5982418886088557,0.2822511420416633,0.15720910892365014,0.7189242133159013,0.33437211801528693,0.3115111411437063,0.30742128485936704
stand on,stand on,0.4198994054410842,0.1665160453200487,0.08418913432085362,0.24057834953831214,0.18243312182285357,0.04795908458437248,0.10198626209852202,0.04710146654085362,0.0322266383464625,0.025179722405029498,0.15541207981742966,0.11429703464561125,0.07497946190964405,0.08518799345444739,0.005864182003639806,0.1929941366745761,0.10286917739450674,0.16108782008478728,0.014596116510518065,0.12558205869914751,0.10781537431593913,0.11917291721287737,0.13821207258738188,0.09631289936206533,0.1650082862702812,0.0,0.03931553322550735,0.1417607513087994,0.0047981516474063235,0.021938400860639307,0.10509657790329402,0.29019195106072115,0.0198745979166588,0.060411675387919195,0.07136154087775143,0.3836828480958192,0.20138559270020961,0.18933818929020163,0.34462581649319446,0.05864581190117105,0.023536328258452588,0.11043144114220788,0.17194075839879944,0.04026843574019995,0.2931219126133321,0.18617790186421523,0.21108230635081382,0.0868176697747026,0.09703817584540103,0.2047380185046866,0.035635165814837444,0.14419417165457582,0.20756005134549316,0.1336942900066962,0.12034144859804052,0.057895893305422885,0.1336193952982339,0.010635227627045385,0.04912572496352932,0.029724520839205404,0.0665799499617431,0.067523774694501,0.027211631959149052,0.27063313802659605,0.36449729845280454,0.007036704683127004,0.3504125607235776,0.31636967556916085,0.17779764995478226,0.3029921011007851
sit next to,sit next to,0.24397018340926174,0.17330497383825222,0.38952752358671794,0.21457759428633782,0.40604865665565226,0.3193760217721763,0.010712420752073348,0.3692822000050031,0.2589789200313085,0.3679769640556776,0.2879211413933153,0.17119145591650514,0.19600129326672355,0.2690368606253182,0.37598725669244054,0.09272991808304987,0.28264528470033085,0.055190884557362485,0.32518664401677777,0.17676071585674963,0.00280520043587007,0.21679713213531587,0.23090284024963925,0.26563248213644025,0.08600292794574371,0.03931553322550735,5.551115123125783e-16,0.3145678453580801,0.2636090130695381,0.2708023813626601,0.3576470845532654,0.21557779880293473,0.18167425743630738,0.3782879223184771,0.24363320948674524,0.923008139838118,0.05424169238029661,0.38181913462464584,0.28675832450247635,0.20791580199035875,0.2071967140735892,0.22928760669971449,0.27845541754865927,0.2781725712611235,0.09121127378979058,0.01870137932855065,0.16965375553143905,0.17705243623486494,0.24448957400166887,0.026027519855857995,0.28901480742876884,0.2013946770488757,0.008954204570835456,0.06385908636652088,0.1768504420274754,0.2975249363985012,0.5511365551897255,0.05377195974017046,0.22796132498241264,0.2910228570455291,0.16917723235959004,0.2313027169625503,0.04752787441472184,0.3307853907060505,0.1954228311843213,0.09064842418771646,0.6947344622313292,0.5135976875549054,0.2375319179730943,0.29640384239731443
use,use,0.2805278991240312,0.10787355149512157,0.3651123480605837,0.29943827949207646,0.4289328014425207,0.22206059763544525,0.06524315293726268,0.29680921612168243,0.2841242967835718,0.3293981414106114,0.2506916575156884,0.23242437221734014,0.20027874540731513,0.418356346207293,0.24606481058704424,0.03651416093972562,0.16290999899837155,0.05696866935314951,0.30922098022039335,0.01822774896826429,0.10785733979583279,0.2366463830631248,0.18774617479412403,0.2648764617150011,0.37918933775738317,0.1417607513087994,0.3145678453580801,8.881784197001252e-16,0.3359493476238006,0.2754508106909734,0.2831981614877166,0.07688934630196781,0.22906468623126208,0.3208068024044713,0.32100436827430906,0.5338287627640695,0.05687995416220286,0.2650519698106752,0.23387650838850577,0.2544179680994959,0.24196922337231458,0.26388527059174643,0.19244174496626154,0.22732441646879098,0.03015872844559639,0.0998774272668908,0.10482791283019156,0.12067221483496438,0.3025310556663509,0.02939476119742293,0.27643485011255614,0.17863250545747505,0.1173272398774397,0.03733598021121681,0.0695530403548156,0.28807472326811184,0.18621215952893178,0.11410535222596624,0.23798631346382987,0.3155583080549034,0.24981580121581776,0.24941772345259292,0.33840638762647574,0.16529860525620368,0.11859156386625339,0.3214719718830474,0.516067801401232,0.20921411186720096,0.05935761092707677,0.314169041708487
