on,on,2.220446049250313e-16,0.03605020840301697,0.05164288961768326,0.024787433522353547,0.027780702263415308,0.13081704357102028,0.17462852126976983,0.08464544521600423,0.0633161783034889,0.016965001877035424,0.08300676201575977,-0.1572853808415864,0.20531842592695576,0.029198242786206974,-0.048240066552575456,0.5579487919672341,0.11101715973684623,0.49493397435929376,0.009450482141018235,0.6451997414856425,0.4410721478625154,0.01199948957591717,0.16979335645365232,0.11526576250898089,0.038814941816487786,0.5684585966548088,0.0761257521347157,0.05669541739222607,0.013099743184104673,0.08145593696711714,0.029737500705801945,0.14509695766743524,0.13229429973623608,-0.03635942624199073,0.059933282646253305,0.14700257431444272,0.17908626995712681,-0.04586940688820443,0.018311418082844866,0.14601627355499652,0.15487346238206434,0.12862819024168762,-0.002000249588080011,0.06336040265833963,0.400613495652342,0.098840956401218,0.8730836425702613,0.1080080858509033,0.0466764314337417,0.536288478423592,0.19790981606659278,0.34513280201361857,0.4597595154906785,0.6428671247674531,0.4324569801477604,0.09234203668798019,0.4016537541803451,0.5272311996993491,0.14144577900433897,0.17468793367286328,0.10832018650668836,0.055091182231158456,0.041509140427462704,0.4156003292610648,0.698768080233399,0.0028416181593686474,0.34513001069439186,0.4222258108979109,0.27575864693606505,0.29915388243930235
wear,wear,0.03605020840301697,2.220446049250313e-16,-0.016418122053844672,0.028728953717937142,0.023989815791337667,0.02855763026544427,-0.06547676449722312,0.13564507667161005,0.07810755132742733,-0.015396471485748013,-0.026065685418859563,0.08285751196916546,-0.18286899105150212,-0.011383659055620953,0.08914524009499493,0.07932880588922434,0.02250467139931816,0.11836191084108298,0.055242285415285614,-0.20199772903607405,-0.026683784533089394,-0.048777942430809296,-0.1296089693328133,-0.08808670049275935,-0.052374544556012426,-0.1563477102761251,-0.0863507468148722,-0.08550031308224215,0.049372519838460194,-0.009695207339974088,-0.09389738848324536,-0.07083723735539321,-0.1052392010495839,-0.09343397211625999,0.11434242707378742,0.09353140143555269,0.058720928453779714,0.017317287295728345,0.04641486383472404,-0.09424185513241423,0.01645072707243672,-0.08594249538331278,-0.21506457445548963,-0.07076865740897872,0.08463655338765327,0.0676120052238473,-0.2268091032082116,-0.0645705676003383,-0.1331738004258915,-0.042301927002946924,0.021333132296795856,-0.10780759860572259,-0.11134710135935716,-0.13463669587716712,-0.17584899549631608,-0.09937711892558093,-0.11128564551934936,-0.13270789661365057,-0.16844702699223696,0.008593694772812466,-0.019111333157778465,-0.050483953198387485,-0.0008896242381766784,-0.06859691494513309,-0.117660894611362,-0.003865305895264931,-0.06932409627285768,0.058970745845333516,-0.12661136540396317,0.09617371755817161
above,above,0.05164288961768326,-0.016418122053844672,-2.220446049250313e-16,-0.28770915964128757,0.003356928223598732,-0.061113570203859935,-0.14840622484414798,0.13342987104522042,0.006351295161909687,-0.04907638766997513,-0.16728390677141997,0.05136271025337713,0.09403540204495638,-0.03974985617618204,-0.06040700163612159,-0.01833475349067376,-0.1330336620811196,0.08943191193399436,0.011464373708945513,0.06327611171622674,-0.05597719332793688,0.031114469280260973,0.07374116275647598,0.08410224736034044,-0.017103259725717274,0.06729326094577484,-0.03144169231749078,-0.08863779654772447,0.06133885482821999,0.07933885601434576,0.06732368691847343,0.008066416418723521,0.08931186623394119,-0.10008881086316429,0.19051213544223014,-0.0029507846611029898,-0.05986965556606355,-0.1379270532433094,-0.1903589412532764,0.06438627558739689,0.034879874410666215,0.039968058577038695,-0.11407022119497859,0.02253608780672016,0.20337403536929577,-0.09639269801184044,0.22756328086076533,-0.016661264115623964,0.00974852541606172,-0.06155674514618853,0.152688208261043,0.12875971282163973,0.13724757522679637,0.27854858427011486,0.20006429664112052,-0.02553289399577846,0.17451326966322317,0.0544085533715897,0.028029536701020402,0.025971958430501207,-0.05285628550728994,0.0017419097490977828,-0.057263654155703156,0.23279390762540159,0.23160160201868155,-0.05633327817094169,0.22958710664251852,0.3099824119716682,0.0962692112822311,0.17964380927035567
next to,next to,0.024787433522353547,0.028728953717937142,-0.28770915964128757,-2.220446049250313e-16,0.1040329198109694,-0.23552470665109537,-0.4399142081701694,-0.04182917393495261,-0.3788862883795175,-0.18655810978671006,-0.7138570755408729,0.14854537252542202,0.1929807892138771,0.33032524338146413,0.015178789798258947,-0.18597724301056096,-0.48583711563881526,-0.1689751493098509,-0.0066023377552194285,-0.03482669784061182,-0.25480817851279036,0.010404933531593719,0.17704625107337107,0.24584327228245176,0.7150002046438994,-0.07926462574676857,0.706461846981527,0.061026261988925044,-0.06688302488779996,0.19261048079650944,-0.07291839812343173,-0.21967642452823738,0.1541586219781164,-0.04350990536471219,0.19659809768932976,0.49079454681784257,-0.2368318647237093,-0.3975139659774499,-0.6563915544095998,0.22750506387592462,0.16458727071979312,0.17502295971795082,-0.041705729735522404,-0.0021358910851032448,-0.1021073715381538,-0.2290257404148058,0.0681018355847898,0.06114475077576164,0.1433258167120716,-0.298354758061159,0.0731305982499022,0.25476240766458963,0.019579031612687453,0.03542969369775015,-0.0679355168437053,0.32657937651938734,-0.020745539342347685,0.09452419468270312,0.06899245803263385,-0.14826507942270298,-0.020169967754867596,0.14724355172304038,0.6149814545434025,0.009905203422966496,0.0494122114533211,0.7074779159216219,-0.03696153757144799,0.07420905851250229,0.0590804696155241,-0.19096545906724038
has,has,0.027780702263415308,0.023989815791337667,0.003356928223598732,0.1040329198109694,-4.440892098500626e-16,0.07138781698015129,0.027828600934449305,0.1411910321488391,0.07651235948283415,-0.04294356184373653,0.046523414571579845,0.08731906007482756,0.05307053262062241,0.19515046498001526,0.10620110291727297,0.1517231017658825,0.027624233510553237,0.17431359171152194,0.08828364562528174,0.07490568900681166,0.08935344573496826,0.07927022010073122,0.06734814379371272,0.004129772518090135,0.05483762251206881,0.04421170133867175,0.07923827193144681,0.036859079725127156,0.016182775420599288,0.027868466675007593,0.09728901104995884,-0.09752966474865561,0.08921427295148168,-0.030092664386916018,0.18494025742636785,0.1486462089411307,-0.04629582637233147,0.009444887420740886,0.09866359175330004,0.05822384440772612,0.08289533612797836,0.043390923626369496,-0.08342554334371138,0.0615367086397559,0.16289922760675632,0.07415466318725387,0.13371625153760697,0.003948207123087091,0.03667454914779547,0.06003142544658012,0.08770045059120943,0.09311683105105925,0.11300189116136408,0.14664853778989537,0.2108719968721699,0.0031717219531770275,0.23059968212669657,0.0575813750737198,0.05682526334384842,0.05165132698319222,0.05288853325095262,0.05979614781568118,0.04892550053979937,0.26209051153728785,0.11610243675443699,-0.016049890773318524,0.27035597080891793,0.2237907815596886,0.43397226302589836,0.1916466051835942
behind,behind,0.13081704357102028,0.02855763026544427,-0.061113570203859935,-0.23552470665109537,0.07138781698015129,-1.1102230246251565e-15,0.06173787591911284,0.14073090249306752,0.03986801034719056,-0.06586994573832128,-0.014554183604075122,0.1731439973592345,0.1325847177632818,0.07833498501616412,0.05110428472554147,0.05659897340524611,-0.14402885564746337,0.017168171371167384,0.017377135952021117,0.20904931472065352,0.041892904221872085,-0.05810218874443315,0.15971430325729621,0.02411994910389828,0.06313614936588402,0.166310276870705,0.09535243189697878,0.13704063228680247,0.06011827096422939,0.08141887327015251,-0.019194169861592697,0.0051233743082949035,0.09362626256879827,-0.002146675912960666,0.16387464140444213,0.036346382285540824,0.007060963473828369,-0.082222521720059,-0.039491352791472534,0.031029427149543036,0.14376401967593228,0.08952216687189113,-0.01197690832562047,0.013489325758088505,0.241872189206424,-0.00840310245295671,0.1484644755451875,0.01352482634146518,-0.013762921164555825,0.06842181220911042,0.031363273873547315,0.1398086954576429,0.21179225586138045,0.22963322874465375,0.5093067834270392,0.0856642066205781,0.5055447196276173,0.12117532342277626,0.0972795736669718,0.11440128698267482,0.029749736764888374,-0.0669346937713721,0.005404191434004807,0.25512669599719096,0.20342416269528335,-0.015504629798370223,0.16276627077248,0.3254942614398564,0.08903360010839573,0.6064168368349373
in the front of,in the front of,0.17462852126976983,-0.06547676449722312,-0.14840622484414798,-0.4399142081701694,0.027828600934449305,0.06173787591911284,7.771561172376096e-16,0.0798760310477521,-0.08527061792841495,-0.11377987819373162,-0.03275779805219392,0.21520488473323873,0.019997754741244933,0.13577568948057683,0.12940104464339092,-0.2853537201479027,-0.1715803073950427,-0.20707950007954107,0.19956016766482798,0.026757769031099277,-0.2340797940538754,-0.06302947986411249,-0.008643969407931287,0.11437354362128871,0.17282889033283796,0.08786731068508591,0.09469779235642745,-0.012058701951412135,0.05131817211719819,0.07044636974799577,0.12256829696415666,-0.16339623977585904,0.1258078041162078,0.15270905627023462,0.30670983855125067,-0.10160700443448989,0.01468575392747945,-0.11574646244193953,-0.16766162101871562,0.0309644407612321,0.09937789324917175,0.0053232743809701055,-0.08139121061756947,0.015460861764509143,0.11214061475305842,-0.06766232922349838,0.08074595404168083,-0.0033072251885308476,0.04654047971044484,-0.13653917029348678,0.03435874807900695,0.16722755931025785,0.042927805738517705,0.12960566730153844,0.13616344539117237,0.07319629278157072,0.06663150147999225,0.01707873601096671,0.1260321702477045,0.026461406015894307,0.0780072118447013,0.062460022059297154,0.12313952059635766,0.06041360842243304,0.1755058371721868,0.08741084601007264,0.30333100869891483,0.1739755501460839,-0.12984477586084112,-0.08761130965726294
under,under,0.08464544521600423,0.13564507667161005,0.13342987104522042,-0.04182917393495261,0.1411910321488391,0.14073090249306752,0.0798760310477521,6.661338147750939e-16,0.08384706779265463,0.043643691140881735,0.034800854790534186,-0.047292538632234093,0.16600723721479585,0.05424436836418123,-0.09316858266441153,0.19928853076299588,0.038016905405661716,0.16366281244001207,0.06716260596616885,0.29674894331393165,0.18957507427561898,0.08026637758736031,0.1871178258265907,0.22714969919213374,0.08454353297624688,0.31732042596344856,0.07440987097858842,0.09201464964885443,-0.04753148987581374,0.15992764928332423,0.12112587422769343,0.13016214370180496,0.1664716418312927,0.01800963218479179,0.04117254682156912,0.10043607284241751,0.17019332019472005,0.13759202201957701,0.03591712112074634,0.16232643574081293,0.15493033737769352,0.15965320174941516,0.1606672566821029,0.08218689276496241,0.2549766007524443,0.09812120722119791,0.271198132810318,0.18304912726276923,0.22752637402223036,0.30522520085176885,0.15896709174572268,0.1975943871091238,0.26362897891778025,0.2643758758129822,0.3625308499844068,0.06338456018426503,0.40135201006566457,0.1541572448357682,0.08756976685973258,0.05724179943299629,0.1367684623542836,0.10742017074069832,0.09179181100208808,0.36705593871328257,0.2673556171640131,0.06350331241207086,0.11673436365281172,0.5178621842374996,0.23444641823020657,0.23013370715466003
near,near,0.0633161783034889,0.07810755132742733,0.006351295161909687,-0.3788862883795175,0.07651235948283415,0.03986801034719056,-0.08527061792841495,0.08384706779265463,0.0,0.05479144625398916,-0.017478464173252273,0.11425836544010931,0.26293793012795513,0.08413439826998742,0.034172509600603376,0.07323140671906264,-0.031736592216055515,0.05010349274300069,0.12864866448294984,0.2154505345536002,-0.1377772158727183,0.0917156925689295,0.1326982890484652,0.18947835325047946,0.1730806444907994,0.12532389792440393,0.17125280190658881,0.11469512589360979,0.027202257240132144,0.13363908158909976,0.14372197208068446,-0.044241184804057955,0.2285005569195392,-0.04880347157157461,0.10679950405931711,0.20864700137126285,-0.08408221418061027,0.04687223672262614,-0.1373735426182615,0.14743199153435926,0.20364063680095687,0.12459877552476817,0.062164521367276585,-0.03393819374938517,0.09726549092716175,-0.2038293122908599,0.2666498339266073,0.14193991764432223,0.12052359220412662,0.04226745937468679,0.17600906272678893,0.21853273029888623,0.10785518761608304,0.08454357859170247,0.18409911694550324,0.17454541681438457,0.19022241662583914,0.08875033820979703,0.09350185068445899,0.033199726622803793,0.054259009373377604,0.07709536596101153,0.12040710965351792,0.11266880877671592,0.20299169579005039,0.14517149173919072,0.3016663568734877,0.108747243607215,0.04407181031702451,0.07630141276738012
below,below,0.016965001877035424,-0.015396471485748013,-0.04907638766997513,-0.18655810978671006,-0.04294356184373653,-0.06586994573832128,-0.11377987819373162,0.043643691140881735,0.05479144625398916,4.440892098500626e-16,-0.12732419565518754,-0.01202115923265279,0.08476595993879885,-0.09800251081241407,-0.12681267617313322,-0.006724059224916146,-0.036063708015577456,0.031113171239968818,0.0016993520028487086,0.12287359411856708,0.0011009060027182271,0.04267651354019435,-0.009145449967708327,0.09812766697678382,-0.012368663473711933,0.10796232029536187,-0.02880466653287786,-0.0743388415607922,0.04995863532952943,0.09527895744658478,0.09919515080834636,0.038022263122425515,0.05160083562474846,-0.13241224182317393,0.14031127844919178,0.09718852448065216,-0.04526602270421076,-0.1188503255710415,-0.1291308991935715,0.06228376387310711,0.05785273038840727,0.0547999481766539,-0.08058565124273276,0.03945399245035005,0.23543250778800637,-0.0315685857736398,0.2488135480554725,0.04757376542697704,-0.021935956701317566,-0.020059381281150312,0.18998135447108289,0.16261047670758078,0.1264607492124004,0.28085307727888137,0.22450495605991055,0.029993723988205837,0.1889406698615094,0.13848767871938045,0.07051440693874517,-0.01695652908975015,0.0071194885697622445,0.002365976753233953,-0.02757909395993971,0.21710269309068891,0.25669240314810127,-0.07178633930890732,0.23008488242783687,0.28795519409447445,0.09421793185601449,0.18379175472560047
beside,beside,0.08300676201575977,-0.026065685418859563,-0.16728390677141997,-0.7138570755408729,0.046523414571579845,-0.014554183604075122,-0.03275779805219392,0.034800854790534186,-0.017478464173252273,-0.12732419565518754,5.551115123125783e-16,0.11683650422558214,0.007682722583563617,0.09193061334583749,0.060953000510367915,-0.1630481432532599,-0.07186838700964171,-0.1616151923667849,0.0999601033833355,0.05967289953156607,-0.2841021948578313,0.06889070116413702,0.06698054399723691,0.09506736569545923,0.1628973829511045,0.0032192982517282864,0.19936829945364176,0.10122893569933511,0.04594249788925414,0.06778261546403469,-0.030764844439044682,-0.03006627185682531,0.1732605545013461,0.011429069482493448,0.1637652773352814,0.01603987639569987,-0.02734378891238831,-0.05058043908467236,-0.16654614503499005,0.10273389706289845,0.10591137885530127,0.10475957522210771,-0.043957272001820896,-0.02757475557580788,0.07494610456507378,-0.07323261249837693,0.007687249298144794,0.03760123286037134,0.06619926447213208,-0.06232336448874559,0.03278333213329254,0.06183306778260395,0.05609451885993,0.09246018593656188,0.04767246151736326,-0.026232007368898618,0.14457221577519008,-0.0687855486460901,0.13565320896601113,-0.009466567618978516,0.05037497265725557,0.031036682571163193,0.10520324473413084,0.06801678750319523,0.07678503522385716,0.1185784655694799,0.5457797988210347,0.17503251206780002,-0.09826859549541497,0.09842264794612393
in,in,-0.1572853808415864,0.08285751196916546,0.05136271025337713,0.14854537252542202,0.08731906007482756,0.1731439973592345,0.21520488473323873,-0.047292538632234093,0.11425836544010931,-0.01202115923265279,0.11683650422558214,0.0,0.23405778844693564,0.04154127138531566,-0.04707935230425009,0.3930001645955901,0.11614706586273826,0.35073231304968755,0.05277539402878173,0.4657396937353335,0.22558194646103694,0.07664156347713731,0.19278747115484418,0.14706782001562063,0.09359289967753012,0.45886028453578254,0.08940239774986242,0.07501045640590456,-0.020967963298572756,0.16256791655949196,0.2515512172855806,0.10623133234124538,0.16847883420151233,-0.03273995586777728,0.0970162049641555,0.3029668571692815,0.13966144604662492,0.05200361829472844,0.050477081609393765,0.20315331692475602,0.19026092815572998,0.16941429374983286,0.11462409710978208,0.12813767424093286,0.3373585357214357,0.12088617930386629,0.5658122460053991,0.1583552122711262,0.2046461068757962,0.4049373597474933,0.2307531605899559,0.39566000454018535,0.3991505809468472,0.4303285073174217,0.48406401202475907,0.19730761851406226,0.5001500304553866,0.48264583347668294,0.13895361062828904,0.07011093909253002,0.18022991110958675,0.14199678335102553,0.12159949722111457,0.4198210934795009,0.4215026283957318,0.05865987165158287,0.3120215343583955,0.31082420651684034,0.4376508893915149,0.2736364632335387
hold,hold,0.20531842592695576,-0.18286899105150212,0.09403540204495638,0.1929807892138771,0.05307053262062241,0.1325847177632818,0.019997754741244933,0.16600723721479585,0.26293793012795513,0.08476595993879885,0.007682722583563617,0.23405778844693564,-8.881784197001252e-16,0.046253912578123696,0.09931962151284884,0.1536977238099339,0.043374777121129124,0.19629712277868994,0.13748607600558782,-0.04862650854918066,0.16756633431596168,-0.08681422308662473,-0.1536823750957096,-0.11388662430073421,-0.002077302338012066,-0.07466691399325032,-0.0028531882149027132,-0.09529444568703069,0.26564511535949575,-0.04291508318898629,-0.02201943379954721,-0.0874927187430351,-0.06057277837522501,-0.006074195613171317,0.11914828700339183,0.12256399817382801,0.007951079990022397,-0.011300297404987558,0.10928622401824242,-0.14683185601768636,-0.052127097811279166,-0.09026438367490675,-0.16036591364071806,-0.04850029352276136,0.19323224615600892,-0.07862035008067123,-0.09893403580901866,-0.13998937857377286,-0.09857715650437399,0.10020273520649126,-0.04237450708500334,-0.10739779641728059,-0.03333071597709525,0.04965171032050708,0.008879434296146071,-0.10150586755067914,0.0825310719373184,-0.12050837491453725,-0.15544930574781937,0.06844103760498073,-0.12378973770734972,0.12152075389104283,-0.0035453621077862763,0.052520455118375164,0.0004168455583506703,-0.0357687861792248,-0.053275080638347155,0.10632850754262618,-0.044406341398745885,0.16298430544454923
over,over,0.029198242786206974,-0.011383659055620953,-0.03974985617618204,0.33032524338146413,0.19515046498001526,0.07833498501616412,0.13577568948057683,0.05424436836418123,0.08413439826998742,-0.09800251081241407,0.09193061334583749,0.04154127138531566,0.046253912578123696,-2.220446049250313e-16,-0.004043359006206976,0.4427208059188066,-0.008245554107434994,0.4367988766136812,0.09370182596469262,0.22682157289310728,0.20503994949453497,-0.013944110620592809,0.10247600290437663,0.060459265381394574,0.08480690113389694,0.12276349947491588,0.0859460931358017,-0.00447900128324602,-0.012096594183126141,0.03915065594494822,0.05226178719347804,-0.005694400344858363,0.1220844426981586,-0.12120895343667998,0.013218802607094682,0.23349432908865134,0.0024267936246678973,-0.0797324265299248,-0.011207286003941455,0.04063464475806249,0.15690057794856793,0.07328602241498064,0.07556005120581658,0.01754260706759854,0.23492762675455914,-0.03530872844000467,0.24783909091731812,-0.004626090539688377,0.10243511818433039,0.21619674686625512,0.08560034610615182,0.16817986661736004,0.2731332252922726,0.3018858282203089,0.27830089643310424,0.0440633184499514,0.3132072591805313,0.2817304685434532,0.04809038369883323,0.11250051070849376,-0.04446133985374501,0.00681897116530749,0.04171571863957524,0.2367413237033152,0.21651067978302702,0.08614801361696994,0.24468106471330558,0.2761441594954945,0.48653032032862537,0.22778067565215898
by,by,-0.048240066552575456,0.08914524009499493,-0.06040700163612159,0.015178789798258947,0.10620110291727297,0.05110428472554147,0.12940104464339092,-0.09316858266441153,0.034172509600603376,-0.12681267617313322,0.060953000510367915,-0.04707935230425009,0.09931962151284884,-0.004043359006206976,2.220446049250313e-16,0.21561359951720246,-0.017916767324308247,0.14575813004378707,0.03647716038391652,0.26523445941341095,0.14962997136168218,0.04896261754100596,0.11189228702230038,0.0373394402510205,0.03347531349274105,0.3394076695474347,0.005329900567536194,0.12011053862587354,-0.0016253475433936904,0.028364313337417374,0.08330546803939182,0.020776869451207672,0.01905688660778246,0.015549059024659778,0.03446827874889513,0.1129474421275113,0.07521110459298685,-0.026708842126201282,0.06019810627918115,0.17234792508333718,0.1251836467303987,0.09041767894842506,0.08355712365505515,0.11077806700640147,0.2632212233527525,0.25252844153467574,0.3166462202269895,0.09967597233348832,0.07741796316345463,0.20379095336067002,0.14165285933201013,0.21635751738558187,0.3087239939369235,0.3482457882569507,0.3068393992622461,0.16120242554369477,0.17930169950676594,0.31693441287394547,0.13500372425652862,0.14487573239608675,0.1651072514606155,0.032899967891898495,0.05397330595032961,0.24347948806470254,0.27191697658103053,-0.012997450685926691,0.21689078676973766,0.11370219038745406,0.3597029467210393,0.1402736812214494
on the left of,on the left of,0.5579487919672341,0.07932880588922434,-0.01833475349067376,-0.18597724301056096,0.1517231017658825,0.05659897340524611,-0.2853537201479027,0.19928853076299588,0.07323140671906264,-0.006724059224916146,-0.1630481432532599,0.3930001645955901,0.1536977238099339,0.4427208059188066,0.21561359951720246,-2.220446049250313e-16,0.04762297100482349,0.07790872432553075,0.38457385289709595,0.43539661937113566,0.09757381161341494,0.15561529709668254,0.20028593573640496,0.15117043459283572,0.19874344406558142,0.2955113458156581,0.25694680457407193,0.16035631680621978,0.21548106142470475,0.17837595536464623,0.13606500914396236,0.02892593541353658,0.1897434473049995,0.1412321165939769,0.31651229599447134,0.12210804166370207,-0.07783658111720373,0.03964763901028723,-0.14385479098855758,0.24861826169893686,0.39313895748765215,0.09748551680865321,0.14463725447824152,0.135610431492449,0.4054291197078175,0.06993946839987641,0.38306008016571613,0.28661968862500714,0.1224543380188862,0.26669949696297307,0.33256373834426467,0.2737228440759094,0.5018700364521371,0.41739902970640885,0.08347474644995018,0.14950159723828882,0.20709954601179922,0.44447412576150425,0.30734680868062053,0.4808714677633589,0.16503698884625828,0.09053976516444061,0.2709388395838896,0.18409092356099493,0.5379272086562732,0.3010743825204622,0.25985647392666533,0.23035468334530307,0.17586825156620253,0.16334855179450802
beneath,beneath,0.11101715973684623,0.02250467139931816,-0.1330336620811196,-0.48583711563881526,0.027624233510553237,-0.14402885564746337,-0.1715803073950427,0.038016905405661716,-0.031736592216055515,-0.036063708015577456,-0.07186838700964171,0.11614706586273826,0.043374777121129124,-0.008245554107434994,-0.017916767324308247,0.04762297100482349,6.661338147750939e-16,0.041888775178035687,0.010687894889489236,0.05850252954560453,-0.22497886076937212,-0.002576046952312866,0.024066944701962724,-0.03495707029639022,0.02972347330950041,-0.010384795953651937,0.09087901336956221,0.01217002135210471,0.100486985341633,0.07775235658956026,-0.10744768101257501,-0.06079388625726345,0.048008602534285336,-0.007918823875555925,0.1082031729466367,-0.05724106235267944,-0.007557492505848223,-0.14025288472955005,-0.11223890576946649,0.02246583185141523,0.025450909008297728,0.02694215569230611,-0.041512788623721375,-0.07665832731480485,0.12506078820826388,-0.059853070046014575,0.0663682023955971,-0.020393038754337026,-0.05858552489523153,-0.06287002308336959,0.03764077265681143,0.07491835434728648,0.07172459334777437,0.19206970714943863,0.06508803731414275,-0.029086681855322948,0.10283059349852308,-0.09976707370390148,0.07284445389681495,0.028801772749121712,-0.04530945734280349,-0.004325243784114134,0.0006054856008498033,0.03794995789835692,0.10890820003980017,0.030986596968728852,0.2704307419465068,0.17871806865078863,-0.03827663167257639,0.14001752274604579
on the right of,on the right of,0.49493397435929376,0.11836191084108298,0.08943191193399436,-0.1689751493098509,0.17431359171152194,0.017168171371167384,-0.20707950007954107,0.16366281244001207,0.05010349274300069,0.031113171239968818,-0.1616151923667849,0.35073231304968755,0.19629712277868994,0.4367988766136812,0.14575813004378707,0.07790872432553075,0.041888775178035687,0.0,0.33108233194048065,0.4107696770086063,0.18755564511100176,0.18518750268511464,0.16973716234693792,0.28102120876896697,0.24473544572721795,0.3151267359440233,0.27830987630229603,0.228680859424931,0.27441752185748547,0.2124443483473959,0.24456385355645233,0.04126344760389264,0.22903619115797832,0.21066552873046257,0.22143047403898475,0.16139120938990265,-0.017703352908343406,0.050928991642513854,-0.16440870332251212,0.30265971606512326,0.4835491029415597,0.12513659636801558,0.0986607678851829,0.1415891211186044,0.3817879272083831,0.07707076006960753,0.4883096692680359,0.33807756655392285,0.13648294021569857,0.2347325643130368,0.37904596299518944,0.3214542041812959,0.4659941361068889,0.37188346891157725,0.09515231967777216,0.13921328371589348,0.20094032855749455,0.4325653448949084,0.3299293431226732,0.48719331172098607,0.18207230199909644,0.20261221545534153,0.28636005588081037,0.21366253247696188,0.5208651721911233,0.32236036296075615,0.1947828691984492,0.2615451008162604,0.17469099880441902,0.2046647241869785
with,with,0.009450482141018235,0.055242285415285614,0.011464373708945513,-0.0066023377552194285,0.08828364562528174,0.017377135952021117,0.19956016766482798,0.06716260596616885,0.12864866448294984,0.0016993520028487086,0.0999601033833355,0.05277539402878173,0.13748607600558782,0.09370182596469262,0.03647716038391652,0.38457385289709595,0.010687894889489236,0.33108233194048065,6.661338147750939e-16,0.27085054312280954,0.22342896713263588,-0.0674777690885972,0.16698994724025262,0.0580902541734363,-0.0073383258124175565,0.30832834552173655,0.0076464486219387645,0.02986531987541452,0.0417041236105985,0.052578329923291686,0.2254229777523062,0.00048199941786084,0.08839283604329212,-0.042447704770300076,0.06539260146394996,0.1457730017750043,0.07704320597134644,-0.005319186353149319,0.0813474272762862,0.07778344275087998,0.18428527404280734,0.04185129889904071,0.012942700569490623,0.013135281593015635,0.3495788890190156,0.14821837802448204,0.18618542885494757,0.060596792268553176,0.10668639502412366,0.23837475860496699,0.13929069504954483,-0.003567949457610589,0.24456908628145782,0.34441539806354843,0.2262127353502406,0.037941974658601024,0.17645958701291561,0.19414555872740805,0.1008781780489632,0.1908603954818306,0.08136576344560884,0.10148661609406816,-0.005688044606188866,0.30849239963249103,0.30490260389745405,-0.09653455264388108,0.20073538095215968,0.26318394496628744,0.2052152872614305,0.3209931905542005
sit on,sit on,0.6451997414856425,-0.20199772903607405,0.06327611171622674,-0.03482669784061182,0.07490568900681166,0.20904931472065352,0.026757769031099277,0.29674894331393165,0.2154505345536002,0.12287359411856708,0.05967289953156607,0.4657396937353335,-0.04862650854918066,0.22682157289310728,0.26523445941341095,0.43539661937113566,0.05850252954560453,0.4107696770086063,0.27085054312280954,-4.440892098500626e-16,0.3248106068119031,-0.014822186121827452,-0.06093077552588111,0.08922302275558425,0.19301155091867594,0.10436545291730126,0.24058545219290006,0.0013358772598462687,0.2753932466844499,0.1611056518818469,-0.02692886972061856,-0.1838748257320045,0.12185919501539011,0.16393815767010336,0.27079239172138697,0.13000240366916194,-0.1715618505826611,0.09434970629390296,-0.03431971793148733,-0.015816243743564884,0.1279743239647192,-0.007010015907797373,-0.2295598282690195,0.09082782276844234,0.4011259726759105,-0.059231441983424005,0.15918762157181432,-0.09684450411856871,-0.04517279204840641,0.2702127234141901,0.19672181398926597,-0.02355393809159012,0.09344697205328145,0.3810050399666334,-0.009211599095029444,-0.006299875862484511,0.11716377872655293,0.10260064951696646,-0.007724885257177905,0.2737362059719671,0.062458493315444064,-0.0017046429680742242,0.18300883941844787,0.11821504474822264,0.1810369427597751,0.17307217336496464,0.15823561312013235,0.3656730677218631,-0.13304443618083117,0.17738048653465294
on the top of,on the top of,0.4410721478625154,-0.026683784533089394,-0.05597719332793688,-0.25480817851279036,0.08935344573496826,0.041892904221872085,-0.2340797940538754,0.18957507427561898,-0.1377772158727183,0.0011009060027182271,-0.2841021948578313,0.22558194646103694,0.16756633431596168,0.20503994949453497,0.14962997136168218,0.09757381161341494,-0.22497886076937212,0.18755564511100176,0.22342896713263588,0.3248106068119031,-8.881784197001252e-16,-0.0037362068503181134,0.15147885708658465,0.15351028481783466,0.20565431880368215,0.23434874437520137,0.2193150445627566,0.036965739137643616,0.0821321768570834,0.10450250514880778,0.030465989231522023,-0.05521257204784802,0.129160805058755,0.10854088359157099,0.28357210799639454,0.16613836335496904,-0.16678944713100266,-0.23787451518860242,-0.30133706521261694,0.16098110284419515,0.17036097824171606,0.09038365003157621,-0.05383050909855122,0.07533358556694023,0.3719000950104696,-0.12597678858716685,0.4202160470210805,0.07039154406431167,0.0014718715224815715,0.1487858985040692,0.13964169245463387,0.27346436724782347,0.34644435943171503,0.44226869989008116,0.19134432855855826,0.164907346503626,0.1334893085366166,0.2891496047251765,0.07770229911993558,0.054518874702866205,0.05930373825977747,0.009351079161807774,0.18646983455270333,0.1524810652544466,0.4498271442018496,0.18885509754829705,0.1469038355811939,0.22119378689606423,0.007118551137812901,0.14202075293833932
ride,ride,0.01199948957591717,-0.048777942430809296,0.031114469280260973,0.010404933531593719,0.07927022010073122,-0.05810218874443315,-0.06302947986411249,0.08026637758736031,0.0917156925689295,0.04267651354019435,0.06889070116413702,0.07664156347713731,-0.08681422308662473,-0.013944110620592809,0.04896261754100596,0.15561529709668254,-0.002576046952312866,0.18518750268511464,-0.0674777690885972,-0.014822186121827452,-0.0037362068503181134,-4.440892098500626e-16,-0.04859953228298919,-0.17985123622825344,-0.13382304751356974,-0.08249851222005666,-0.07079963506117387,-0.04065326190270105,0.026435543979292084,-0.12832523994778267,-0.14683558321574025,-0.055864554435497496,-0.0414708895506411,-0.05955387210212255,0.06757262112675334,0.08117347651835433,0.0685752438629687,-0.12595501536395332,0.0219839417742166,-0.18728911697383072,-0.039888743649692526,-0.12657171982973725,-0.07256408567077606,-0.1239987642346333,0.008477153330352566,0.04344675359845851,-0.06770929493216185,-0.06823737659658322,-0.10882777751417982,0.005627020444661762,0.0019611915549883896,-0.07864462243461623,0.0036974389474266067,-0.027058738145718464,0.0334399438314425,-0.047442185544201904,-0.017431033472324414,0.016334873755536522,-0.11069088620704498,0.10323660069793773,-0.10719829938330383,-0.1023491526086053,-0.11195864757460161,-0.005721226624927578,-0.08042728006897548,-0.12231052574704071,0.15175527886481602,0.08283404664092982,0.05302047959610312,0.006167011670457745
carry,carry,0.16979335645365232,-0.1296089693328133,0.07374116275647598,0.17704625107337107,0.06734814379371272,0.15971430325729621,-0.008643969407931287,0.1871178258265907,0.1326982890484652,-0.009145449967708327,0.06698054399723691,0.19278747115484418,-0.1536823750957096,0.10247600290437663,0.11189228702230038,0.20028593573640496,0.024066944701962724,0.16973716234693792,0.16698994724025262,-0.06093077552588111,0.15147885708658465,-0.04859953228298919,-2.220446049250313e-16,-0.12248673921003803,-0.02355506039022981,-0.03426033493918501,-0.023733855236291623,-0.05736849782064696,0.11114183754788343,0.04117569189613651,-0.0104629380697209,-0.05128108923790958,-0.11842731972694343,0.024951269395309405,0.186040415176927,0.025532742463004243,0.12346079434064922,0.00010897593440126196,0.035519494839448135,-0.12432223739604026,-0.05425422808716099,-0.17043009309335067,-0.1307976882785047,-0.06204187496090341,0.17276887287854276,0.08768732523877126,-0.02144773125756405,-0.10307984171664447,-0.020481216825270654,0.143272420157185,0.09383082518965377,-0.10170443330699255,-0.022982521867668942,0.012836958796822895,0.006332757205487316,-0.1777059772021109,0.01085763904605469,-0.07436728402270229,-0.27351398566487345,0.09110759953382241,-0.01604383366726453,0.0074938063262423305,0.06139575406959752,0.04499191309950634,-0.07046649989762027,0.01547704401968425,-0.003637531988507414,0.14300043122693934,-0.004062348739655691,0.06820167994058614
look,look,0.11526576250898089,-0.08808670049275935,0.08410224736034044,0.24584327228245176,0.004129772518090135,0.02411994910389828,0.11437354362128871,0.22714969919213374,0.18947835325047946,0.09812766697678382,0.09506736569545923,0.14706782001562063,-0.11388662430073421,0.060459265381394574,0.0373394402510205,0.15117043459283572,-0.03495707029639022,0.28102120876896697,0.0580902541734363,0.08922302275558425,0.15351028481783466,-0.17985123622825344,-0.12248673921003803,2.220446049250313e-16,0.009494128136680713,0.0016212038884504398,0.045758665441923474,-0.0752750840135708,0.2954833742173302,-0.08640819112496348,-0.14315873246248362,-0.06251874341036881,-0.09763048861330104,0.061031758438440664,0.09563323282778263,0.0786137268789972,0.1136766732284856,-0.09316273078124956,0.14779106626299401,-0.21723003085709586,-0.1235686422038505,-0.18076039382266929,-0.06912773477735795,-0.0844674049115128,0.14777951793955382,0.08526071615570066,0.03430657904834783,-0.1896398640695487,-0.1688888187288739,0.07109902334811624,0.041022208865386406,-0.04555945312441917,-0.01765351963311612,0.10498369099724131,0.05950914861926371,-0.13625503536864342,0.05052794900995722,-0.004448852232581152,-0.1716289199258408,0.17646358913146498,-0.12400851497167978,-0.041447905562948806,-0.0006220863652033615,0.1529512116127671,-0.029853920868162687,-0.036923442484428415,0.021664285279803547,0.18261046201428133,-0.10907957423090664,0.14594728404969878
stand next to,stand next to,0.038814941816487786,-0.052374544556012426,-0.017103259725717274,0.7150002046438994,0.05483762251206881,0.06313614936588402,0.17282889033283796,0.08454353297624688,0.1730806444907994,-0.012368663473711933,0.1628973829511045,0.09359289967753012,-0.002077302338012066,0.08480690113389694,0.03347531349274105,0.19874344406558142,0.02972347330950041,0.24473544572721795,-0.0073383258124175565,0.19301155091867594,0.20565431880368215,-0.13382304751356974,-0.02355506039022981,0.009494128136680713,-2.220446049250313e-16,0.35090718286279243,-0.029115486895692544,-0.02648680595893757,0.0906558357615371,-0.010367834290652078,-0.0751568876718536,0.023304387281925507,-0.0709759309075707,0.049806740486383075,0.10770035635884953,0.38029092326658587,0.13674504258482933,-0.11699809585554541,0.11788125932677213,-0.02644652334227582,0.00298051610639144,-0.0895518632494155,0.00957421211872389,-0.09461078561880343,0.2538543822794705,0.10431505119042297,0.18259038205116587,-0.05820121331072631,-0.012438212241656532,0.18212712060282038,-0.01887695420548474,0.13125293314088687,0.0833752270874602,0.15904121487552722,0.42551243699855623,-0.07294995456070374,0.28335295564414686,0.18475240383572455,-0.02681456321679812,0.1870364519770877,-0.03822480604863748,0.04301438287123446,-0.01642706118935977,0.42150694438324476,0.20270487064224285,-0.06901449513694213,0.19064717953410143,0.3212502314779227,0.2184615675101993,0.20273855911840843
stand on,stand on,0.5684585966548088,-0.1563477102761251,0.06729326094577484,-0.07926462574676857,0.04421170133867175,0.166310276870705,0.08786731068508591,0.31732042596344856,0.12532389792440393,0.10796232029536187,0.0032192982517282864,0.45886028453578254,-0.07466691399325032,0.12276349947491588,0.3394076695474347,0.2955113458156581,-0.010384795953651937,0.3151267359440233,0.30832834552173655,0.10436545291730126,0.23434874437520137,-0.08249851222005666,-0.03426033493918501,0.0016212038884504398,0.35090718286279243,-8.881784197001252e-16,0.14697937086358004,-0.0916621362191466,0.24643211614696528,0.17222443454666736,-0.048871867975115696,-0.18860394922374263,0.08716726918286136,0.1294486311164993,0.2637973944985659,0.15603152636071518,-0.14863926974866626,-0.005546501733281611,-0.13955991578886529,0.007130838068349743,0.08326299001897647,0.0210763372585559,-0.18702295022707047,0.039776103270920876,0.3089938499593,-0.1408569628485884,0.20212154589997994,-0.09324361003726564,-0.018962409381786116,0.30129959175388954,0.14150385766643542,0.03918233378969227,0.14533379769461496,0.29722605556807635,0.19611536025310305,0.06711546339255542,0.07168626171315773,0.04332887618740844,0.0392799065198432,0.18034884565354575,-0.037134453174353044,-0.03183790276624948,0.13272094438568754,0.3240670509923942,0.24429942305804087,0.1632175314358691,0.13968818897672025,0.20762389495100086,-0.07446977088298695,0.16765192075481866
sit next to,sit next to,0.0761257521347157,-0.0863507468148722,-0.03144169231749078,0.706461846981527,0.07923827193144681,0.09535243189697878,0.09469779235642745,0.07440987097858842,0.17125280190658881,-0.02880466653287786,0.19936829945364176,0.08940239774986242,-0.0028531882149027132,0.0859460931358017,0.005329900567536194,0.25694680457407193,0.09087901336956221,0.27830987630229603,0.0076464486219387645,0.24058545219290006,0.2193150445627566,-0.07079963506117387,-0.023733855236291623,0.045758665441923474,-0.029115486895692544,0.14697937086358004,-2.220446049250313e-16,0.05015303695202612,0.04918821724574873,0.06900348997795469,-0.07069667640139629,-0.032979421776525325,0.02318153518956434,0.052698989451440165,0.04151490426135032,0.3836409830675283,0.12299648226926599,-0.02050872931450809,0.1847602383360348,0.02116721555560086,0.06306854413454205,-0.08132909832125146,0.006087747698523785,-0.05765788258465565,0.23012241624105412,0.07090716091942306,0.13336033261049274,-0.015986614591737502,-0.033237986173883904,0.18520144806075994,0.04904492704174315,0.11477716983557334,0.02468852009182787,0.14302386571029577,0.21383551540113727,-0.04024236221415878,0.3748832036099322,0.1915883280197505,-0.0659905099455643,0.17469075620106778,0.017532969910473595,-0.009376077515086012,0.016631142206146032,0.17896718833945208,0.08044727335085128,-0.03622149675779662,0.19449782817275468,0.4617988624441256,0.17470821053042573,0.1553933213449289
