sit on,sit on,2.220446049250313e-16,0.12558205869914751,0.3949545645261584,0.36070880217031315,0.3761826252777458,0.2473310430496352,0.1577558569009445,0.03872205195024947,0.45034888624620817,0.1947355284210086,0.48599764185583655,0.2589358365191833,0.17676071585674963,0.10810384918092075,0.5241499166962954,0.27111784245605264,0.21298689679143845,0.3952813289468977,0.07452827910829096,0.29776069568245234,0.13777483386768774,0.36090636172730245,0.09714499889181238,0.1452936583663776,0.09375029513635147,0.34231595430920303,0.1270411463922818,0.06587734116814703,0.02461503451986896,0.10769461149471513,0.010188809131596033,0.06247966251829956,0.03362087601718611,0.11298133979485986,0.04688031119813596,0.16312771191109765,0.018511301298302807,0.1191992910291606,0.026578888207491214,0.07788548861375011,0.0003627711052511806,0.07344510208172692,0.027100639836610818,0.05533339796267023,0.02391388611815523,0.03944801268719955,0.09342614963357274,0.022934700600546865,0.02229273636266882,0.005014326706696992,0.05525898545439287,0.06445406295943484,0.01677362547086053,0.15615961206013818,0.011110007074146833,0.012194824687621453,0.03320311450917701,0.020740641785873815,0.005935515708504285,0.01822774896826429,0.0020792156697835573,0.041709017386310665,0.2529975589279502,0.10692143924043213,0.1372553700020796,0.21760508594003686,0.10732608980015773,0.031045787361791477,0.04740002809387342,0.14087724015661698
stand on,stand on,0.12558205869914751,0.0,0.1929941366745761,0.16108782008478728,0.1336942900066962,0.1336193952982339,0.010635227627045385,0.12034144859804052,0.2931219126133321,0.10781537431593913,0.4198994054410842,0.20756005134549316,0.03931553322550735,0.027211631959149052,0.31636967556916085,0.2047380185046866,0.21108230635081382,0.3504125607235776,0.1650082862702812,0.36449729845280454,0.27063313802659605,0.3029921011007851,0.029724520839205404,0.17779764995478226,0.04795908458437248,0.3836828480958192,0.007036704683127004,0.10198626209852202,0.15541207981742966,0.11429703464561125,0.18617790186421523,0.0665799499617431,0.18933818929020163,0.24057834953831214,0.07497946190964405,0.0198745979166588,0.10286917739450674,0.0322266383464625,0.08518799345444739,0.0047981516474063235,0.11043144114220788,0.035635165814837444,0.14419417165457582,0.08418913432085362,0.014596116510518065,0.13821207258738188,0.04026843574019995,0.0868176697747026,0.04710146654085362,0.025179722405029498,0.07136154087775143,0.09703817584540103,0.060411675387919195,0.023536328258452588,0.05864581190117105,0.057895893305422885,0.021938400860639307,0.09631289936206533,0.11917291721287737,0.1417607513087994,0.04912572496352932,0.10509657790329402,0.29019195106072115,0.1665160453200487,0.34462581649319446,0.20138559270020961,0.17194075839879944,0.067523774694501,0.005864182003639806,0.18243312182285357
on the left of,on the left of,0.3949545645261584,0.1929941366745761,2.220446049250313e-16,0.002539147465896452,0.3110692771708495,0.17363017766694788,0.5063930665017027,0.13812693527042585,0.36088438655322885,0.07965126359973362,0.4466287862961529,0.4992989504786107,0.09272991808304987,0.13777439278828194,0.31781231742997246,0.18213801890423886,0.34324612314359365,0.32916110613544364,0.02364494614907109,0.4499992997996263,0.12263663199645325,0.1410088245784069,0.4081487029204018,0.14570451441265841,0.0890944210128008,0.21597250155693345,0.17552612807921883,0.25667830295041427,0.0986491177490379,0.2131375735277362,0.039400093024962446,0.05798013369347582,0.019951122575826097,0.12213355340474835,0.05615607996012173,0.00947303747216785,0.04923213933137438,0.17094308865321492,0.36338822311293123,0.15106173754426944,0.01626343849241868,0.2313155672329406,0.05995584461473197,0.031949383449547786,0.1694878654778317,0.08518428998725602,0.07209721377279268,0.16946543183379634,0.12133815141163895,0.010770464347511721,0.23519026666112514,0.021371042116011707,0.10659391052712319,0.18340891324874398,0.1782028390507882,0.052233102154046446,0.1025882377767246,0.06714228921485141,0.055045858669096726,0.03651416093972562,0.205909657240292,0.03511705722891606,0.03265289432912463,0.06570465494186968,0.14260568350207603,0.13611524171820683,0.12347091280677264,0.06393308565447804,0.0036517426002878883,0.039096298806900326
on the right of,on the right of,0.36070880217031315,0.16108782008478728,0.002539147465896452,2.220446049250313e-16,0.24620821451070363,0.10563186895559423,0.4266101263156337,0.058023447560012764,0.39955285244756905,0.13504751140754695,0.4292198551752666,0.4514627269127637,0.055190884557362485,0.08507203356677223,0.27481596197510205,0.17083355303410108,0.35450378723328946,0.2749712190439029,0.03886434444651021,0.4415663706320612,0.11532117261646196,0.1428885314969695,0.36275179049204165,0.07328536725565099,0.002831490697770278,0.2790568157298431,0.12510934210307856,0.1751886030721827,0.09536942969825352,0.1755508309413954,0.03190963413019618,0.001536518636853501,0.03902708055888754,0.09635394021142574,0.006479590270898977,0.008768401544163529,0.05078549197030008,0.1316120372243026,0.3107223904180991,0.13331989678148104,0.09436263438619563,0.11964425814616225,0.030001518586057596,0.029127363561143482,0.11562128888293449,0.01089098939687641,0.026012617083462197,0.18890651697829217,0.07116248882857873,0.016588279354280033,0.1545094621739152,0.02997420219296354,0.14971240552852896,0.21206401054739993,0.1439671167395683,0.020305247096270768,0.09543982735016232,0.01942299853885207,0.023293455179909883,0.05696866935314951,0.20397264843483742,0.03477895942733733,0.027184078671536105,0.05946743723929403,0.14014038360142955,0.1419185407000201,0.11776423068525085,0.05522578561122066,0.044797142808038815,0.03047324564581816
drive on,drive on,0.3761826252777458,0.1336942900066962,0.3110692771708495,0.24620821451070363,6.661338147750939e-16,0.021604869742979038,0.23648749746802722,0.0951026072647646,0.3233977992238497,0.40799038684055444,0.4569298180365323,0.19764527291915185,0.06385908636652088,0.01394545783189216,0.13994616839669483,0.34301999426855523,0.20646063562392059,0.1321157338431625,0.04114651008821568,0.2591174476559711,0.05210793581899775,0.1112974956719549,0.1334899025422268,0.09072929370263,0.08864244087761139,0.1950371583088298,0.03853238512514029,0.023022786569557196,0.018070649053372106,0.1360235074286931,0.2482622040404277,0.011544524915541532,0.05289504535506667,0.026647632194180704,0.05786883844657584,0.14723738617583515,0.08298910853083508,0.13810726882419397,0.08284623896534676,0.08417749866930097,0.12647115615766746,0.1190004376485852,0.04044979806972859,0.1818066311199465,0.037916807104037664,0.0778320090454267,0.31834504857975315,0.004660459657035654,0.09356776180674517,0.17852663975468358,0.0668238595079585,0.0482228402549042,0.07457200461762437,0.048758433530627726,0.08272508654467384,0.07683644517393501,0.0760419297276711,0.03896135190824407,0.04638101232343461,0.03733598021121681,0.08196477673854866,0.053962414148360754,0.17395317108408026,0.06991962346784578,0.11160888756739762,0.02751283976413936,0.06988957655227658,0.21831586217574783,0.06306971143871071,0.012209436995246375
sit behind,sit behind,0.2473310430496352,0.1336193952982339,0.17363017766694788,0.10563186895559423,0.021604869742979038,2.220446049250313e-16,0.011984990978727461,0.053034823760865324,0.3179390750784824,0.14743334895989957,0.2132089137646846,0.021696901633900145,0.5511365551897255,0.4000912758266224,0.3652130403123116,0.2148819468457552,0.3821282561658922,0.1865230202937933,0.4376592646694962,0.3256717222581279,0.2776207413596818,0.2911845456137424,0.4162615413981341,0.3536207091075645,0.7274903846909556,0.12036516999819308,0.3957630487735644,0.09943414353369112,0.3257732330171276,0.10617932203185426,0.0176103445252751,0.2828533370559743,0.3442203982154969,0.15783280444427158,0.336558314592472,0.3174603297868,0.1958039924894128,0.33858983288707956,0.3194203332765933,0.12948127404746118,0.11113475842251763,0.2840644540293959,0.11467061704204556,0.21935027620740333,0.11514878897059799,0.13389606010490082,0.19662161916167148,0.22730212069419634,0.39436493893615104,0.25389473030971166,0.33793270724457924,0.17278344661262754,0.20362352475378656,0.32132226502785444,0.15011461840247456,0.17688813197337,0.21179174201709927,0.1828283919653651,0.17384780220362273,0.18621215952893178,0.11976120584178263,0.16503132297785233,0.2746704845642765,0.03204619839774095,0.16275179590809377,0.05975903996824572,0.08851945060932588,0.06982446637776651,0.018829829158195675,0.2511555123920116
rest on,rest on,0.1577558569009445,0.010635227627045385,0.5063930665017027,0.4266101263156337,0.23648749746802722,0.011984990978727461,8.881784197001252e-16,0.21624180872340137,0.4631106627255334,0.2476884884949242,0.4399124745282391,0.1615837750071537,0.05377195974017046,0.03185617796436935,0.26946697430949423,0.2529311668567198,0.15627415802310235,0.12871011737941443,0.01780783847424572,0.2659355694263259,0.11982390832089657,0.34308978504295345,0.2164418464477009,0.20054930119019465,0.03485254747104194,0.38415908494806694,0.16063964631430816,0.02431631283627378,0.07301381699781101,0.1718045355373413,0.2895661270174812,0.13597760634768966,0.03627421659151275,0.06370236778156246,0.07364321244496141,0.09919069440999831,0.10602441674693719,0.06278451088932172,0.06077216195273111,0.0010653327538221458,0.16026510772555524,0.025722579382430666,0.04688980086413952,0.1173284562460607,0.014051039921909092,0.15402207123275985,0.05729259024445607,0.11863562540878902,0.05742794026789827,0.021852530902737533,0.026214452386037868,0.15374930475833454,0.11923064596022173,0.035393750229328336,0.08743896057271158,0.08467110240874942,0.014023450783834684,0.1167870316640558,0.021984750304169687,0.11410535222596624,0.0958527146132262,0.07172039113814782,0.3886058209346182,0.14010711185811003,0.11407632059116402,0.2675775424566959,0.20892975858323443,0.11408707122708905,0.0007119980794642877,0.08351262051002178
stand behind,stand behind,0.03872205195024947,0.12034144859804052,0.13812693527042585,0.058023447560012764,0.0951026072647646,0.053034823760865324,0.21624180872340137,6.661338147750939e-16,0.2875228640016054,0.09957192669358922,0.10891698147147494,0.12808219804705384,0.1768504420274754,0.14693551646326009,0.25151369483591346,0.0564162653120277,0.3852375275700187,0.05675704591425129,0.4503134408531156,0.18977254005152222,0.006627481957116155,0.3902800481147273,0.27804683959588095,0.5092265625456283,0.6060949052788083,0.06285473057539576,0.1247624238297051,0.09017847218078495,0.1397107396099032,0.07521023095952939,0.17062293734830397,0.07756103260274044,0.19817929235706971,0.02721784551079587,0.18370454938382924,0.1317717959672149,0.03319283063270667,0.24631321325420552,0.11551485768424241,0.05643328056407396,0.027335205805617657,0.12783298119545516,0.14600353117335396,0.12618835983335605,0.014422534397133813,0.025302778930115954,0.14105946710145917,0.05470579785356883,0.2568869693306019,0.13794802529025313,0.24884472361930926,0.14129826346614033,0.10839436599736477,0.1633268799408191,0.012866566792296197,0.06110676316971925,0.1660237673310096,0.04757204172797383,0.03504088833104371,0.0695530403548156,0.014747528630554924,0.06684362118755408,0.38250106199266826,0.1196812957491872,0.0025546347004463815,0.08948874212970959,0.003131033742119871,0.023173130504896666,0.04952405687120154,0.06848511184413882
park on,park on,0.45034888624620817,0.2931219126133321,0.36088438655322885,0.39955285244756905,0.3233977992238497,0.3179390750784824,0.4631106627255334,0.2875228640016054,2.220446049250313e-16,0.33101617205383804,0.41654952756129626,0.47679004801363606,0.09121127378979058,0.12021729102572273,0.23008058550232444,0.377531069616577,0.5653653413404369,0.49002057310496916,0.04266009451435662,0.520719915966346,0.19722282917618603,0.3783480366795928,0.1408678857515167,0.23259778333603892,0.049531982900381716,0.7317827879507344,0.13209517269336643,0.02591275386179248,0.020630512945541246,0.10167449864969283,0.10744876834792777,0.07359533892123235,0.005211861551686958,0.15838684150302412,0.017928367345096563,0.10569498174102906,0.06226606255123468,0.08525054288841721,0.06222261480985211,0.02174431302147689,0.01895237472566587,0.07868411701122241,0.10679351564672954,0.13141862436444157,0.03949065766559989,0.01819428657465222,0.1316570616612242,0.06042701981438367,0.11256950924668435,0.18948882101906356,0.0700631405180874,0.06043133464022282,0.009295250679622669,0.026971045371584013,0.09604825784068342,0.03734560750234664,0.007405734021989435,0.008265620271066754,0.04836467635932129,0.03015872844559639,0.04631023768194294,0.053899086688410064,0.07142371948000076,0.036344400455334075,0.1452567343719009,0.04197276861765899,0.06962372573429447,0.026165502246914815,0.036781172337557816,0.1174902101591653
on the top of,on the top of,0.1947355284210086,0.10781537431593913,0.07965126359973362,0.13504751140754695,0.40799038684055444,0.14743334895989957,0.2476884884949242,0.09957192669358922,0.33101617205383804,0.0,0.43902640662686443,0.3078768727942209,0.00280520043587007,0.004456900519464513,0.39363565107227694,0.040398780311949545,0.41374663329211264,0.32830466216866105,0.0031638401483572998,0.4534519523239203,0.20648815940909174,0.1924221946358075,0.018417345461335277,0.03888944465097116,0.009321464250911904,0.3343489769322424,0.0683359275152709,0.32297170021539207,0.29538304069258625,0.1230114800002639,0.1896907712291724,0.14613790898477977,0.21228523396086024,0.26313788051233755,0.0033020916369252418,0.02119798160827524,0.18397657999978279,0.0741788143955957,0.09220966499204819,0.03436189351080149,0.1230231813882171,0.0470927957959395,0.05942988108320299,0.07581970577335989,0.01934327615241782,0.06915287791136138,0.06819936609195942,0.017601375064536587,0.055228819589347555,0.021585333159485798,0.16650470597993228,0.15903872978588063,0.04213713558954374,0.034971728305090266,0.011401832315610927,0.004115747546104442,0.047093398975338846,0.0839597740654991,0.17878516871949218,0.10785733979583279,0.04451821468285888,0.08932532879503721,0.05297243907298482,0.12790813371811646,0.39809507172584346,0.27762692358007046,0.0008453320158226252,0.07381294105765715,0.037417789483239816,0.17903424035332718
on,on,0.48599764185583655,0.4198994054410842,0.4466287862961529,0.4292198551752666,0.4569298180365323,0.2132089137646846,0.4399124745282391,0.10891698147147494,0.41654952756129626,0.43902640662686443,1.1102230246251565e-15,0.46070529863226384,0.24397018340926174,0.27422079079992107,0.2464425109209088,0.45587790302558084,0.524555455644068,0.3826641442425482,0.24656670669654293,0.5246527015151934,0.22561450248466638,0.262629488353834,0.04784671021551634,0.0013282348267782962,0.06991871595399762,0.5452027101270054,0.22014316188858696,0.031347445496453574,0.09763688281950267,0.3629035921924929,0.18431604589586031,0.2730831483256948,0.1714614748668843,0.1792290389150837,0.14704775866896466,0.14975968570012427,0.0023447974577138764,0.11744360106888119,0.18781676017598364,0.3719803709374958,0.23938016423287392,0.09693367787129026,0.16818168558434787,0.06997480053775873,0.4755482928070118,0.24192870668335864,0.2046300485393745,0.22646781427500562,0.15002344409997515,0.06551106043744759,0.13408258978713117,0.2564350815064757,0.07723609598116982,0.22483242634700873,0.22771133140923525,0.26293581709059216,0.14704639204694936,0.2800589254583459,0.29765408101155333,0.2805278991240312,0.24373261585416572,0.25294997401056424,0.06737685642151375,0.23005841686249157,0.20911116631615503,0.12890693499003192,0.1277664415419819,0.24938944284566544,0.46122671913947993,0.45569954203003815
sleep on,sleep on,0.2589358365191833,0.20756005134549316,0.4992989504786107,0.4514627269127637,0.19764527291915185,0.021696901633900145,0.1615837750071537,0.12808219804705384,0.47679004801363606,0.3078768727942209,0.46070529863226384,4.440892098500626e-16,0.008954204570835456,0.045403399208714945,0.25448152505637855,0.2750344256564533,0.20305682152231658,0.1527386276450372,0.04257686409471495,0.22384040036954778,0.025541524129900572,0.282091102250136,0.13736255296796768,0.13765854287585838,0.0688241072398601,0.31499623174875885,0.33963994712437806,0.04843630620144679,0.0025449223329067627,0.028797061826250803,0.10040678045349938,0.020269587186968363,0.01784782245441041,0.06380516537819428,0.03989134045472731,0.2072779216187452,0.012252029652380036,0.03284296626282629,0.09291224804904388,0.02516758538852587,0.05941165678180646,0.10321686674198136,0.0369725952745972,0.03611421592343572,0.022920399645869644,0.016717986513267447,0.11696544955389956,0.12282763140436948,0.12260295851314085,0.037466636512507895,0.08567482433233599,0.046157627175310745,0.12268619431938566,0.1401116452146064,0.038799925155659054,0.04926901806445563,0.058512611950589016,0.01867078855723589,0.006540324095687139,0.1173272398774397,0.10237653842270467,0.03627838669374553,0.10599253471327774,0.04021552689672647,0.0036917585499492978,0.13039862570574814,0.018407451724478885,0.03245797265007275,0.015745898400480907,0.017729245008143442
sit next to,sit next to,0.17676071585674963,0.03931553322550735,0.09272991808304987,0.055190884557362485,0.06385908636652088,0.5511365551897255,0.05377195974017046,0.1768504420274754,0.09121127378979058,0.00280520043587007,0.24397018340926174,0.008954204570835456,5.551115123125783e-16,0.04752787441472184,0.5135976875549054,0.026027519855857995,0.16965375553143905,0.6947344622313292,0.08600292794574371,0.1954228311843213,0.3307853907060505,0.29640384239731443,0.2910228570455291,0.2375319179730943,0.3193760217721763,0.923008139838118,0.09064842418771646,0.010712420752073348,0.2879211413933153,0.17119145591650514,0.01870137932855065,0.16917723235959004,0.38181913462464584,0.21457759428633782,0.19600129326672355,0.18167425743630738,0.28264528470033085,0.2589789200313085,0.2690368606253182,0.2636090130695381,0.22928760669971449,0.28901480742876884,0.2013946770488757,0.38952752358671794,0.32518664401677777,0.23090284024963925,0.2781725712611235,0.17705243623486494,0.3692822000050031,0.3679769640556776,0.24363320948674524,0.24448957400166887,0.3782879223184771,0.2071967140735892,0.20791580199035875,0.2975249363985012,0.2708023813626601,0.26563248213644025,0.21679713213531587,0.3145678453580801,0.22796132498241264,0.3576470845532654,0.21557779880293473,0.17330497383825222,0.28675832450247635,0.05424169238029661,0.27845541754865927,0.2313027169625503,0.37598725669244054,0.40604865665565226
walk next to,walk next to,0.10810384918092075,0.027211631959149052,0.13777439278828194,0.08507203356677223,0.01394545783189216,0.4000912758266224,0.03185617796436935,0.14693551646326009,0.12021729102572273,0.004456900519464513,0.27422079079992107,0.045403399208714945,0.04752787441472184,2.220446049250313e-16,0.293743691375328,0.05086106126654888,0.19792983967805705,0.9530869825076584,0.1158436096038642,0.2509627161300897,0.28686730006771693,0.36662166488846365,0.26603776693064474,0.5892015293787999,0.4076980232733506,1.0563706470348992,0.13683301692096128,0.09033580901811952,0.30596536583109324,0.1599931705527505,0.2741567420331426,0.09452525529367117,0.3528573529523756,0.21182510848188696,0.22423305372244773,0.23143099911311238,0.3232769143711478,0.227475732765127,0.3309393417889658,0.21386805893189398,0.19518390631454874,0.3230868129819452,0.2156103209538981,0.3644511407617769,0.3212689586157926,0.22063585659277613,0.24130034871613093,0.11808253293675125,0.40716532557007534,0.3253661196385224,0.2916615674698291,0.27066903681348786,0.38973632195355795,0.27164032346852274,0.22733682491927698,0.23211214607044472,0.34000945455749776,0.35119327388987515,0.20477438907057804,0.33840638762647574,0.21631691958750907,0.38896779437945184,0.1893121320363341,0.10185886887806386,0.3166795012931184,0.05712422266145162,0.2776792812904172,0.23375868128446897,0.3320332742866897,0.4340905222506633
sit under,sit under,0.5241499166962954,0.31636967556916085,0.31781231742997246,0.27481596197510205,0.13994616839669483,0.3652130403123116,0.26946697430949423,0.25151369483591346,0.23008058550232444,0.39363565107227694,0.2464425109209088,0.25448152505637855,0.5135976875549054,0.293743691375328,6.661338147750939e-16,0.5586398339751353,0.013073982181950217,0.016886117550141355,0.33437211801528693,0.04110574735462952,0.33279653369019113,0.22556272292089613,0.22858640279828624,0.016976957137935622,0.3915455410359635,0.21856788070905553,0.2983746784948829,0.3440272305683871,0.36147975973002927,0.10957684647478147,0.1704940853484977,0.2780968086492272,0.43095498663542076,0.24508435890610436,0.25508129318792083,0.3444859629488194,0.3922395112975141,0.1697323150993441,0.24429044856271148,0.11642353154836674,0.20478657264557654,0.15668465564762926,0.07515710259633313,0.38794565176219675,0.19427733029945815,0.27859320897231166,0.044502089832216665,0.2569866999945323,0.7081275283087807,0.3508025558537527,0.2012796367220481,0.3538979087259546,0.14419501044518135,0.21443838276578586,0.13342953753407805,0.039370468048669005,0.15304003763734714,0.2548788028979836,0.16810830594933956,0.20921411186720096,0.02837542293628316,0.1610223859869249,0.06021887729352468,0.2613399790818894,0.17306614556832298,0.2597885464498588,0.14859025433861098,0.11814540900474958,0.08180554769658675,0.2135829729759575
lying on,lying on,0.27111784245605264,0.2047380185046866,0.18213801890423886,0.17083355303410108,0.34301999426855523,0.2148819468457552,0.2529311668567198,0.0564162653120277,0.377531069616577,0.040398780311949545,0.45587790302558084,0.2750344256564533,0.026027519855857995,0.05086106126654888,0.5586398339751353,0.0,0.44989888301061126,0.547472055093406,0.05044878322830848,0.42078834710866775,0.2975199512555427,0.21181194427381603,0.004212731417988502,0.022286665274294737,0.17092226503701302,0.21189957789803127,0.027675329155859463,0.2567440273828064,0.1847028637607993,0.1112463103925363,0.020799697443249443,0.045268087052789896,0.21865189638317015,0.39934913358419993,0.03268217481627661,0.0027647977307609095,0.12125615554157054,2.108468148975806e-05,0.0496764204101775,0.008617328555813542,0.0884682155731071,0.08984755003758949,0.01422701781946295,0.1395152465389285,0.108608963033626,0.022155667074721025,0.06888223303134697,0.07416408215576592,0.03604392784781474,0.11522206032372811,0.05921802095378123,0.15565173539075275,0.02721512613222271,0.060868484181658716,0.05685242769570753,0.02961943802835529,0.040914734282391174,0.12337442635644688,0.08422551012659574,0.02939476119742293,0.02186073116362089,0.1560542504777692,0.09548416857005224,0.15102179567394264,0.22423151018954107,0.20397089989344144,0.058673122261741845,0.05185623983251257,0.16134385242416802,0.224423647548908
lean on,lean on,0.21298689679143845,0.21108230635081382,0.34324612314359365,0.35450378723328946,0.20646063562392059,0.3821282561658922,0.15627415802310235,0.3852375275700187,0.5653653413404369,0.41374663329211264,0.524555455644068,0.20305682152231658,0.16965375553143905,0.19792983967805705,0.013073982181950217,0.44989888301061126,4.440892098500626e-16,0.3158018961697756,0.2519548197558278,0.012063634145280222,0.39974812542839866,0.12456858461246456,0.2905646066240041,0.5804399683661552,0.2975998859643607,0.036936497132085605,0.22373482923044086,0.030794536361783698,0.15117857939411825,0.12296157807290958,0.26695375036434477,0.08800852615471276,0.16973731440912568,0.21362651153383172,0.12052310187183238,0.12106424130855725,0.21136229724510322,0.31552433547607456,0.2184567841161278,0.15771042210031158,0.14156986579918346,0.2034578164662837,0.2035600235759477,0.278006745512962,0.02440884058973375,0.021141578788737236,0.19552346622984215,0.044616904114485684,0.29446063804274725,0.28023402030175737,0.1747889371908329,0.03557149415412017,0.18576374451449226,0.09042554517369661,0.0004504209127914327,0.01578336233993413,0.1374466621996815,0.1591655301818432,0.06050715757103901,0.10482791283019156,0.09890426151811024,0.072482210606691,0.38974916189415987,0.07653303138868947,0.093339049146025,0.0071993075366509895,0.06524616492043697,0.08523643213962273,0.05212827608978467,0.1183854152603219
walk beside,walk beside,0.3952813289468977,0.3504125607235776,0.32916110613544364,0.2749712190439029,0.1321157338431625,0.1865230202937933,0.12871011737941443,0.05675704591425129,0.49002057310496916,0.32830466216866105,0.3826641442425482,0.1527386276450372,0.6947344622313292,0.9530869825076584,0.016886117550141355,0.547472055093406,0.3158018961697756,6.661338147750939e-16,0.7189242133159013,0.24532570963284667,0.44271646266677395,0.11930757040969481,0.6668081346011587,0.026738927431265713,0.6582856124684566,0.20339338703586313,0.6145014424977575,0.41325520109243896,1.0055460489554848,0.2467517350423249,0.5933052827941512,0.9803851060687452,0.7479380074154031,0.43495264500960873,0.4012095013121299,0.503341124758377,0.5995205543233331,0.7220789583751014,0.5462917660713817,0.43402715867280983,0.3122030671996564,0.48716030255318976,0.1726855077416985,0.5347624925655217,0.3476380713081933,0.42682932157069586,0.4734078694876793,0.45893240066652086,0.5104319466051797,0.5301955220617691,0.3710400925167981,0.4862205126035525,0.5901074242808649,0.4695949984561188,0.37949295936277494,0.3707569926028043,0.4188330564192212,0.40287838258000175,0.5561259020529445,0.516067801401232,0.3420965464281985,0.3208373010824537,0.05692776108242956,0.3463265182394991,0.6067699733398764,0.3271436313817477,0.28654592492012076,0.25997554282113666,0.2903713393219366,0.49751273710959704
stand next to,stand next to,0.07452827910829096,0.1650082862702812,0.02364494614907109,0.03886434444651021,0.04114651008821568,0.4376592646694962,0.01780783847424572,0.4503134408531156,0.04266009451435662,0.0031638401483572998,0.24656670669654293,0.04257686409471495,0.08600292794574371,0.1158436096038642,0.33437211801528693,0.05044878322830848,0.2519548197558278,0.7189242133159013,2.220446049250313e-16,0.2822511420416633,0.5982418886088557,0.30742128485936704,0.32807063523403707,0.3115111411437063,0.37926563483508324,0.9657673444693587,0.15720910892365014,0.06131344611807299,0.3436885954736259,0.13276977190709927,0.049684151671810894,0.23209905316054885,0.49497630678497495,0.17094222431781758,0.18431974548013863,0.2678628912219431,0.34628517266960546,0.2941481921720182,0.3010370097147692,0.2610469908299575,0.22240793609144932,0.3574956740866734,0.20094808972133815,0.3658775994874416,0.32384330687774027,0.26634661273302,0.3180238007654494,0.2514511360218132,0.38062287650197957,0.3736098035927601,0.22411946217935957,0.2511617451141457,0.378532511560289,0.335786876212092,0.2605234038912823,0.2550178342887124,0.30616841415380797,0.309263069165838,0.3239803233746146,0.37918933775738317,0.2173819788304622,0.39649403069679046,0.14424829186794724,0.19768616473529432,0.41975959037195465,0.07046184862080315,0.29499617903260533,0.17999072758042164,0.32822733593267284,0.42297361873739125
skate on,skate on,0.29776069568245234,0.36449729845280454,0.4499992997996263,0.4415663706320612,0.2591174476559711,0.3256717222581279,0.2659355694263259,0.18977254005152222,0.520719915966346,0.4534519523239203,0.5246527015151934,0.22384040036954778,0.1954228311843213,0.2509627161300897,0.04110574735462952,0.42078834710866775,0.012063634145280222,0.24532570963284667,0.2822511420416633,5.551115123125783e-16,0.33739953265961814,0.10504185605250316,0.270761108945186,0.3118072003452424,0.305704201822832,0.0566908891715982,0.21039996608774642,0.1307313819700863,0.2184223634259131,0.04665836330593115,0.034434712652402166,0.1694129451069022,0.1578676836939512,0.14278206159173615,0.21333138258409484,0.228134782374854,0.17874915981957304,0.32282517186806553,0.2776722557397387,0.18783391317712608,0.046846635663295805,0.2873933645855918,0.010783171541488445,0.28690222771451424,0.03572331939638829,0.03367709210787456,0.18747252109173207,0.0005755138725255238,0.25176906350080724,0.3246030648901952,0.23356773643247117,0.2122793869112719,0.2751043764416642,0.17211321306563146,0.03672972136213354,0.08194172674931831,0.19262321625618373,0.11664495787301149,0.1635626397613365,0.11859156386625339,0.11824799124167812,0.035684488137885884,0.20505703976237444,0.059530145473462415,0.09982200908434935,0.011891696290651066,0.042587966931131635,0.13015262448936699,0.03945529761466665,0.10379311923363663
stand under,stand under,0.13777483386768774,0.27063313802659605,0.12263663199645325,0.11532117261646196,0.05210793581899775,0.2776207413596818,0.11982390832089657,0.006627481957116155,0.19722282917618603,0.20648815940909174,0.22561450248466638,0.025541524129900572,0.3307853907060505,0.28686730006771693,0.33279653369019113,0.2975199512555427,0.39974812542839866,0.44271646266677395,0.5982418886088557,0.33739953265961814,0.0,0.010930657410630595,0.2798366563035811,0.4730675005767286,0.380505453581382,0.18083084030651653,0.23070450160403194,0.06451984438306596,0.2479857224619203,0.10545320034825739,0.09566436719032456,0.18081998110418357,0.2470122992497289,0.21700546858792794,0.3138522339604076,0.12435486102487173,0.16461897078345236,0.31224771613032076,0.35133911205193524,0.146347918360305,0.02714686004437067,0.17348060322075765,0.05797170878998287,0.3461909422101947,0.18449141273231415,0.18497477457866213,0.14072914169835357,0.019428816451574238,0.8473691523413922,0.33934453867687303,0.41012419424762037,0.30894161162697353,0.19369327536593284,0.09583711063697334,0.04806269997593138,0.07018505373611689,0.15116752046054643,0.12197998531103191,0.053521450587235314,0.16529860525620368,0.04198238361670377,0.10764659597140988,0.26598821829255775,0.05530440982635407,0.08329516255592925,0.07753465184475597,0.05708173163190833,0.1701315201731286,0.17874147672840673,0.295912056648415
park behind,park behind,0.36090636172730245,0.3029921011007851,0.1410088245784069,0.1428885314969695,0.1112974956719549,0.2911845456137424,0.34308978504295345,0.3902800481147273,0.3783480366795928,0.1924221946358075,0.262629488353834,0.282091102250136,0.29640384239731443,0.36662166488846365,0.22556272292089613,0.21181194427381603,0.12456858461246456,0.11930757040969481,0.30742128485936704,0.10504185605250316,0.010930657410630595,4.440892098500626e-16,0.42637468565784153,0.10482242231576316,0.6665873491843759,0.056275005325368554,0.3120882732166094,0.02471553567862278,0.3484786332848776,0.10705677403850783,0.21452830512254864,0.33228404498544706,0.30886172977243803,0.10907298436501771,0.23574843630626036,0.23366539812287784,0.28000422283474624,0.4430243763748599,0.41476006507191016,0.20562501436205582,0.0737153418265381,0.18834308712493947,0.27257506531860387,0.31369078594489164,0.19943434978525915,0.13480947689132855,0.11388740078582951,0.22349729181733216,0.45982730106633385,0.3275935627337765,0.4460031034222995,0.1993257376440682,0.24890138376351081,0.22930454407076165,0.1381714010900617,0.1959742213398169,0.19841429235306365,0.14584647516969604,0.12250337510815029,0.314169041708487,0.20316849536669906,0.24656284071032628,0.09779399064470544,0.13307373134737052,0.3078756776328435,0.19213692903994942,0.172380062702141,0.04911966782360701,0.09854859920669189,0.2559030644398934
outside of,outside of,0.09714499889181238,0.029724520839205404,0.4081487029204018,0.36275179049204165,0.1334899025422268,0.4162615413981341,0.2164418464477009,0.27804683959588095,0.1408678857515167,0.018417345461335277,0.04784671021551634,0.13736255296796768,0.2910228570455291,0.26603776693064474,0.22858640279828624,0.004212731417988502,0.2905646066240041,0.6668081346011587,0.32807063523403707,0.270761108945186,0.2798366563035811,0.42637468565784153,2.220446049250313e-16,0.26813615418086767,0.12700375388399832,0.6455687200688818,0.24763177345504417,0.048032924783623365,0.20513006556828378,0.09110537247335915,0.06452580353722215,0.23971632333008464,0.0669552009082669,0.3255557158519158,0.2658522137176631,0.1978653707835289,0.06694109950070815,0.1302826476910378,0.03276630772507405,0.0291565539282459,0.25543229354640035,0.23195640190017575,0.2964860989927718,0.12887766854576543,0.004218248733524332,0.30567223871625215,0.1768402236520321,0.1546591464039956,0.19036284464809944,0.14760993191440525,0.10161983969839777,0.25918530059199196,0.2098006235412807,0.07429028208727195,0.23152475828412272,0.32619513972165887,0.2107190331119498,0.3230099609225281,0.217513551040528,0.3155583080549034,0.11133306165849524,0.1444746182648538,0.11375874610690964,0.23845698376309435,0.23847139165202513,0.05899549196087625,0.18486254953363884,0.13647441772808472,0.12688141592082186,0.24904140587609563
walk past,walk past,0.1452936583663776,0.17779764995478226,0.14570451441265841,0.07328536725565099,0.09072929370263,0.3536207091075645,0.20054930119019465,0.5092265625456283,0.23259778333603892,0.03888944465097116,0.0013282348267782962,0.13765854287585838,0.2375319179730943,0.5892015293787999,0.016976957137935622,0.022286665274294737,0.5804399683661552,0.026738927431265713,0.3115111411437063,0.3118072003452424,0.4730675005767286,0.10482242231576316,0.26813615418086767,4.440892098500626e-16,0.21376633799569011,0.22853707756608704,0.27506887729969187,0.07361632757120215,0.05632433091684641,0.061069465990723104,0.26646805617462066,0.5995215674159596,0.20032516639684878,0.2734713070264171,0.022957827928806157,0.069714802815771,0.09863363456804111,0.2619779048429091,0.38411688692479107,0.07425584616802758,0.006645238568050604,0.2797659007645197,0.21596851791074748,0.18724946345037904,0.01247640120008825,0.006825243464195496,0.29467896538476684,0.03423053548616012,0.12209583828071482,0.17782828308225607,0.09577200651817783,0.1134415280534638,0.18525917138744113,0.15956719150935436,0.10145832428689713,0.03585756071603241,0.16977883974216915,0.017537249528330218,0.28181664514761356,0.05935761092707677,0.040700366185178694,0.08090999749364883,0.5757539230806648,0.0021877459841753155,0.11990964946820527,0.09876576596634234,0.05112520467271328,0.1814184635213239,0.06320736566620548,0.26725349315518815
behind,behind,0.09375029513635147,0.04795908458437248,0.0890944210128008,0.002831490697770278,0.08864244087761139,0.7274903846909556,0.03485254747104194,0.6060949052788083,0.049531982900381716,0.009321464250911904,0.06991871595399762,0.0688241072398601,0.3193760217721763,0.4076980232733506,0.3915455410359635,0.17092226503701302,0.2975998859643607,0.6582856124684566,0.37926563483508324,0.305704201822832,0.380505453581382,0.6665873491843759,0.12700375388399832,0.21376633799569011,0.0,0.3917535691696765,0.3428491948927397,0.028278909221632453,0.14745001554219261,0.02506961006201569,0.15642276514507492,0.3501243690573123,0.2526791037694009,0.38102366948269534,0.20756740188327882,0.20084091944446553,0.21414204334167497,0.18191552990260162,0.2409676639539482,0.16526282588065133,0.21678845651896794,0.22542507096065834,0.13932877265718616,0.25715393054935415,0.09966801330337421,0.2857176178233448,0.25911096308411685,0.11491828036317636,0.1143524460510183,0.2663611712811921,0.12728353344146237,0.3124811012078583,0.25863525359216644,0.20939928306367206,0.26856097589073824,0.2335227141221997,0.302413982153183,0.42344524627023555,0.2958232287235095,0.22206059763544525,0.13981062216623966,0.18756002646016873,0.0507135220385056,0.18898594672598945,0.2615625743151457,0.024112473847060084,0.2084357750863972,0.23929174053180716,0.20608862327419308,0.24310502317228366
park next,park next,0.34231595430920303,0.3836828480958192,0.21597250155693345,0.2790568157298431,0.1950371583088298,0.12036516999819308,0.38415908494806694,0.06285473057539576,0.7317827879507344,0.3343489769322424,0.5452027101270054,0.31499623174875885,0.923008139838118,1.0563706470348992,0.21856788070905553,0.21189957789803127,0.036936497132085605,0.20339338703586313,0.9657673444693587,0.0566908891715982,0.18083084030651653,0.056275005325368554,0.6455687200688818,0.22853707756608704,0.3917535691696765,2.220446049250313e-16,0.9553608902587786,0.02230065987989238,0.39497898601811654,0.5473218286363447,0.4094251866398969,0.6086317932543955,0.32948114307242027,0.9348678803383862,0.5022194902948792,0.4723244883791985,0.2279856916654504,0.7810101259801074,0.811238334641144,0.6527151356141485,0.30060053714072477,0.451362674180293,0.47413980755998875,0.3541182649185504,0.3959681656411302,0.39171640727915497,0.37442845042064143,0.4193809591487585,0.5573167124250524,0.4086604138866231,0.5799465017339931,0.395721274073042,0.4802444205311051,0.3796775435361132,0.4485436778470192,0.4857360888536544,0.40303621813374235,0.43579458897000767,0.4679321723371995,0.5338287627640695,0.28839155742073697,0.23420672394579553,0.027482662813191474,0.3175970463647189,0.5003247177061233,0.2875312706763224,0.20283640761631463,0.36776387775926883,0.43734873142671393,0.5938655481762158
sleep next to,sleep next to,0.1270411463922818,0.007036704683127004,0.17552612807921883,0.12510934210307856,0.03853238512514029,0.3957630487735644,0.16063964631430816,0.1247624238297051,0.13209517269336643,0.0683359275152709,0.22014316188858696,0.33963994712437806,0.09064842418771646,0.13683301692096128,0.2983746784948829,0.027675329155859463,0.22373482923044086,0.6145014424977575,0.15720910892365014,0.21039996608774642,0.23070450160403194,0.3120882732166094,0.24763177345504417,0.27506887729969187,0.3428491948927397,0.9553608902587786,2.220446049250313e-16,0.053630205784242796,0.2379861813322534,0.18154360636555106,0.06597610303497314,0.2693642813771965,0.34489188613545385,0.3286101930722809,0.22546036210008868,0.17481926169749673,0.26623586528285903,0.22732335124784844,0.250742295228929,0.22607197729295914,0.3051301044898128,0.3230209049455539,0.20823453268542802,0.34482376855125824,0.3885391094577777,0.2876173664798831,0.3506443914159124,0.13499256521367942,0.3809275796265042,0.3780320425404194,0.2688272894804703,0.3112184502307698,0.34451470737806633,0.31105742882504667,0.24005813097281348,0.3164987027268857,0.303167723918696,0.34434342469301954,0.27406156472014814,0.3214719718830474,0.15188618242599303,0.4118242267680022,0.16260456469365667,0.13329417295683607,0.27160277732514104,0.03300683350091804,0.2837611655937944,0.2237468847722053,0.37890910919739174,0.4393815939594318
in the front of,in the front of,0.06587734116814703,0.10198626209852202,0.25667830295041427,0.1751886030721827,0.023022786569557196,0.09943414353369112,0.02431631283627378,0.09017847218078495,0.02591275386179248,0.32297170021539207,0.031347445496453574,0.04843630620144679,0.010712420752073348,0.09033580901811952,0.3440272305683871,0.2567440273828064,0.030794536361783698,0.41325520109243896,0.06131344611807299,0.1307313819700863,0.06451984438306596,0.02471553567862278,0.048032924783623365,0.07361632757120215,0.028278909221632453,0.02230065987989238,0.053630205784242796,4.440892098500626e-16,0.008942752202006576,0.05115329376003758,0.11792772079537459,0.09491264875803868,0.039873362312846106,0.36406415012604715,0.08780058765526144,0.046422699222429475,0.12779443438378718,0.012370913368659253,0.030799732572986654,0.036912097170635205,0.08030672938364469,0.016691261722375922,0.008518176806553646,0.15625859285275082,0.016967267859594126,0.08187724327604162,0.0016436177220702508,0.0066247409896770665,0.04349559602729608,0.11593803450474235,0.22321650944862234,0.023526912357692054,0.08740063085852856,0.031055376747950697,0.005694609966685471,0.002798308016160253,0.059277508840075904,0.07270841730638,0.09621525274362612,0.06524315293726268,0.08261711988960294,0.09567209617033023,0.20056673972334343,0.04704873465020221,0.2002092758448496,0.09310861860429981,0.05916855706903597,0.04689935132230674,0.06816672143359298,0.1317303333807998
