on,on,1.0,0.13252550052413054,0.2672436619175772,0.382492180109343,0.06095116863603646,0.31984639655072267,0.4031600006787378,0.2574649074157757,0.4152213396250508,0.09829623746053366,0.3351550585861083,0.6289802484383721,0.08523413093473592,0.3926334790883603,0.4374654233717421,0.09308325515658131,0.1578628551153749,0.14519457578270886,0.41138082583813806,0.47670360080231194,0.5071636175138502,-0.03214607763816184,0.004334733739493432,-0.07585892100801347,-0.05312079015438339,0.346704375293444,-0.051741954424061,-0.0738872534851519,0.4703342237034462,0.13739008101988812,-0.03801756811153107,0.21319163783664136,0.0766341886645816,0.31356192566071306,0.286359270343113,-0.00443550129398854,-0.06566078999630497,0.25515745625416364,0.07208954603745765,-0.13076818620696418,-0.2771192865714398,-0.15988654713768913,-0.0040564551547159905,-0.04003951291424664,0.31856538558140013,-0.1624154076608687,0.09229013839767314,-0.08899674764193681,0.057577859453304084,0.18079451124569704,-0.11922045401113507,-0.11915219363577773,0.11476584542354486,0.0800282133930017,0.008338695985808272,-0.19930513367227068,0.06171382762082629,0.1986852226020745,-0.16750951025625962,0.15141736530369584,-0.08267306374726491,-0.22980296497202773,-0.09689346130411766,-0.03752731163984979,0.036688972429825,-0.13682855325565507,0.027285166059814545,-0.02943887666717203,-0.019265796323001634,0.1426603873315214
wear,wear,0.13252550052413054,1.0000000000000002,0.0011945862743834718,0.01712924537756299,0.1611253876223361,-0.0024585235985998734,0.01876040685207528,0.07400850661324102,-0.01720460661622905,-0.04269895434748986,-0.003224600058087026,0.2717154779433239,0.23450132601666887,0.07784950965001877,0.0655616520086017,-0.082479861486698,-0.04424006961220235,-0.11540447003043919,0.1824503959100241,0.18077131874834512,0.07467316340124143,0.09005869174890907,0.23087998076535082,0.021897057911653972,-0.06101161048806558,0.17752387781145126,-0.08856572971661203,0.1409763244618094,0.07405972841576611,-0.043952389855823434,-0.006641359688867258,0.07894501331729614,0.05384191197186797,0.010582121886274283,0.032032724810562685,0.01885055732233938,0.07743481726667303,0.1129969801578761,-0.08252761631221806,-0.05902868093669212,0.07934703297256104,0.01639835948037744,0.1479479663584656,0.0627298758820552,0.03631266215651825,-0.01536754932224209,0.1757163328233199,0.17522133777913754,0.10358999177168152,0.040989775575980554,-0.03573654515383616,0.09544012845203417,0.09504033079670574,0.0694249501814912,0.14385970933983055,0.010969141164688223,0.10636501394955897,0.05732598724283363,0.011185527985220173,-0.05619885971895648,0.07700181596099527,0.08031928121079143,-0.015838271442118232,0.19830348487203114,0.12390948031517199,-0.07794434042919732,0.10858006296562106,0.1530804749351656,0.11169905450283572,-0.03445380342089394
above,above,0.2672436619175772,0.0011945862743834718,1.0000000000000002,0.3653127109729225,0.047025028302551064,0.4607225135101872,0.36424775402493625,0.2732901882457136,0.35521015384040266,0.6344057905208569,0.3569748432612866,0.2491186515651583,-0.03212463308695351,0.4112284748078318,0.2605211710812614,0.14750048089042195,0.3563308870347519,0.15142951419113376,0.16106925144623005,0.05974772923083594,0.30483139234613904,-0.06152053907380334,-0.01514507933481914,-0.06127275462140602,-0.07056991040243353,0.06422875898372896,-0.07976604986160477,-0.011411348270640241,0.1372019949862411,0.057393631647995685,-0.0024798013374024708,0.13286860681191437,0.10626608628814338,0.2823215937006434,0.2182656131879083,0.10037296446438765,0.12266819462235032,0.24658189741232375,0.24729712988670458,-0.032673800072772416,-0.13320802339703794,-0.052402384073122976,0.14785972287710278,-0.06323360856363464,0.08332877134998262,0.010958791382181504,0.05752207337065756,-0.047576845638327966,-0.03452516303879484,0.08001315165858788,0.01286016315491317,-0.030303056103119362,-0.02330022487630474,-0.013202751661030507,0.10067647553862685,0.011438772770359117,0.19177446316882557,0.0542300746867769,-0.036163885289081335,0.2508560967901043,-0.10592855875881774,-0.06621784875403372,-0.010626934461042424,0.07446166538248211,0.044078825448195365,-0.027640689394331244,0.10841305412864222,0.08589812859065853,0.11179682216615863,0.15961480841613795
next to,next to,0.382492180109343,0.01712924537756299,0.3653127109729225,1.0000000000000004,0.15582042573713697,0.46500855871851254,0.6245001650843718,0.3151771503308278,0.6937976255950722,0.23219029566107963,0.6581598954161196,0.35223964602365465,0.1353275752606965,0.3197242606107481,0.5059078528064065,0.19411646599614782,0.31129800456903056,0.22335052984722203,0.4052888259690013,0.2696803443491158,0.49968103802642405,0.03919890800975935,0.07117939160741776,-0.03075842329139985,-0.12211205352439,0.1543938150134499,-0.03327355063010643,-0.06737503598030527,0.3220374936744558,0.09734401056536822,-0.043496827735638156,0.1330247947564813,0.057345523154922896,0.19959263154152565,0.36226176852458636,0.10892948155715176,0.036216845226073956,0.2988099653886166,0.29348176054614067,-0.1209936709755152,-0.026538372430321665,-0.093325392320655,0.04090113805683854,-0.07375020120356315,0.08245306631981482,-0.13872186316952045,0.21073110745732512,-0.04445123832829416,-0.009563535047760646,0.04252049566021812,-0.1574969198525341,0.14636342398662386,-0.053660033104111535,0.0029840490772023096,0.24864652626598416,-0.0728138223912347,0.3124933029649092,0.09101843499191797,-0.02812031842487607,0.2996154587266619,-0.12203267706354447,-0.12462699851001117,-0.10570305680052065,0.17518396561410401,0.028613928709504195,-0.13534167789581328,0.2235216643565168,0.25555582378994046,0.19079829651782473,0.2680895815549678
has,has,0.06095116863603646,0.1611253876223361,0.047025028302551064,0.15582042573713697,1.0000000000000009,0.09925202638761702,0.1511646731370715,0.08214238357209303,0.07952737220784886,0.047941750890308096,0.08526878607975566,0.06578808016143571,0.2194202650787231,0.052559587256436974,0.0992728426468325,0.0519563778016378,0.0073626819522721616,0.0357511976991907,0.362289577194707,0.06579303813199289,0.11360872499561198,-0.018222322526625936,0.16357972853054925,0.0615923727570026,-0.021781638078919505,0.051507487744072836,-0.012833097507767021,0.04166955017682311,0.018459402207404146,0.05394277764421081,-0.018057189324326196,0.04499778370716877,-0.10328360010400325,0.013160297208018609,0.07548495116578922,0.030651317184366977,0.054212118608620796,0.05561673028444336,0.06674765957049827,-0.006962483954076615,-0.06296136691985227,-0.05786229665222388,0.31085326756267495,-0.03685015637230195,-0.04425328163895306,-0.09771676334006672,0.0746044709612807,-0.010786105520769581,0.01692715359438093,-0.03330510628095529,-0.10600305854159262,0.07814064074963034,-0.02910195255660572,0.04225341777540835,0.061056967995822255,-0.11426546800628257,0.05632096139695497,0.020887109604929156,-0.02553864608326155,0.017484961393562724,-0.03868136274620245,0.009233590978562255,-0.035639176193265114,0.043791857986050946,-0.05762561076436322,-0.0904033686789032,0.011120791509567669,0.033679853637793425,-0.06899212113798203,-0.019363862293436982
behind,behind,0.31984639655072267,-0.0024585235985998734,0.4607225135101872,0.46500855871851254,0.09925202638761702,1.0000000000000002,0.5327009468124833,0.25825143065631245,0.4167187654128412,0.37743421640996455,0.45611930462036854,0.24836882044638753,0.0650101186054312,0.2794606183731442,0.28352030268699147,0.21467934180413184,0.30144688612903636,0.23374554075616888,0.2422217716388486,0.10269113811989483,0.3180707970335826,-0.03659989471607379,0.01502500135366943,0.05111784364143294,-0.042073299656252575,0.1174084186005963,-0.02954201482752365,-0.04500281000678967,0.22349056516341115,0.020511509410214953,0.07098072378599901,0.14587997563553265,0.20599738813656168,0.31226763125411366,0.23813537351901032,0.12317791198816426,0.10049161213253202,0.2621006453531718,0.20771892568515538,-0.10712278860696128,-0.04271513338164778,-0.05891602042709426,0.08687238633069534,-0.08500473572418113,0.037503367606143416,0.025466201784763817,0.1872389896772847,0.025838257302928307,0.05542384692521278,0.03234090983651072,-0.020194257150615985,-0.04858282310831569,-0.05778916474572255,0.054851347116612104,0.3859004567687575,0.026599090249473822,0.3742386161769879,0.09520613093886837,0.023890239520779195,0.30848278202527923,-0.07372423418731539,-0.02749401705864487,-0.03457922425368236,0.1263339747095521,0.06252127580304172,-0.055562009933133136,0.2484235169752615,0.17528106068060156,0.23301453135360672,0.24964345872934457
in the front of,in the front of,0.4031600006787378,0.01876040685207528,0.36424775402493625,0.6245001650843718,0.1511646731370715,0.5327009468124833,1.000000000000001,0.31740936625308447,0.6137336282106857,0.230891354335843,0.5855963033231155,0.42729176045521666,0.13469615683272707,0.32399712325159513,0.47415899193244193,0.25157726143135084,0.31035442536152363,0.2818908552941777,0.38760624320510617,0.19070821030825774,0.44527708770373586,-0.011997314997219285,0.07082983756545881,0.040090910923814935,-0.10000066839529564,0.10211316200443019,-0.0552740906076771,-0.0007927258123557397,0.3679010278132864,0.028264205032055692,-0.005615686187294751,0.16552980454948957,0.17209199924800275,0.2562406143146711,0.3138987896414851,0.1326295395192481,0.027323887104366618,0.33962726705689117,0.23725357694424604,-0.14979519766718052,-0.005673538317968546,-0.04908936335961056,0.05483466274405556,-0.05989049720209433,0.011740627758853487,-0.039511786912202425,0.23958716582372078,-0.047131482294932095,0.07199540514103162,-0.005465348602613066,-0.11243089150484926,0.04418009293768342,-0.03879564630578146,0.0070024910980458575,0.3479133818627047,-0.08299503759768749,0.4624674809893553,-0.007842440841556702,-0.07793164941187057,0.4566259166573522,-0.07117607280012626,-0.11689951103673162,-0.04525443018894624,0.20692447197507807,0.01202584074496396,-0.13010033268441065,0.28311666134601954,0.21698880965996384,0.2852627730556474,0.2725417777943708
under,under,0.2574649074157757,0.07400850661324102,0.2732901882457136,0.3151771503308278,0.08214238357209303,0.25825143065631245,0.31740936625308447,1.0,0.30006579862548655,0.23331133946798888,0.2583078295032539,0.24911773922129618,0.05160598644872086,0.2905035054920635,0.3145726286123939,0.06391653786741178,0.4035626507648784,0.08461958289010879,0.22984551479171395,0.08538953500733928,0.2505732900712798,-0.05245898941431958,0.13379440600956677,-0.03699679685112321,-0.04974047302224699,0.06016013232321411,-0.030099705237177123,0.032945362964279065,0.1729010209041229,0.03564399794791809,0.10855711198045591,0.14876667523894646,0.027615797268522528,0.27371284883914804,0.2304853348627942,0.055048255691922614,-0.06978154857957589,0.17930389218675735,0.11395946080891141,-0.05313846136399089,-0.12862343614464367,-0.012588813121819517,0.01626577448111538,-0.14065880538515665,0.03756541014593577,-0.11519821913573972,0.11563098555765355,-0.018344681446446062,0.0039051061849826943,-0.0034789944727792108,-0.1073545851380735,0.05855806221192968,-0.022139176135913707,-0.06055170587272402,0.07785150236787053,-0.11749810441203705,0.09337770251349221,0.0709803161016811,0.003814667381194313,0.1948505171553015,-0.10644811972861043,-0.07905102731273773,-0.03474080405139903,0.4744060001745523,-0.025371354466346936,-0.005729649820213071,0.08623775529923171,0.37752983336573454,0.08343250552787998,0.09018471498779151
near,near,0.4152213396250508,-0.01720460661622905,0.35521015384040266,0.6937976255950722,0.07952737220784886,0.4167187654128412,0.6137336282106857,0.30006579862548655,1.0000000000000004,0.25363838726810506,0.5877869901342863,0.3690017133148834,0.07947901140686728,0.34199439444465346,0.453451605485667,0.1782563070736367,0.28508501102395173,0.2171593218089437,0.3798349995161153,0.2871320965500014,0.39891814398270276,-0.03416111283281279,0.1020325284259641,-0.05536747907452688,-0.05855148708621249,0.18621411883579736,-0.02353965551575109,-0.06550314744338431,0.3907367287983169,0.1003332637530325,-0.023233710923855285,0.09448684844378477,0.12900828445732831,0.1892554219729835,0.29631631471619224,0.11339080804878753,0.03208602549925582,0.2662341089857776,0.3086719764829099,-0.12832011750509573,-0.010185873985851204,-0.04971977426412328,0.06921463618338944,-0.0661120568873012,0.1280774415489496,0.024117763388485786,0.21717357420426125,-0.05666614189488009,-0.017489556699396572,0.10094779814095581,-0.07148943655473086,0.06364006095175079,0.0050894374994500426,0.03626731696609768,0.25228317903648184,-0.10310239326777981,0.3223386247829382,0.12865628181176894,0.015105319008782508,0.3160965389731475,-0.026997799729369835,-0.11810465890067987,-0.011706025727346775,0.1875148132500456,0.08417999139388502,-0.09967826886760996,0.23306004633379815,0.20996410272573068,0.24137270289360824,0.2937614606700536
below,below,0.09829623746053366,-0.04269895434748986,0.6344057905208569,0.23219029566107963,0.047941750890308096,0.37743421640996455,0.230891354335843,0.23331133946798888,0.25363838726810506,1.0,0.2301117089409907,0.040430454789896826,-0.03984346471970415,0.23444135833451624,0.13859102031838244,0.22849994767497644,0.38466564215758636,0.22609403016425816,0.038824798632731916,-0.027868342466447565,0.23503415299799305,-0.10074766030676484,-0.009594782311040833,-0.029402025498503483,0.010829099497723886,-0.0033654082516186568,0.041436781286664226,-0.03447110141870836,0.1155571001131635,-0.02826294946910979,0.014799650652516172,0.10885263024825065,0.16913701793962171,0.23005180438513986,0.1181266990837057,0.08866054020304331,0.16372178376655108,0.12512742909695762,0.23156412647805666,-0.10495687899530495,-0.1265612401452634,-0.03396580807060483,0.11450691989115552,-0.022549331322938872,0.013751425510765417,0.04774863769107556,0.0229778192471145,-0.029444064491437667,-0.02862880360846341,0.09881274188987826,-0.0300418419609726,-0.06360669891109098,-0.012441043809106218,-0.04460958242396329,0.14614731473322484,-0.008315204576365174,0.18281197730554938,0.05396952759740186,-0.057613570503584746,0.1959868464504859,-0.16728801648481884,-0.06446485768443119,-0.0204855272089092,0.1239090787814858,0.06662031236737201,0.04601380261313471,0.10033030746234711,0.13694771196763755,0.11550153500971375,0.13068539328958068
beside,beside,0.3351550585861083,-0.003224600058087026,0.3569748432612866,0.6581598954161196,0.08526878607975566,0.45611930462036854,0.5855963033231155,0.2583078295032539,0.5877869901342863,0.2301117089409907,1.0000000000000002,0.3173851444670298,0.05751518019418822,0.3061805731919163,0.4256056134270685,0.2573954116120129,0.389336551994632,0.27251897862156316,0.26418956866899374,0.16909515133300046,0.42817744908848965,-0.05991707091869137,0.08570026414452675,-0.040731757312174544,-0.13213131244136792,0.10422181364686631,-0.10167877842881506,-0.0318944549054947,0.29378319761873245,0.03897237814159921,0.049926913898782496,0.1645011300861437,0.0952273296293793,0.2749255368957567,0.29540040346305624,0.13054907135217617,0.1480898392267794,0.273036099965163,0.32267569432376997,-0.12108129513387866,-0.028819518227008397,-0.013031881482074667,0.06769399218261031,-0.007575343370809404,0.16406667534186775,0.0079803481927514,0.2644448060781826,-0.06520093776232386,0.023180519681751312,0.13933380299228676,-0.03025537758160589,0.1244554796777481,0.06705623426737838,0.041145669025428225,0.30894629634691206,0.047279100243196606,0.3788023012466152,0.14414489837110106,-0.019052909260827908,0.3786284486206931,-0.12121962940301934,-0.07187174732786462,-0.06849854841452586,0.21239609575288743,0.11128219007691978,-0.06603467383230388,0.261106246328564,0.2379136456846938,0.2608423030206004,0.32031520562264115
in,in,0.6289802484383721,0.2717154779433239,0.2491186515651583,0.35223964602365465,0.06578808016143571,0.24836882044638753,0.42729176045521666,0.24911773922129618,0.3690017133148834,0.040430454789896826,0.3173851444670298,1.0000000000000009,0.04926355115910361,0.3394101926973353,0.4273548591575005,0.022607195202110165,0.16243164355220469,0.03271937261512815,0.3799242100471256,0.2791050023174823,0.35636478299144314,-0.019704584233704997,-0.02118375612155716,-0.08014208828199683,-0.13003419368271946,0.17366620914975178,-0.15318579833197765,-0.07442064308559367,0.45986425629853056,-0.08374067909849219,-0.10612030501238605,0.06675515933116011,0.03356119319404678,0.3275435359105373,0.27124657837341787,-0.02353796828921842,-0.04295867649943724,0.37109247336629175,0.09987998942800355,-0.10969532490212837,-0.15326965633117,-0.12178159099780184,0.037511377087822914,-0.0672995667780386,0.11724677316254682,-0.1350829914909169,-0.006422356572168808,-0.030538608112883756,0.0831865874821693,0.015615229980156442,-0.10863676058113145,-0.06954521300928185,-0.05525257761717367,-0.038823919956803364,0.015523906701176784,-0.17022734451236676,0.04547557778498864,-0.024044195021874357,-0.11288996550350056,0.2743780105306036,-0.08223936277330754,-0.12732250076076562,-0.12165291829588498,0.039800740238081646,-0.056111670440114766,-0.20231041126387933,0.023756705352633006,0.06814401891869697,0.054237612343810554,0.07766728285910615
hold,hold,0.08523413093473592,0.23450132601666887,-0.03212463308695351,0.1353275752606965,0.2194202650787231,0.0650101186054312,0.13469615683272707,0.05160598644872086,0.07947901140686728,-0.03984346471970415,0.05751518019418822,0.04926355115910361,1.0000000000000007,0.019996595618563907,0.11277725413209772,0.07229896725432834,-0.023184926365317368,0.05638279360688413,0.21950651284380482,0.22494027901308106,0.09052702602376081,0.20352060640630382,0.4121025655101265,0.21614990985274526,0.20003562385202467,0.1765460187888747,0.1622868608290009,0.25281349479177073,0.08742759184508497,0.06194059203219532,0.13501315363408706,0.13859646191081343,0.11647405824715479,-0.005498872578929944,0.08848009531266265,0.06794625817844147,-0.014767142662165039,-0.011645591408389609,-0.011510632483804698,0.17354496888398857,0.11310959222301645,0.19354776773653096,0.14559848649456314,0.17180184069298038,-0.05008173984784489,-0.04234667972477914,0.20974923441254656,0.2171292527755082,0.18472559737176975,0.062174900595845115,-0.0161338586449416,0.3475442645143574,0.006731967358078558,0.06402759540710104,0.24538981542867666,0.09618229497033472,0.1850391266607046,0.0752942968811631,0.18558255433978782,-0.08432773010592305,0.2131715722124017,0.04913777364109568,0.11558825874362334,0.14732795683747585,0.023080236570445264,0.007375864144099837,0.18875527806780282,0.19673374870448196,0.1405142935208305,-0.020215496146062304
over,over,0.3926334790883603,0.07784950965001877,0.4112284748078318,0.3197242606107481,0.052559587256436974,0.2794606183731442,0.32399712325159513,0.2905035054920635,0.34199439444465346,0.23444135833451624,0.3061805731919163,0.3394101926973353,0.019996595618563907,1.0000000000000009,0.35049690339804135,0.06686682722597531,0.2609818976264361,0.08614357342877707,0.2165666006610793,0.19035558238621123,0.3833057965354996,-0.03155869077086263,-0.0002621052413313285,-0.11417634026851256,-0.07637674418809016,0.2232561655107607,-0.05434074449586862,-0.0004750033884886283,0.2997962511338077,0.025852451754789292,0.004164300487257969,0.09380299217675779,0.05572778645047257,0.37988551485275585,0.3175710386982536,0.04461084415014711,0.02265430490483447,0.25638043297719354,0.13131352901364923,-0.15239076338943408,-0.15236720370176,-0.17127095252384578,-0.025695718635696668,-0.09360764514305786,0.09830058937171798,-0.011976306293562364,0.18268862992506582,-0.011685895574679365,0.018182228224905908,0.012847681568893682,7.413295099964468e-05,-0.020093592687284903,0.026428404340547273,0.02556931291173023,0.09151735039791802,-0.07246397862660642,0.15362663818880087,0.14103057197421406,-0.05266333325750841,0.2018984260881483,-0.1552685505193907,-0.09101994294173472,-0.0641840437531176,0.18223559052346575,0.07769691669293563,-0.04674241482308889,0.05221425044589445,0.05775550346745999,0.08639088806384926,0.16907930437928803
by,by,0.4374654233717421,0.0655616520086017,0.2605211710812614,0.5059078528064065,0.0992728426468325,0.28352030268699147,0.47415899193244193,0.3145726286123939,0.453451605485667,0.13859102031838244,0.4256056134270685,0.4273548591575005,0.11277725413209772,0.35049690339804135,1.0000000000000004,0.038173738744916655,0.24662741417124345,0.09449059871899995,0.3390084256334077,0.2422933302717951,0.3169863946827316,0.010594988130341002,0.0401331368434502,0.013668220218529384,-0.12194849484757055,0.1148911671125987,-0.07035136134401763,0.07904984179251388,0.35998451696296696,0.016823459909452824,0.04379469555880078,0.07316857889144214,0.10061450840714561,0.24631241993932218,0.29442017424368216,0.04630395495237575,-0.0732258976542718,0.1855810481240873,0.12535340319938443,-0.11438132501808984,-0.04687458455538518,-0.08885093141297348,-0.02427808305313372,-0.08472842804151406,0.09097280901560412,-0.12832173606245187,0.10172621780331914,-0.04779232254568607,-0.0027106199460052785,-0.015170485067553134,-0.10084751446885573,0.026729233590496674,-0.06052478453037971,0.055392194115096535,0.12337398594147905,-0.13516067304268276,0.17288939832697559,0.02407804733692038,-0.0980417351004551,0.23168720273943744,-0.08910146645883288,-0.11218097710300418,-0.06427149679321925,0.11324961423539018,0.08114739216320849,-0.1179960519616555,0.16403359513117455,0.14440038979394662,0.11318201898773007,0.16175554110226675
on the left of,on the left of,0.09308325515658131,-0.082479861486698,0.14750048089042195,0.19411646599614782,0.0519563778016378,0.21467934180413184,0.25157726143135084,0.06391653786741178,0.1782563070736367,0.22849994767497644,0.2573954116120129,0.022607195202110165,0.07229896725432834,0.06686682722597531,0.038173738744916655,1.0000000000000004,0.2830097291584697,0.7861692312931816,0.032220478422897436,0.0944819112714024,0.202401012225365,-0.08283946928269642,0.10206130716146891,-0.030877623851732157,0.09801572289926853,0.1996886614748824,0.07041127383401123,0.0018134253749502432,0.12075674002582819,0.0239750800332009,0.09571497349195526,0.18572866530582413,0.07345557352879134,0.13366582457524775,0.06397764914905144,0.22239476590037302,0.18718959914273375,0.09945996892642989,0.346046837146614,-0.012582155596244255,0.01208375849360108,-0.0013998709832023816,0.05814478936147956,0.010754766227020714,0.171452334859794,0.1580503089379921,0.231610070083952,-0.0807062577918341,-0.022432720391376615,0.34093571478471646,-0.038206301107519686,0.056703863759092546,0.12158586666285241,0.17403116868359322,0.30133076983633134,0.03909969119857654,0.27204016556377314,0.22923562095309713,-0.07440272054499825,0.19825749344854787,-0.024671808413948643,0.041741980622879066,0.03825797080053641,0.1847570110526876,0.11486325495801106,0.010128660239625631,0.19591332892202973,0.2045046520492347,0.21941669923360835,0.250358601437554
beneath,beneath,0.1578628551153749,-0.04424006961220235,0.3563308870347519,0.31129800456903056,0.0073626819522721616,0.30144688612903636,0.31035442536152363,0.4035626507648784,0.28508501102395173,0.38466564215758636,0.389336551994632,0.16243164355220469,-0.023184926365317368,0.2609818976264361,0.24662741417124345,0.2830097291584697,1.0000000000000002,0.27289905778208623,0.11026153849878216,0.10030225412397174,0.32781573143503573,-0.048288694306681326,0.0541665828005904,-0.016024033594701576,-0.0850486950575268,0.11165092994041403,-0.0730609184075441,0.09995087011456869,0.10768985758763586,0.03517134338112622,0.20383457579637926,0.23230373133616225,0.10424275242883932,0.3428940853276421,0.18890684585700918,0.11620942571353834,0.196610658517899,0.16056710303154875,0.3785983734507691,-0.0988819674727005,-0.0695375364878874,-0.0017280604339870512,0.06173467542412787,-0.09934365794279726,0.10240025244284481,0.09318297206897601,0.20468902424144836,0.0016190134543630427,-0.03759105809244556,0.32036308457336415,-0.019758776848002285,0.11675053227621832,0.15680697157932827,0.0049640417458706836,0.2611698365320519,-0.016200513648156015,0.27075692563512277,0.2863473493477891,-0.0013985199052269914,0.22103452814935592,-0.11264011432257821,-0.09478102870390023,-0.049403016069540825,0.332365463694251,0.17070087391758196,0.02751810593424916,0.18729257346692868,0.30373919000057237,0.24945120973390317,0.1830236248278594
on the right of,on the right of,0.14519457578270886,-0.11540447003043919,0.15142951419113376,0.22335052984722203,0.0357511976991907,0.23374554075616888,0.2818908552941777,0.08461958289010879,0.2171593218089437,0.22609403016425816,0.27251897862156316,0.03271937261512815,0.05638279360688413,0.08614357342877707,0.09449059871899995,0.7861692312931816,0.27289905778208623,1.0,0.0616314749289628,0.1739843303405716,0.2028726701037433,-0.037153050304771146,0.0883213151558858,-0.03560672290703539,0.11786430718314697,0.26298913568979965,0.11333538146280653,-0.026863136915699685,0.12838562917129528,0.059900006578991555,0.026325872643187885,0.16637752163461922,0.08380116958493661,0.12117560940811122,0.15393146046861161,0.20478850596739276,0.1164263143097686,0.04678027003522313,0.3349520696692623,-0.011458089854536918,-0.012660084851215723,-0.03553657848435962,0.06407730017227502,-0.01157530900010803,0.16272122043983478,0.13469681210540788,0.23593864687472804,-0.07162870918172774,-0.03221882226204915,0.3361941671298495,-0.11752729568668599,-0.011919330404034447,0.12638665083145983,0.19145511930818415,0.2815238070689707,0.06693345552778236,0.27211674876514025,0.2347225758712469,-0.06891448615741101,0.20387069229534438,0.031201494972455578,-0.043832764028458995,0.08496108875327245,0.1967633847889534,0.20691798195385447,-0.0028682914259544586,0.23240718273227992,0.1627097381925117,0.20911568437322647,0.208823330778076
with,with,0.41138082583813806,0.1824503959100241,0.16106925144623005,0.4052888259690013,0.362289577194707,0.2422217716388486,0.38760624320510617,0.22984551479171395,0.3798349995161153,0.038824798632731916,0.26418956866899374,0.3799242100471256,0.21950651284380482,0.2165666006610793,0.3390084256334077,0.032220478422897436,0.11026153849878216,0.0616314749289628,1.0000000000000009,0.11329147903528569,0.22301751922989127,0.029862946022811362,0.16609869414704298,-0.024616332388230786,-0.12038203157143264,-0.030586393966585117,-0.0676571156971851,-0.07308777535450475,0.23875793819901564,0.07917497002646098,-0.11601706388949713,0.024007135433968815,-0.057890986458490716,0.0806809623780647,0.1849781070769702,-0.015101870723649708,-0.08469848420324426,0.07780508253703766,0.051062760972992983,-0.07249889961565967,-0.1586123595663734,-0.08499013355435059,0.1350591111966073,-0.09966624956210418,-0.08640000835742756,-0.17799121937590717,0.06053171724018457,-0.06656687693561265,0.05452656225369204,-0.07390505642583355,-0.25756966405608983,0.040463886669920304,-0.14567722833030564,-0.10182359904134561,0.02672442368583826,-0.17965924895133528,0.11823131107434895,-0.06297089001489338,-0.13606410553356946,0.06837843398534274,-0.14500323210884605,-0.11155989069501147,-0.171617657239709,-0.010433074156273904,-0.09547734860298107,-0.17971343568736767,0.05654683457067695,0.029436615597595882,-0.030648383215299228,0.0578272203199046
sit on,sit on,0.47670360080231194,0.18077131874834512,0.05974772923083594,0.2696803443491158,0.06579303813199289,0.10269113811989483,0.19070821030825774,0.08538953500733928,0.2871320965500014,-0.027868342466447565,0.16909515133300046,0.2791050023174823,0.22494027901308106,0.19035558238621123,0.2422933302717951,0.0944819112714024,0.10030225412397174,0.1739843303405716,0.11329147903528569,1.0000000000000004,0.346517454902879,0.16613380022961705,0.17465506508578568,-0.020283200430133645,0.12443811604396694,0.6250522787640196,0.1896610182976073,0.08553464390063434,0.24012410776405366,0.16222244771083003,0.0849043019731703,0.26487133325719414,0.0977920857915089,0.11721969786490266,0.17471916213380861,0.10601181845703075,0.05530196235560676,0.12586913017650136,0.10605664564433188,0.050205876926458747,-0.011768422899138934,-0.02335360146779482,0.07699220181257532,0.04265444887801028,0.40904185539280147,-0.01800694392281759,0.3469616897284825,0.11773434817784018,0.016818988074970814,0.41957345170478266,-0.05391880984082205,0.1823575165369376,0.3816468726879893,0.14913804633987435,0.21325291663588425,-0.07350138337510159,0.300130029374424,0.4488116073933433,0.03620806118763756,0.033805556362275724,0.12750754723235364,-0.06228143932890668,0.05055005479583255,0.16546662745949348,0.21406655092757754,-0.012822603225753244,0.18482722610565772,0.274404315742524,0.22931984955505197,0.1756926969808833
on the top of,on the top of,0.5071636175138502,0.07467316340124143,0.30483139234613904,0.49968103802642405,0.11360872499561198,0.3180707970335826,0.44527708770373586,0.2505732900712798,0.39891814398270276,0.23503415299799305,0.42817744908848965,0.35636478299144314,0.09052702602376081,0.3833057965354996,0.3169863946827316,0.202401012225365,0.32781573143503573,0.2028726701037433,0.22301751922989127,0.346517454902879,1.0000000000000004,-0.050653508848311546,0.07482536293984814,-0.1670165089453453,-0.15877625403791296,0.29621139486954917,-0.1193288787124308,-0.0007571607457591903,0.2753782021491246,0.13755271754094514,-0.032116680291756974,0.2610690358873722,0.07439831401499634,0.2625860197745945,0.3035160720545309,0.045903195696769886,0.07189978527136373,0.35879387005045793,0.1584740358394921,-0.11901350462665866,-0.17753347779174453,-0.07990545671536445,0.2084804474686476,-0.03791009309784525,0.1833410147970993,-0.0736014300647255,0.1756007353026559,-0.11671847446132885,-0.018341417542909487,0.15499689719070395,-0.06988478773458404,0.035130375244582845,0.09702297265207155,0.10328033383529203,0.2167569475753543,-0.1212267146328487,0.256407619866187,0.23373597229855142,-0.08835814016148376,0.24711302752214664,-0.1505199757844216,-0.10479671871926262,-0.11954345286888346,0.1334069601377721,0.013711475344711812,-0.09280621130068634,0.09501059198988439,0.20775723542574812,0.1488644988206661,0.2270503094239123
ride,ride,-0.03214607763816184,0.09005869174890907,-0.06152053907380334,0.03919890800975935,-0.018222322526625936,-0.03659989471607379,-0.011997314997219285,-0.05245898941431958,-0.03416111283281279,-0.10074766030676484,-0.05991707091869137,-0.019704584233704997,0.20352060640630382,-0.03155869077086263,0.010594988130341002,-0.08283946928269642,-0.048288694306681326,-0.037153050304771146,0.029862946022811362,0.16613380022961705,-0.050653508848311546,1.0000000000000007,0.24124121570339713,0.19256021520346545,0.12151507329217921,0.1692216754536417,0.11517678783406674,0.10617710278622053,0.015781635784484112,-0.05094408110402,0.09841820591988011,0.041656019574459004,0.08392915790541583,-0.13791600379565722,-0.042974704172260625,0.10730685893100149,-0.047105152428382285,-0.09403788574033761,-0.028623559195455728,0.3222432399548677,0.1851246459945609,0.20803103935188405,-0.1424249263327187,0.4005013327424542,0.05538694589950388,0.14906042511794937,0.11731915420774106,0.09317110341738585,0.07120530462569416,0.02507887434319956,0.07795199890070412,0.15562436794490508,0.009169093611878391,0.17230848025012285,0.04858798845121093,0.20678173842067976,0.07439019202408158,-0.020012564798774002,0.1499449030531681,-0.06941029471707742,0.4817373857114423,0.14519345350784651,0.3122127996438411,0.08642856776420037,0.16688419930828602,0.03148377164521984,0.2784317610714642,0.08629877835914863,0.1951399776196629,0.13836184076790325
carry,carry,0.004334733739493432,0.23087998076535082,-0.01514507933481914,0.07117939160741776,0.16357972853054925,0.01502500135366943,0.07082983756545881,0.13379440600956677,0.1020325284259641,-0.009594782311040833,0.08570026414452675,-0.02118375612155716,0.4121025655101265,-0.0002621052413313285,0.0401331368434502,0.10206130716146891,0.0541665828005904,0.0883213151558858,0.16609869414704298,0.17465506508578568,0.07482536293984814,0.24124121570339713,1.0000000000000007,0.11034032266408236,0.04111994533375645,0.16094059614654724,0.05621425050779233,0.17904287696257085,-0.014143359731714794,0.03860428646900081,0.14565756903288446,0.2713465504359105,0.11709917639978762,-0.015203557694529878,0.03626741677205983,0.09628832393195745,0.07262776064975007,0.03771120945992973,-0.008469870735513241,0.20602160959676505,0.13577317439011208,0.37558243075903897,0.3246733391418752,0.3034304020440125,0.044005966263284735,0.1091838638267475,0.28330431745228757,0.1643214466571353,0.08616308891527352,0.11567657406471665,0.009701145296741029,0.33505735549651516,0.18453888039561797,0.23640786490124743,0.24194756521201713,0.3115296709320109,0.25316079861518553,0.195724886283426,0.2788892117169673,-0.03215240835946036,0.25343654589644393,0.1478370694334798,0.19489625708038635,0.21048369998553484,0.1433909639830481,0.09658573473309792,0.23425659502843657,0.23059235468913675,0.21709522430721884,0.07809428698451112
look,look,-0.07585892100801347,0.021897057911653972,-0.06127275462140602,-0.03075842329139985,0.0615923727570026,0.05111784364143294,0.040090910923814935,-0.03699679685112321,-0.05536747907452688,-0.029402025498503483,-0.040731757312174544,-0.08014208828199683,0.21614990985274526,-0.11417634026851256,0.013668220218529384,-0.030877623851732157,-0.016024033594701576,-0.03560672290703539,-0.024616332388230786,-0.020283200430133645,-0.1670165089453453,0.19256021520346545,0.11034032266408236,1.0000000000000007,0.13964160491322408,-0.027796365707741952,0.2140704270323377,0.16241422470721095,-0.26667889028287767,-0.011404030619851627,0.12056672047756956,0.0018618082734720431,0.24142145875718024,-0.11701276708742592,-0.02839014266683245,0.1203638472989029,0.0004931286612557678,-0.11207296794103835,-0.043221983130576604,0.22612813356131056,0.1497843690921273,0.20196541481220853,-0.07499667497232848,0.15407913297952164,-0.062039347762568864,-0.0023332393173077226,0.05066051560678703,0.2303721738578634,0.233801994855255,0.033456869355765334,-0.04019470154270824,0.10213718660588306,-0.019545429259518694,0.008110661518700628,0.09021206551131714,0.1246453573842516,0.05679166319230636,-0.03058404582698657,0.14739731304190304,-0.11073354182645953,0.28987857943689466,0.09709615618777621,0.1747041241844353,0.03471316384728005,0.038089835503038294,-0.023599012490807064,0.13432850594467471,0.032415936407018425,0.16893353945106657,-0.02158074709047073
stand next to,stand next to,-0.05312079015438339,-0.06101161048806558,-0.07056991040243353,-0.12211205352439,-0.021781638078919505,-0.042073299656252575,-0.10000066839529564,-0.04974047302224699,-0.05855148708621249,0.010829099497723886,-0.13213131244136792,-0.13003419368271946,0.20003562385202467,-0.07637674418809016,-0.12194849484757055,0.09801572289926853,-0.0850486950575268,0.11786430718314697,-0.12038203157143264,0.12443811604396694,-0.15877625403791296,0.12151507329217921,0.04111994533375645,0.13964160491322408,1.0000000000000009,0.16380120426934364,0.7792273425796818,0.08491901945171947,0.002224939773032739,0.022145039192372852,0.05568939229333997,-0.025447558845546534,0.15384739859561253,-0.07710240131658735,0.02631159319551995,0.2063202362727077,0.0181466127396089,-0.14140348878857345,-0.04111328281543841,0.14840587999146326,0.1000567563325162,0.08600697062493474,-0.16710793534122892,0.15980539285817608,0.03153803344273329,0.14391005256245654,0.10627414485247555,0.10845951228384354,0.09364901654076235,0.08060689709220235,0.101573210706737,0.0649533647572802,0.09015785388286239,0.04629596111923787,0.15078056453859143,0.20035888731164642,0.10227869369103466,0.04369299342135437,0.16591962527428147,-0.055777057754768974,0.30792533784533027,0.11071448210977375,0.6862963353171752,0.13644479738496998,0.03416198694330582,0.6158855008129953,0.19036743908917603,0.05935594749056546,0.12057944613446643,0.006790458966215298
stand on,stand on,0.346704375293444,0.17752387781145126,0.06422875898372896,0.1543938150134499,0.051507487744072836,0.1174084186005963,0.10211316200443019,0.06016013232321411,0.18621411883579736,-0.0033654082516186568,0.10422181364686631,0.17366620914975178,0.1765460187888747,0.2232561655107607,0.1148911671125987,0.1996886614748824,0.11165092994041403,0.26298913568979965,-0.030586393966585117,0.6250522787640196,0.29621139486954917,0.1692216754536417,0.16094059614654724,-0.027796365707741952,0.16380120426934364,1.0000000000000009,0.07193985510595584,0.11147563224762093,0.2216300330300239,0.053673397347038576,0.10449841966222585,0.20384384430239486,0.15980063910719303,0.18442644899095711,0.17825691904332558,0.09918136510855945,0.16026539153634856,0.07755304941079331,0.17047527283465147,0.047234959697420274,-0.009222186241627947,0.017440702800160073,0.05921613989010094,0.05396339445065658,0.4623782837400033,0.1598908136067645,0.3540705488729091,0.07974043799499331,0.014631178432442792,0.3992539284706872,0.044360822176628095,0.19133858625017341,0.37642541587384803,0.22824702865703136,0.3230752142482507,-0.01723005280441226,0.286480075255103,0.41555946967857776,0.058161059268550294,0.00520785080953446,0.24680435400513417,0.02418323723081682,0.13859987553012254,0.2786334054007366,0.347998794080852,-0.01893321297935208,0.2596617011840412,0.22584417595262013,0.27892143724667573,0.21783908863430818
sit next to,sit next to,-0.051741954424061,-0.08856572971661203,-0.07976604986160477,-0.03327355063010643,-0.012833097507767021,-0.02954201482752365,-0.0552740906076771,-0.030099705237177123,-0.02353965551575109,0.041436781286664226,-0.10167877842881506,-0.15318579833197765,0.1622868608290009,-0.05434074449586862,-0.07035136134401763,0.07041127383401123,-0.0730609184075441,0.11333538146280653,-0.0676571156971851,0.1896610182976073,-0.1193288787124308,0.11517678783406674,0.05621425050779233,0.2140704270323377,0.7792273425796818,0.07193985510595584,1.0000000000000007,0.09043503631976763,-0.053699243132225065,0.06737223846727307,0.03627000042062823,-0.03184080745147426,0.08750151150686246,-0.11677727352827724,0.017086666705429996,0.22575279984900717,-0.03847172542173602,-0.16102278945772394,-0.03691068023098551,0.11341914923436414,0.04503492488716158,0.03895196697654552,-0.1398784527758388,0.1521026918590328,0.03326451002321267,0.06853713715763611,0.08024747977803588,0.13220598796353725,0.0839800601262966,0.10207525855536258,-0.0060966899570861835,0.10517083120915095,0.13008720914921512,0.012034742275208617,0.07320435350046473,0.10963875702250145,0.09201357909511995,0.11446519144204796,0.1246179792076905,-0.05042006756011876,0.19823291774936044,0.09005734529738979,0.6159117205840636,0.0968720417208154,-0.015377768674170324,0.6329198017824706,0.13272157271730345,0.10937217820549669,0.08339107343394447,-0.0026456592518153046
use,use,-0.0738872534851519,0.1409763244618094,-0.011411348270640241,-0.06737503598030527,0.04166955017682311,-0.04500281000678967,-0.0007927258123557397,0.032945362964279065,-0.06550314744338431,-0.03447110141870836,-0.0318944549054947,-0.07442064308559367,0.25281349479177073,-0.0004750033884886283,0.07904984179251388,0.0018134253749502432,0.09995087011456869,-0.026863136915699685,-0.07308777535450475,0.08553464390063434,-0.0007571607457591903,0.10617710278622053,0.17904287696257085,0.16241422470721095,0.08491901945171947,0.11147563224762093,0.09043503631976763,1.0000000000000007,-0.02957701175540933,-0.08921772961611107,0.19624751238609997,0.18018758026324144,0.20345272257144945,0.02313644904493154,-0.0013472412962458255,0.029988549337269795,0.032705698912018875,-0.09342200778391081,0.06119737298667505,0.08390666582763716,0.25573177166713945,0.10560665156778515,0.08067295893010969,0.08709685745545802,0.02413142507597734,0.1264523998858525,0.2084922395554929,0.20682803512834302,0.07790447589968937,0.07219705046595065,0.1216305190972993,0.26230942510580013,0.14326087593928297,0.13730818454274954,0.1696361580022058,0.10596681744760558,0.22114691116264945,0.1306048843495008,0.2711871229601283,-0.017694723594772074,0.03754941169264503,0.034015890986146026,0.0678370275572775,0.21252280587012443,0.12499836821255095,0.10001044394935102,0.23118998798066828,0.19358412294418909,0.17599376613139167,0.01578753648928988
