[0 0 0],4,0,4,0
[0 0 2],7,0,7,0
[0 0 3],472,130,602,0
[0 0 4],4,0,4,0
[0 0 5],295,58,353,0
[0 0 6],159,40,199,0
[0 0 7],1,0,1,0
[0 0 8],200,42,242,0
[0 0 9],4,0,4,0
[0 0 10],148,25,173,0
[0 0 12],41,4,45,0
[0 0 13],1,0,1,0
[0 0 14],53,16,69,0
[0 0 15],92,23,115,0
[0 0 16],1,0,1,0
[0 0 17],97,19,116,0
[0 0 18],17,1,18,0
[0 0 19],1,0,1,0
[0 0 22],3,0,3,0
[0 0 23],26,7,33,0
[0 0 24],59,12,71,0
[0 0 26],52,9,61,0
[0 0 30],8,0,8,0
[0 0 32],33,4,37,0
[0 0 33],13,1,14,0
[0 0 34],2,0,2,0
[0 0 36],5,2,7,0
[0 0 38],4,0,4,0
[0 0 40],11,1,12,0
[0 0 45],10,0,10,0
[0 0 48],8,1,9,0
[0 0 51],1,2,3,0
[0 0 54],3,2,5,0
[0 0 55],2,0,2,0
[0 0 56],6,1,7,0
[0 0 58],2,0,2,0
[0 0 62],3,0,3,0
[0 0 65],1,0,1,0
[0 0 66],2,0,2,0
[0 1 6],3,0,3,0
[0 1 7],64,28,92,0
[0 1 9],34,9,43,0
[0 1 11],2,2,4,0
[0 1 16],9,4,13,0
[0 2 0],1,0,1,0
[0 2 3],23,1,24,0
[0 2 5],2,0,2,0
[0 2 6],56,13,69,0
[0 2 8],8,1,9,0
[0 2 10],10,1,11,0
[0 2 11],2,0,2,0
[0 2 14],6,1,7,0
[0 2 24],1,1,2,0
[0 2 45],1,0,1,0
[0 2 59],1,1,2,0
[0 2 66],1,0,1,0
[0 3 0],5,1,6,0
[0 3 3],17,2,19,0
[0 3 5],12,1,13,0
[0 3 6],10,0,10,0
[0 3 8],4,3,7,0
[0 3 10],7,1,8,0
[0 3 11],11,1,12,0
[0 3 14],3,5,8,0
[0 3 17],4,0,4,0
[0 3 19],3,0,3,0
[0 3 21],3,0,3,0
[0 3 23],1,0,1,0
[0 3 24],1,0,1,0
[0 3 32],2,1,3,0
[0 3 37],1,0,1,0
[0 3 43],1,0,1,0
[0 3 46],2,0,2,0
[0 4 0],15,2,17,0
[0 4 3],25,8,33,0
[0 4 5],12,0,12,0
[0 4 6],21,2,23,0
[0 4 8],16,4,20,0
[0 4 10],7,0,7,0
[0 4 11],18,4,22,0
[0 4 14],4,0,4,0
[0 4 15],3,1,4,0
[0 4 17],3,1,4,0
[0 4 19],2,1,3,0
[0 4 21],5,0,5,0
[0 4 23],4,1,5,0
[0 4 24],7,0,7,0
[0 4 25],2,0,2,0
[0 4 43],4,3,7,0
[0 4 48],1,0,1,0
[0 4 62],1,0,1,0
[0 5 0],2,0,2,0
[0 5 2],1,0,1,0
[0 5 3],44,12,56,0
[0 5 5],30,15,45,0
[0 5 6],13,1,14,0
[0 5 8],13,4,17,0
[0 5 10],12,3,15,0
[0 5 14],5,2,7,0
[0 5 15],1,0,1,0
[0 5 17],3,0,3,0
[0 5 18],1,0,1,0
[0 5 19],19,4,23,0
[0 5 23],2,0,2,0
[0 5 24],4,3,7,0
[0 5 25],1,0,1,0
[0 5 26],5,1,6,0
[0 5 28],41,15,56,0
[0 5 30],1,1,2,0
[0 5 46],5,1,6,0
[0 5 63],1,0,1,0
[0 6 1],1124,273,1397,0
[0 6 4],299,91,390,0
[0 6 6],3,0,3,0
[0 6 7],2,1,3,0
[0 6 8],7,1,8,0
[0 6 11],59,12,71,0
[0 6 12],2,0,2,0
[0 6 14],1,0,1,0
[0 6 17],2,0,2,0
[0 6 18],30,2,32,0
[0 6 26],1,0,1,0
[0 7 0],48,13,61,0
[0 7 2],5,1,6,0
[0 7 3],6,6,12,0
[0 7 5],7,0,7,0
[0 7 6],6,0,6,0
[0 7 8],5,1,6,0
[0 7 10],3,2,5,0
[0 7 11],27,7,34,0
[0 7 13],1,1,2,0
[0 7 19],54,14,68,0
[0 7 20],2,2,4,0
[0 7 26],1,0,1,0
[0 7 30],1,0,1,0
[0 7 57],1,0,1,0
[0 8 0],1,0,1,0
[0 8 2],1,0,1,0
[0 8 3],11,7,18,0
[0 8 5],9,4,13,0
[0 8 6],11,4,15,0
[0 8 8],13,1,14,0
[0 8 10],8,1,9,0
[0 8 11],8,7,15,0
[0 8 14],4,0,4,0
[0 8 15],2,0,2,0
[0 8 17],5,0,5,0
[0 8 23],2,0,2,0
[0 8 24],4,2,6,0
[0 8 25],1,0,1,0
[0 8 37],1,1,2,0
[0 8 43],3,4,7,0
[0 8 45],1,0,1,0
[0 8 46],4,0,4,0
[0 9 0],5,0,5,0
[0 9 3],8,5,13,0
[0 9 5],1,1,2,0
[0 9 6],2,2,4,0
[0 9 7],1,0,1,0
[0 9 8],10,1,11,0
[0 9 10],5,0,5,0
[0 9 11],2,0,2,0
[0 9 14],5,1,6,0
[0 9 15],2,0,2,0
[0 9 17],1,0,1,0
[0 9 19],1,0,1,0
[0 9 21],2,0,2,0
[0 9 23],2,0,2,0
[0 9 24],1,0,1,0
[0 9 25],1,0,1,0
[0 9 37],2,2,4,0
[0 9 43],4,0,4,0
[0 9 59],1,0,1,0
[0 10 1],310,87,397,0
[0 10 4],99,40,139,0
[0 10 5],10,3,13,0
[0 10 7],1,0,1,0
[0 10 8],6,2,8,0
[0 10 11],12,6,18,0
[0 10 12],18,2,20,0
[0 10 13],1,0,1,0
[0 10 14],1,2,3,0
[0 10 18],15,1,16,0
[0 10 26],1,0,1,0
[0 11 3],12,4,16,0
[0 11 5],2,0,2,0
[0 11 6],20,6,26,0
[0 11 7],5,0,5,0
[0 11 8],5,1,6,0
[0 11 9],3,0,3,0
[0 11 10],5,0,5,0
[0 11 17],1,0,1,0
[0 11 45],1,0,1,0
[0 11 54],1,0,1,0
[0 12 0],27,3,30,0
[0 12 3],2,0,2,0
[0 12 6],4,0,4,0
[0 12 8],1,1,2,0
[0 12 11],15,4,19,0
[0 12 15],1,0,1,0
[0 12 17],1,0,1,0
[0 12 19],5,4,9,0
[0 12 20],1,0,1,0
[0 12 21],7,2,9,0
[0 12 23],4,0,4,0
[0 12 25],1,0,1,0
[0 12 37],1,0,1,0
[0 12 43],3,0,3,0
[0 13 1],464,107,571,0
[0 13 4],160,34,194,0
[0 13 7],4,3,7,0
[0 13 8],4,2,6,0
[0 13 9],2,0,2,0
[0 13 11],23,5,28,0
[0 13 12],6,0,6,0
[0 13 16],4,0,4,0
[0 13 18],13,3,16,0
[0 13 30],2,0,2,0
[0 14 2],1,0,1,0
[0 14 3],1,0,1,0
[0 14 6],31,8,39,0
[0 14 7],1,0,1,0
[0 14 8],1,0,1,0
[0 14 9],1,0,1,0
[0 14 10],1,0,1,0
[0 14 11],1,0,1,0
[0 15 0],71,13,84,0
[0 15 2],9,3,12,0
[0 15 3],9,0,9,0
[0 15 5],2,0,2,0
[0 15 6],4,4,8,0
[0 15 8],4,1,5,0
[0 15 10],1,0,1,0
[0 15 11],4,1,5,0
[0 15 13],1,0,1,0
[0 15 19],3,0,3,0
[0 15 25],13,3,16,0
[0 15 30],1,0,1,0
[0 15 45],1,0,1,0
[0 15 49],1,0,1,0
[0 15 62],1,0,1,0
[0 16 1],532,125,657,0
[0 16 3],2,0,2,0
[0 16 4],152,30,182,0
[0 16 8],6,1,7,0
[0 16 11],44,7,51,0
[0 16 18],9,1,10,0
[0 17 0],53,12,65,0
[0 17 2],3,0,3,0
[0 17 3],5,1,6,0
[0 17 6],1,0,1,0
[0 17 8],1,1,2,0
[0 17 10],1,0,1,0
[0 17 11],3,0,3,0
[0 17 25],4,0,4,0
[0 17 64],1,0,1,0
[0 18 0],61,16,77,0
[0 18 2],2,0,2,0
[0 18 3],5,3,8,0
[0 18 4],2,1,3,0
[0 18 5],11,4,15,0
[0 18 6],5,0,5,0
[0 18 8],3,3,6,0
[0 18 10],4,0,4,0
[0 18 12],1,0,1,0
[0 18 14],1,0,1,0
[0 18 15],1,0,1,0
[0 18 19],17,0,17,0
[0 18 20],3,0,3,0
[0 18 21],33,7,40,0
[0 18 23],2,0,2,0
[0 18 24],6,0,6,0
[0 18 25],2,0,2,0
[0 18 30],1,1,2,0
[0 18 43],4,2,6,0
[0 18 57],1,0,1,0
[0 19 1],468,99,567,0
[0 19 4],91,30,121,0
[0 19 10],1,0,1,0
[0 19 11],30,7,37,0
[0 19 12],3,4,7,0
[0 19 18],8,0,8,0
[0 19 22],1,2,3,0
[0 20 0],1,1,2,0
[0 20 3],8,5,13,0
[0 20 5],3,1,4,0
[0 20 6],9,0,9,0
[0 20 7],2,0,2,0
[0 20 8],8,1,9,0
[0 20 9],1,0,1,0
[0 20 10],1,0,1,0
[0 20 14],2,1,3,0
[0 20 15],4,0,4,0
[0 20 16],1,0,1,0
[0 20 17],2,0,2,0
[0 20 23],5,0,5,0
[0 20 24],2,0,2,0
[0 20 32],7,0,7,0
[0 21 2],2,0,2,0
[0 21 5],4,2,6,0
[0 21 8],3,0,3,0
[0 21 10],2,1,3,0
[0 21 17],1,1,2,0
[0 22 3],2,0,2,0
[0 22 4],31,4,35,0
[0 22 5],1,1,2,0
[0 22 6],4,4,8,0
[0 22 7],96,9,105,0
[0 22 8],6,0,6,0
[0 22 9],5,2,7,0
[0 22 12],93,15,108,0
[0 22 14],1,1,2,0
[0 22 16],11,2,13,0
[0 22 18],7,1,8,0
[0 22 22],13,1,14,0
[0 22 24],1,0,1,0
[0 22 63],2,0,2,0
[0 22 67],2,0,2,0
[0 23 2],2,0,2,0
[0 23 3],3,1,4,0
[0 23 4],4,3,7,0
[0 23 5],7,2,9,0
[0 23 6],6,0,6,0
[0 23 8],3,0,3,0
[0 23 10],2,0,2,0
[0 23 12],14,0,14,0
[0 23 22],1,0,1,0
[0 23 23],1,0,1,0
[0 23 25],2,0,2,0
[0 23 28],1,1,2,0
[0 24 0],53,26,79,0
[0 24 3],12,0,12,0
[0 24 4],3,1,4,0
[0 24 5],3,0,3,0
[0 24 6],4,2,6,0
[0 24 8],3,0,3,0
[0 24 10],3,1,4,0
[0 24 12],6,2,8,0
[0 24 13],2,0,2,0
[0 24 15],1,0,1,0
[0 24 18],2,1,3,0
[0 24 19],2,3,5,0
[0 24 21],30,10,40,0
[0 24 24],1,0,1,0
[0 24 26],1,0,1,0
[0 24 30],1,0,1,0
[0 24 38],1,0,1,0
[0 24 41],1,0,1,0
[0 24 43],1,0,1,0
[0 24 57],1,0,1,0
[0 25 5],5,0,5,0
[0 25 6],2,2,4,0
[0 25 7],2,1,3,0
[0 25 8],1,3,4,0
[0 25 9],1,3,4,0
[0 26 0],1,0,1,0
[0 26 1],8,2,10,0
[0 26 3],8,0,8,0
[0 26 4],46,19,65,0
[0 26 5],4,2,6,0
[0 26 6],3,0,3,0
[0 26 8],14,1,15,0
[0 26 10],1,0,1,0
[0 26 12],68,15,83,0
[0 26 18],11,1,12,0
[0 26 22],54,17,71,0
[0 26 24],1,0,1,0
[0 26 26],2,0,2,0
[0 26 30],1,0,1,0
[0 26 41],1,0,1,0
[0 27 1],20,6,26,0
[0 27 4],25,1,26,0
[0 27 8],1,0,1,0
[0 27 11],10,0,10,0
[0 28 0],7,4,11,0
[0 28 3],5,1,6,0
[0 28 4],12,4,16,0
[0 28 5],8,1,9,0
[0 28 6],5,1,6,0
[0 28 8],3,1,4,0
[0 28 9],1,0,1,0
[0 28 12],1,1,2,0
[0 28 15],3,0,3,0
[0 28 17],2,0,2,0
[0 28 23],6,1,7,0
[0 28 27],29,9,38,0
[0 28 32],1,0,1,0
[0 29 0],2,8,10,0
[0 29 3],2,0,2,0
[0 29 5],1,0,1,0
[0 29 6],2,0,2,0
[0 29 14],1,0,1,0
[0 29 28],4,0,4,0
[0 30 6],2,0,2,0
[0 30 8],1,1,2,0
[0 30 11],1,0,1,0
[0 30 17],1,0,1,0
[0 30 38],1,0,1,0
[0 31 0],1,0,1,0
[0 31 3],1,0,1,0
[0 31 5],11,2,13,0
[0 31 6],4,2,6,0
[0 31 10],1,0,1,0
[0 31 14],1,0,1,0
[0 31 19],1,0,1,0
[0 31 28],3,2,5,0
[0 32 0],59,26,85,0
[0 32 2],2,0,2,0
[0 32 3],1,1,2,0
[0 32 5],2,0,2,0
[0 32 6],1,0,1,0
[0 32 8],5,1,6,0
[0 32 10],4,0,4,0
[0 32 12],1,0,1,0
[0 32 13],1,0,1,0
[0 32 17],1,0,1,0
[0 32 19],39,5,44,0
[0 32 20],2,1,3,0
[0 32 23],1,0,1,0
[0 32 24],2,1,3,0
[0 32 25],1,0,1,0
[0 32 30],1,1,2,0
[0 32 52],3,0,3,0
[0 33 1],280,69,349,0
[0 33 4],74,21,95,0
[0 33 8],1,0,1,0
[0 33 11],11,1,12,0
[0 33 12],2,1,3,0
[0 33 18],6,0,6,0
[0 33 30],1,0,1,0
[0 34 6],2,0,2,0
[0 34 8],1,0,1,0
[0 34 23],1,0,1,0
[0 35 3],7,2,9,0
[0 35 4],7,1,8,0
[0 35 5],3,1,4,0
[0 35 8],4,3,7,0
[0 35 10],1,0,1,0
[0 35 12],20,2,22,0
[0 35 14],1,0,1,0
[0 35 15],1,0,1,0
[0 35 18],3,0,3,0
[0 35 22],1,0,1,0
[0 35 26],2,0,2,0
[0 36 1],199,61,260,0
[0 36 4],45,13,58,0
[0 36 5],2,2,4,0
[0 36 6],1,0,1,0
[0 36 7],4,0,4,0
[0 36 8],2,0,2,0
[0 36 9],1,0,1,0
[0 36 11],4,1,5,0
[0 36 12],4,1,5,0
[0 36 18],6,1,7,0
[0 36 26],1,0,1,0
[0 37 3],1,1,2,0
[0 37 5],1,0,1,0
[0 37 6],1,1,2,0
[0 37 8],2,1,3,0
[0 37 10],2,0,2,0
[0 38 3],3,0,3,0
[0 38 5],1,0,1,0
[0 38 6],1,0,1,0
[0 38 14],1,0,1,0
[0 38 15],1,0,1,0
[0 38 26],1,0,1,0
[0 39 1],124,23,147,0
[0 39 4],48,6,54,0
[0 39 6],1,0,1,0
[0 39 11],4,0,4,0
[0 39 18],4,0,4,0
[0 40 0],14,3,17,0
[0 40 3],1,0,1,0
[0 40 5],1,0,1,0
[0 40 7],2,0,2,0
[0 40 8],2,0,2,0
[0 40 9],1,0,1,0
[0 40 10],1,0,1,0
[0 40 11],10,2,12,0
[0 40 19],2,0,2,0
[0 40 24],1,0,1,0
[0 40 25],1,0,1,0
[0 40 26],1,0,1,0
[0 40 28],1,0,1,0
[0 40 49],3,0,3,0
[0 40 52],3,0,3,0
[0 41 0],1,0,1,0
[0 41 3],6,0,6,0
[0 41 4],2,0,2,0
[0 41 5],9,1,10,0
[0 41 6],3,1,4,0
[0 41 8],6,2,8,0
[0 41 10],2,0,2,0
[0 41 12],4,1,5,0
[0 41 14],1,0,1,0
[0 41 15],1,1,2,0
[0 41 17],4,1,5,0
[0 41 18],2,0,2,0
[0 41 24],1,0,1,0
[0 41 45],1,0,1,0
[0 41 58],1,0,1,0
[0 41 60],4,0,4,0
[0 42 0],1,2,3,0
[0 42 2],1,0,1,0
[0 42 6],10,6,16,0
[0 42 16],1,0,1,0
[0 42 20],2,0,2,0
[0 42 23],1,0,1,0
[0 43 0],30,14,44,0
[0 43 1],1,0,1,0
[0 43 2],2,2,4,0
[0 43 3],15,3,18,0
[0 43 4],2,0,2,0
[0 43 5],2,0,2,0
[0 43 6],3,0,3,0
[0 43 8],7,0,7,0
[0 43 9],1,0,1,0
[0 43 10],2,1,3,0
[0 43 12],3,0,3,0
[0 43 14],1,0,1,0
[0 43 19],2,1,3,0
[0 43 20],3,0,3,0
[0 43 21],20,6,26,0
[0 43 23],1,0,1,0
[0 43 24],5,0,5,0
[0 43 30],1,0,1,0
[0 43 36],1,0,1,0
[0 43 38],1,0,1,0
[0 44 3],7,0,7,0
[0 44 5],2,0,2,0
[0 44 6],2,0,2,0
[0 44 7],1,0,1,0
[0 44 8],3,0,3,0
[0 44 9],1,0,1,0
[0 44 10],1,1,2,0
[0 44 15],1,0,1,0
[0 44 23],2,0,2,0
[0 44 24],1,0,1,0
[0 45 7],2,1,3,0
[0 46 0],83,18,101,0
[0 46 2],16,3,19,0
[0 46 3],3,0,3,0
[0 46 4],23,3,26,0
[0 46 6],1,0,1,0
[0 46 8],4,0,4,0
[0 46 10],1,0,1,0
[0 46 12],25,3,28,0
[0 46 13],5,3,8,0
[0 46 15],1,0,1,0
[0 46 18],2,0,2,0
[0 46 19],2,0,2,0
[0 46 20],15,1,16,0
[0 46 21],41,4,45,0
[0 46 22],1,1,2,0
[0 46 23],2,0,2,0
[0 46 25],2,0,2,0
[0 46 27],1,0,1,0
[0 46 30],2,1,3,0
[0 46 51],1,0,1,0
[0 46 64],1,0,1,0
[0 47 5],1,0,1,0
[0 47 6],1,1,2,0
[0 47 7],2,0,2,0
[0 47 9],1,1,2,0
[0 47 10],1,0,1,0
[0 47 16],2,0,2,0
[0 48 5],1,0,1,0
[0 48 8],1,0,1,0
[0 49 0],16,3,19,0
[0 49 3],2,0,2,0
[0 49 4],32,12,44,0
[0 49 8],1,1,2,0
[0 49 12],56,19,75,0
[0 49 14],2,0,2,0
[0 49 15],1,0,1,0
[0 49 18],5,0,5,0
[0 49 23],9,5,14,0
[0 49 27],32,14,46,0
[0 49 30],1,0,1,0
[0 49 40],12,6,18,0
[0 49 51],2,1,3,0
[0 50 3],1,0,1,0
[0 50 8],1,0,1,0
[0 50 10],1,0,1,0
[0 51 0],27,19,46,0
[0 51 2],1,2,3,0
[0 51 3],1,2,3,0
[0 51 5],1,0,1,0
[0 51 6],6,5,11,0
[0 51 8],1,2,3,0
[0 51 14],2,0,2,0
[0 51 19],13,9,22,0
[0 51 23],1,0,1,0
[0 51 25],1,0,1,0
[0 51 26],1,0,1,0
[0 51 34],1,0,1,0
[0 51 46],1,0,1,0
[0 51 49],1,2,3,0
[0 51 52],1,1,2,0
[0 52 4],2,2,4,0
[0 52 5],1,0,1,0
[0 52 10],2,0,2,0
[0 52 12],17,2,19,0
[0 52 18],2,0,2,0
[0 52 22],1,0,1,0
[0 53 6],2,1,3,0
[0 53 28],1,0,1,0
[0 54 0],1,0,1,0
[0 54 5],1,0,1,0
[0 54 6],1,0,1,0
[0 54 8],1,0,1,0
[0 54 10],1,0,1,0
[0 55 0],1,0,1,0
[0 55 3],2,1,3,0
[0 55 4],1,0,1,0
[0 55 5],1,0,1,0
[0 55 6],1,1,2,0
[0 55 8],1,0,1,0
[0 55 12],5,0,5,0
[0 55 14],1,0,1,0
[0 55 15],1,0,1,0
[0 55 17],1,0,1,0
[0 55 19],1,0,1,0
[0 55 30],1,0,1,0
[0 55 45],1,0,1,0
[0 56 0],1,0,1,0
[0 56 3],3,0,3,0
[0 56 5],1,0,1,0
[0 56 6],8,4,12,0
[0 56 8],5,0,5,0
[0 56 10],1,0,1,0
[0 56 11],3,0,3,0
[0 56 15],1,0,1,0
[0 56 17],2,0,2,0
[0 56 24],1,0,1,0
[0 57 4],31,14,45,0
[0 57 9],1,0,1,0
[0 57 12],1,0,1,0
[0 57 17],1,0,1,0
[0 57 57],1,0,1,0
[0 58 1],206,54,260,0
[0 58 4],57,18,75,0
[0 58 11],8,7,15,0
[0 58 18],3,0,3,0
[0 59 3],12,0,12,0
[0 59 5],2,1,3,0
[0 59 6],3,1,4,0
[0 59 8],3,1,4,0
[0 59 12],1,0,1,0
[0 59 15],1,0,1,0
[0 59 17],1,0,1,0
[0 60 1],231,55,286,0
[0 60 4],73,10,83,0
[0 60 8],1,0,1,0
[0 60 11],8,0,8,0
[0 60 18],1,0,1,0
[0 61 2],1,0,1,0
[0 61 4],1,0,1,0
[0 61 5],2,0,2,0
[0 61 8],2,0,2,0
[0 61 9],2,0,2,0
[0 61 10],1,0,1,0
[0 61 12],1,0,1,0
[0 61 16],1,0,1,0
[0 61 17],1,0,1,0
[0 61 23],1,0,1,0
[0 61 30],1,0,1,0
[0 62 1],156,41,197,0
[0 62 4],45,15,60,0
[0 62 8],1,0,1,0
[0 62 11],2,0,2,0
[0 62 18],4,0,4,0
[0 63 5],1,1,2,0
[0 63 6],1,0,1,0
[0 63 11],1,0,1,0
[0 63 12],5,1,6,0
[0 64 0],2,1,3,0
[0 64 3],3,0,3,0
[0 64 5],3,0,3,0
[0 64 6],1,2,3,0
[0 64 10],1,0,1,0
[0 64 14],1,0,1,0
[0 64 23],3,2,5,0
[0 64 27],2,2,4,0
[0 65 0],4,0,4,0
[0 65 3],1,0,1,0
[0 65 8],2,0,2,0
[0 65 13],1,0,1,0
[0 65 15],2,0,2,0
[0 65 22],1,0,1,0
[0 65 46],1,0,1,0
[0 65 49],1,1,2,0
[0 65 52],1,1,2,0
[0 65 57],1,1,2,0
[0 66 3],1,0,1,0
[0 66 4],2,0,2,0
[0 66 5],2,0,2,0
[0 66 6],3,0,3,0
[0 66 8],5,0,5,0
[0 66 10],1,0,1,0
[0 66 12],15,3,18,0
[0 66 14],1,0,1,0
[0 66 15],1,0,1,0
[0 66 23],4,0,4,0
[0 66 30],2,0,2,0
[0 66 47],12,2,14,0
[0 67 3],3,0,3,0
[0 67 4],1,1,2,0
[0 67 5],2,0,2,0
[0 67 12],1,0,1,0
[0 67 22],1,1,2,0
[0 67 24],1,1,2,0
[0 68 0],8,3,11,0
[0 68 2],1,0,1,0
[0 68 3],6,0,6,0
[0 68 5],2,0,2,0
[0 68 6],4,0,4,0
[0 68 8],3,0,3,0
[0 68 10],3,0,3,0
[0 68 19],3,0,3,0
[0 68 20],1,0,1,0
[0 68 21],5,1,6,0
[0 68 23],2,0,2,0
[0 68 24],1,0,1,0
[0 68 30],1,0,1,0
[0 68 32],1,0,1,0
[0 68 37],1,0,1,0
[0 68 58],1,0,1,0
[0 69 3],1,1,2,0
[0 69 4],2,1,3,0
[0 69 5],1,0,1,0
[0 69 7],5,2,7,0
[0 69 9],5,0,5,0
[0 69 12],19,9,28,0
[0 69 15],1,0,1,0
[0 69 18],1,2,3,0
[0 69 23],4,0,4,0
[0 69 26],1,0,1,0
[0 69 31],1,0,1,0
[0 69 32],1,1,2,0
[0 69 39],14,2,16,0
[0 70 0],26,2,28,0
[0 70 2],3,0,3,0
[0 70 11],1,0,1,0
[0 70 19],3,0,3,0
[0 70 25],15,1,16,0
[0 71 5],3,0,3,0
[0 71 30],1,0,1,0
[0 71 51],1,1,2,0
[0 72 5],2,0,2,0
[0 72 6],1,0,1,0
[0 72 14],1,0,1,0
[0 73 3],1,0,1,0
[0 73 12],1,1,2,0
[0 73 18],1,0,1,0
[0 74 3],1,0,1,0
[0 74 4],1,0,1,0
[0 74 5],1,0,1,0
[0 74 6],1,0,1,0
[0 74 8],1,0,1,0
[0 75 3],1,1,2,0
[0 75 6],1,0,1,0
[0 75 11],1,1,2,0
[0 75 17],1,0,1,0
[0 76 0],2,0,2,0
[0 76 3],3,1,4,0
[0 76 5],5,1,6,0
[0 76 8],7,0,7,0
[0 76 10],1,1,2,0
[0 76 11],1,0,1,0
[0 76 12],4,1,5,0
[0 76 15],1,0,1,0
[0 76 19],2,1,3,0
[0 76 22],1,0,1,0
[0 76 23],1,0,1,0
[0 76 41],3,2,5,0
[0 76 57],1,0,1,0
[0 77 0],38,16,54,0
[0 77 1],38,7,45,0
[0 77 2],4,0,4,0
[0 77 3],1,1,2,0
[0 77 4],12,1,13,0
[0 77 12],9,2,11,0
[0 77 20],1,0,1,0
[0 77 21],1,0,1,0
[0 77 22],4,0,4,0
[0 77 23],1,0,1,0
[0 77 24],1,0,1,0
[0 77 25],5,0,5,0
[0 78 5],2,0,2,0
[0 78 6],1,0,1,0
[0 78 12],1,0,1,0
[0 78 13],1,0,1,0
[0 79 0],8,5,13,0
[0 79 2],3,0,3,0
[0 79 3],6,0,6,0
[0 79 4],4,2,6,0
[0 79 5],1,0,1,0
[0 79 7],1,0,1,0
[0 79 8],4,0,4,0
[0 79 10],1,0,1,0
[0 79 12],33,2,35,0
[0 79 15],2,0,2,0
[0 79 18],2,0,2,0
[0 79 20],4,0,4,0
[0 79 21],2,2,4,0
[0 79 22],14,1,15,0
[0 79 23],3,0,3,0
[0 79 25],5,1,6,0
[0 79 49],1,0,1,0
[0 80 0],1,1,2,0
[0 80 4],1,0,1,0
[0 80 9],1,0,1,0
[0 80 12],11,4,15,0
[0 80 15],1,0,1,0
[0 80 18],1,0,1,0
[0 80 30],1,0,1,0
[0 81 4],1,0,1,0
[0 81 5],1,0,1,0
[0 81 6],1,0,1,0
[0 81 8],1,0,1,0
[0 81 12],2,1,3,0
[0 81 27],2,1,3,0
[0 82 3],3,0,3,0
[0 82 8],3,1,4,0
[0 82 10],1,0,1,0
[0 82 45],1,0,1,0
[0 83 6],1,0,1,0
[0 83 8],1,1,2,0
[0 83 12],1,0,1,0
[0 83 15],1,0,1,0
[0 83 23],1,0,1,0
[0 84 1],1,0,1,0
[0 84 3],1,0,1,0
[0 84 4],30,3,33,0
[0 84 8],1,1,2,0
[0 84 12],41,9,50,0
[0 84 18],3,1,4,0
[0 84 22],1,0,1,0
[0 84 23],3,1,4,0
[0 84 27],4,3,7,0
[0 85 3],1,0,1,0
[0 85 4],3,1,4,0
[0 85 5],2,0,2,0
[0 85 6],2,0,2,0
[0 85 7],1,0,1,0
[0 85 8],1,0,1,0
[0 85 9],2,0,2,0
[0 85 12],11,1,12,0
[0 85 15],1,0,1,0
[0 85 23],7,1,8,0
[0 85 32],1,0,1,0
[0 85 50],10,0,10,0
[0 85 51],4,0,4,0
[0 85 61],5,0,5,0
[0 86 3],1,0,1,0
[0 86 5],1,0,1,0
[0 86 10],1,0,1,0
[0 86 12],4,3,7,0
[0 86 14],1,0,1,0
[0 86 15],1,0,1,0
[0 86 17],1,0,1,0
[0 86 26],1,0,1,0
[0 86 30],1,0,1,0
[0 87 5],1,0,1,0
[0 87 8],1,0,1,0
[0 87 12],1,0,1,0
[0 87 30],2,0,2,0
[0 87 32],1,0,1,0
[0 88 1],92,15,107,0
[0 88 4],20,1,21,0
[0 88 8],1,0,1,0
[0 88 11],1,0,1,0
[0 88 12],3,0,3,0
[0 88 18],5,0,5,0
[0 89 3],5,1,6,0
[0 89 4],4,1,5,0
[0 89 5],1,2,3,0
[0 89 8],2,0,2,0
[0 89 10],1,0,1,0
[0 89 12],2,0,2,0
[0 89 18],1,0,1,0
[0 89 21],1,0,1,0
[0 89 22],2,0,2,0
[0 89 24],2,0,2,0
[0 89 41],5,1,6,0
[0 89 65],1,0,1,0
[0 90 10],1,0,1,0
[0 91 3],1,0,1,0
[0 91 5],2,0,2,0
[0 91 8],3,0,3,0
[0 91 10],2,0,2,0
[0 91 14],3,0,3,0
[0 91 23],1,0,1,0
[0 91 30],1,0,1,0
[0 91 46],1,0,1,0
[0 92 0],24,4,28,0
[0 92 1],6,3,9,0
[0 92 3],3,0,3,0
[0 92 4],5,3,8,0
[0 92 5],1,0,1,0
[0 92 8],2,0,2,0
[0 92 12],15,0,15,0
[0 92 14],1,0,1,0
[0 92 18],2,0,2,0
[0 92 20],3,0,3,0
[0 92 21],4,0,4,0
[0 92 22],3,1,4,0
[0 92 24],2,0,2,0
[0 92 25],2,1,3,0
[0 92 31],1,0,1,0
[0 93 1],1,0,1,0
[0 93 8],2,0,2,0
[0 93 17],1,0,1,0
[0 94 0],1,0,1,0
[0 95 1],78,24,102,0
[0 95 4],21,10,31,0
[0 95 18],3,0,3,0
[0 96 4],22,2,24,0
[0 97 0],238,60,298,0
[0 97 2],34,6,40,0
[0 97 3],10,1,11,0
[0 97 6],2,0,2,0
[0 97 8],7,3,10,0
[0 97 10],4,1,5,0
[0 97 11],15,5,20,0
[0 97 13],14,1,15,0
[0 97 14],4,0,4,0
[0 97 15],2,1,3,0
[0 97 17],1,0,1,0
[0 97 19],5,0,5,0
[0 97 23],3,1,4,0
[0 97 25],20,8,28,0
[0 97 30],4,0,4,0
[0 97 33],9,3,12,0
[0 97 53],1,0,1,0
[0 97 60],1,0,1,0
[0 97 64],1,1,2,0
[0 97 68],2,0,2,0
[0 98 0],9,1,10,0
[0 98 2],9,4,13,0
[0 98 8],1,0,1,0
[0 98 13],2,0,2,0
[0 98 19],2,0,2,0
[0 98 20],3,1,4,0
[0 98 25],1,1,2,0
[0 98 27],1,0,1,0
[0 98 46],1,0,1,0
[0 98 64],1,1,2,0
[0 99 0],2,0,2,0
[0 99 3],3,1,4,0
[0 99 4],4,0,4,0
[0 99 5],4,0,4,0
[0 99 6],1,0,1,0
[0 99 8],1,0,1,0
[0 99 10],1,0,1,0
[0 99 11],1,0,1,0
[0 99 12],4,2,6,0
[0 99 15],1,0,1,0
[0 99 17],2,0,2,0
[0 99 22],1,0,1,0
[0 99 23],1,0,1,0
[0 99 24],1,0,1,0
[0 99 41],4,0,4,0
[1 0 2],227,52,279,0
[1 0 4],1,0,1,0
[1 0 5],9,0,9,0
[1 0 13],35,5,40,0
[1 1 4],31,14,45,0
[1 1 5],2,0,2,0
[1 1 11],93,19,112,0
[1 1 18],3,0,3,0
[1 1 42],1,0,1,0
[1 2 2],193,36,229,0
[1 2 5],29,11,40,0
[1 2 13],41,9,50,0
[1 2 14],2,0,2,0
[1 2 20],2,0,2,0
[1 3 2],34,4,38,0
[1 3 5],2,0,2,0
[1 3 13],12,2,14,0
[1 4 2],63,15,78,0
[1 4 5],1,1,2,0
[1 4 7],1,0,1,0
[1 4 13],18,3,21,0
[1 4 14],1,0,1,0
[1 5 2],2,1,3,0
[1 6 2],9,1,10,0
[1 6 13],5,0,5,0
[1 7 2],4,1,5,0
[1 8 2],66,17,83,0
[1 8 13],9,1,10,0
[1 9 2],55,6,61,0
[1 9 5],4,1,5,0
[1 9 13],14,3,17,0
[1 9 20],1,0,1,0
[1 10 2],1,0,1,0
[1 11 2],79,21,100,0
[1 11 5],9,3,12,0
[1 11 13],10,2,12,0
[1 12 2],43,8,51,0
[1 12 13],16,0,16,0
[1 12 20],1,0,1,0
[1 13 2],5,0,5,0
[1 14 2],68,14,82,0
[1 14 5],13,3,16,0
[1 14 13],19,1,20,0
[1 14 14],1,0,1,0
[1 14 15],1,0,1,0
[1 15 2],20,8,28,0
[1 15 13],8,2,10,0
[1 16 2],6,0,6,0
[1 16 13],5,0,5,0
[1 17 2],32,9,41,0
[1 17 13],10,2,12,0
[1 18 2],6,2,8,0
[1 18 13],2,0,2,0
[1 19 2],2,2,4,0
[1 19 13],3,0,3,0
[1 21 2],7,2,9,0
[1 21 13],1,0,1,0
[1 22 2],14,3,17,0
[1 22 13],3,1,4,0
[1 23 2],1,0,1,0
[1 24 2],10,2,12,0
[1 24 13],1,1,2,0
[1 25 2],7,4,11,0
[1 25 5],3,0,3,0
[1 25 13],1,0,1,0
[1 25 15],1,0,1,0
[1 25 20],1,0,1,0
[1 26 2],5,0,5,0
[1 27 13],1,0,1,0
[1 32 2],6,0,6,0
[1 32 13],2,0,2,0
[1 33 13],5,0,5,0
[1 34 2],23,8,31,0
[1 34 5],10,1,11,0
[1 34 13],2,1,3,0
[1 34 29],1,0,1,0
[1 35 2],1,0,1,0
[1 36 2],1,1,2,0
[1 36 13],1,0,1,0
[1 37 13],1,0,1,0
[1 38 2],4,3,7,0
[1 39 2],3,0,3,0
[1 42 2],61,12,73,0
[1 42 5],3,1,4,0
[1 42 9],1,0,1,0
[1 42 13],9,5,14,0
[1 43 2],9,1,10,0
[1 44 2],19,1,20,0
[1 44 5],3,0,3,0
[1 44 13],3,1,4,0
[1 45 2],19,8,27,0
[1 45 13],3,2,5,0
[1 45 14],1,0,1,0
[1 46 2],1,0,1,0
[1 47 2],10,2,12,0
[1 47 13],3,0,3,0
[1 48 2],9,2,11,0
[1 49 2],2,0,2,0
[1 50 2],12,5,17,0
[1 50 5],2,1,3,0
[1 50 13],8,0,8,0
[1 55 2],1,1,2,0
[1 56 2],16,4,20,0
[1 56 13],2,3,5,0
[1 57 2],1,0,1,0
[1 58 13],2,0,2,0
[1 59 2],19,4,23,0
[1 59 13],3,0,3,0
[1 60 2],1,0,1,0
[1 60 13],2,1,3,0
[1 62 2],2,2,4,0
[1 62 5],1,0,1,0
[1 62 13],3,0,3,0
[1 67 2],1,0,1,0
[1 67 13],2,0,2,0
[1 69 2],10,2,12,0
[1 69 4],4,1,5,0
[1 69 5],3,0,3,0
[1 69 8],1,1,2,0
[1 69 13],3,0,3,0
[1 69 20],1,0,1,0
[1 70 2],11,2,13,0
[1 70 9],1,0,1,0
[1 70 13],5,0,5,0
[1 72 2],1,0,1,0
[1 73 2],1,0,1,0
[1 76 2],2,0,2,0
[1 76 13],1,0,1,0
[1 77 2],2,1,3,0
[1 77 13],2,0,2,0
[1 79 2],3,1,4,0
[1 79 13],1,0,1,0
[1 82 2],1,0,1,0
[1 83 2],8,1,9,0
[1 83 13],2,0,2,0
[1 85 2],2,0,2,0
[1 87 2],1,2,3,0
[1 89 13],3,0,3,0
[1 91 2],3,0,3,0
[1 91 5],1,0,1,0
[1 91 13],2,1,3,0
[1 92 2],2,0,2,0
[1 92 13],1,0,1,0
[1 94 2],3,0,3,0
[1 94 13],1,1,2,0
[1 95 2],1,0,1,0
[1 97 2],74,23,97,0
[1 97 13],29,9,38,0
[1 98 2],5,1,6,0
[1 98 13],1,0,1,0
[2 0 3],2,1,3,0
[2 0 5],65,14,79,0
[2 0 6],2,2,4,0
[2 0 8],2,0,2,0
[2 0 10],4,0,4,0
[2 0 12],1,0,1,0
[2 0 15],1,0,1,0
[2 0 17],2,0,2,0
[2 0 36],1,0,1,0
[2 1 3],3,0,3,0
[2 1 6],15,2,17,0
[2 1 7],96,23,119,0
[2 1 9],35,10,45,0
[2 1 14],1,0,1,0
[2 1 16],14,6,20,0
[2 1 34],7,1,8,0
[2 2 2],2,0,2,0
[2 2 3],53,8,61,0
[2 2 5],17,4,21,0
[2 2 6],11,2,13,0
[2 2 8],4,4,8,0
[2 2 9],1,0,1,0
[2 2 10],5,2,7,0
[2 2 14],5,0,5,0
[2 2 15],15,4,19,0
[2 2 17],13,1,14,0
[2 3 3],3,0,3,0
[2 3 5],11,4,15,0
[2 3 6],1,0,1,0
[2 3 8],1,0,1,0
[2 3 15],1,0,1,0
[2 3 17],1,1,2,0
[2 4 3],9,1,10,0
[2 4 5],35,8,43,0
[2 4 8],1,1,2,0
[2 4 10],3,1,4,0
[2 4 14],1,1,2,0
[2 4 33],1,0,1,0
[2 8 2],1,0,1,0
[2 8 3],5,1,6,0
[2 8 5],19,7,26,0
[2 8 6],1,0,1,0
[2 8 8],3,3,6,0
[2 8 10],2,0,2,0
[2 8 14],1,0,1,0
[2 9 2],1,2,3,0
[2 9 3],5,1,6,0
[2 9 5],19,7,26,0
[2 9 6],1,0,1,0
[2 9 8],3,0,3,0
[2 9 10],2,2,4,0
[2 9 14],2,0,2,0
[2 9 17],1,0,1,0
[2 11 3],7,2,9,0
[2 11 5],35,14,49,0
[2 11 6],2,0,2,0
[2 11 8],3,0,3,0
[2 11 10],3,1,4,0
[2 11 14],3,0,3,0
[2 11 15],2,0,2,0
[2 11 17],2,1,3,0
[2 11 36],1,0,1,0
[2 12 2],2,0,2,0
[2 12 3],4,1,5,0
[2 12 5],16,1,17,0
[2 12 8],3,0,3,0
[2 12 10],1,0,1,0
[2 12 33],1,0,1,0
[2 12 38],1,0,1,0
[2 14 3],5,3,8,0
[2 14 5],32,4,36,0
[2 14 6],4,1,5,0
[2 14 8],4,0,4,0
[2 14 15],1,0,1,0
[2 15 0],6,0,6,0
[2 15 2],2,0,2,0
[2 15 3],2,1,3,0
[2 15 5],4,1,5,0
[2 15 6],1,0,1,0
[2 15 14],1,0,1,0
[2 17 2],3,0,3,0
[2 17 3],9,1,10,0
[2 17 5],3,1,4,0
[2 17 10],2,0,2,0
[2 17 14],1,2,3,0
[2 18 3],1,0,1,0
[2 18 5],1,1,2,0
[2 18 8],1,0,1,0
[2 22 5],5,0,5,0
[2 22 8],1,0,1,0
[2 24 5],3,1,4,0
[2 24 8],1,0,1,0
[2 25 4],23,4,27,0
[2 25 5],6,0,6,0
[2 25 9],2,0,2,0
[2 25 18],1,1,2,0
[2 32 5],2,0,2,0
[2 34 3],6,0,6,0
[2 34 4],24,1,25,0
[2 34 5],4,1,5,0
[2 34 7],1,0,1,0
[2 34 8],1,1,2,0
[2 34 9],3,1,4,0
[2 34 14],2,0,2,0
[2 34 15],2,0,2,0
[2 34 31],2,3,5,0
[2 38 3],1,0,1,0
[2 38 5],1,0,1,0
[2 41 5],1,0,1,0
[2 42 0],9,0,9,0
[2 42 6],7,2,9,0
[2 42 8],1,0,1,0
[2 42 9],1,0,1,0
[2 42 11],1,0,1,0
[2 42 14],1,1,2,0
[2 44 5],4,0,4,0
[2 44 6],1,0,1,0
[2 44 8],1,0,1,0
[2 44 9],1,0,1,0
[2 45 2],1,0,1,0
[2 45 3],1,0,1,0
[2 45 4],61,13,74,0
[2 45 5],1,0,1,0
[2 45 7],2,1,3,0
[2 45 9],3,0,3,0
[2 47 5],4,1,5,0
[2 47 8],1,0,1,0
[2 48 5],6,3,9,0
[2 48 18],1,0,1,0
[2 50 5],3,5,8,0
[2 50 7],1,0,1,0
[2 50 15],1,0,1,0
[2 54 0],1,1,2,0
[2 56 5],5,0,5,0
[2 59 3],1,0,1,0
[2 59 5],2,0,2,0
[2 59 14],1,0,1,0
[2 68 3],1,0,1,0
[2 68 5],1,0,1,0
[2 69 9],1,0,1,0
[2 70 3],1,0,1,0
[2 75 5],1,0,1,0
[2 76 14],1,0,1,0
[2 82 8],1,0,1,0
[2 83 5],1,0,1,0
[2 84 5],1,0,1,0
[2 94 5],2,0,2,0
[2 97 0],8,0,8,0
[2 97 2],2,3,5,0
[2 97 3],21,5,26,0
[2 97 5],8,2,10,0
[2 97 6],1,0,1,0
[2 97 8],6,3,9,0
[2 97 10],7,2,9,0
[2 97 13],2,0,2,0
[2 97 14],7,1,8,0
[2 97 15],2,0,2,0
[2 97 17],1,0,1,0
[2 97 20],1,0,1,0
[2 97 30],1,0,1,0
[2 97 33],2,0,2,0
[3 0 3],5,1,6,0
[3 0 4],1,0,1,0
[3 0 5],11,0,11,0
[3 0 6],2,0,2,0
[3 0 8],6,1,7,0
[3 0 10],1,1,2,0
[3 0 15],2,0,2,0
[3 0 17],1,0,1,0
[3 0 22],2,0,2,0
[3 1 6],2,0,2,0
[3 1 7],10,2,12,0
[3 1 9],6,0,6,0
[3 1 16],5,0,5,0
[3 2 3],3,3,6,0
[3 2 6],24,6,30,0
[3 2 8],1,1,2,0
[3 2 10],1,0,1,0
[3 2 14],2,0,2,0
[3 2 28],1,0,1,0
[3 2 35],1,1,2,0
[3 3 3],13,0,13,0
[3 3 5],7,7,14,0
[3 3 6],2,1,3,0
[3 3 8],1,0,1,0
[3 3 10],1,0,1,0
[3 3 14],2,0,2,0
[3 3 15],2,0,2,0
[3 3 17],1,0,1,0
[3 3 35],2,0,2,0
[3 4 3],6,0,6,0
[3 4 5],4,1,5,0
[3 4 6],4,1,5,0
[3 4 8],2,0,2,0
[3 4 10],3,0,3,0
[3 4 15],1,0,1,0
[3 4 17],2,0,2,0
[3 8 3],7,2,9,0
[3 8 5],6,2,8,0
[3 8 6],5,1,6,0
[3 8 8],6,3,9,0
[3 8 10],1,0,1,0
[3 8 14],1,0,1,0
[3 8 15],1,0,1,0
[3 8 17],3,1,4,0
[3 8 35],2,1,3,0
[3 11 3],2,1,3,0
[3 11 5],3,0,3,0
[3 11 6],3,0,3,0
[3 11 7],2,0,2,0
[3 11 8],1,0,1,0
[3 11 10],1,0,1,0
[3 11 14],1,0,1,0
[3 11 35],1,0,1,0
[3 12 4],1,0,1,0
[3 12 41],2,0,2,0
[3 14 5],2,1,3,0
[3 14 6],2,1,3,0
[3 14 14],1,0,1,0
[3 15 0],3,0,3,0
[3 15 2],2,0,2,0
[3 15 3],1,1,2,0
[3 15 5],1,0,1,0
[3 15 8],1,0,1,0
[3 15 10],2,0,2,0
[3 15 11],1,0,1,0
[3 15 35],2,0,2,0
[3 15 44],1,0,1,0
[3 17 0],19,5,24,0
[3 17 2],3,0,3,0
[3 17 8],1,0,1,0
[3 17 10],1,0,1,0
[3 17 11],1,0,1,0
[3 17 13],3,0,3,0
[3 17 44],1,0,1,0
[3 18 3],1,0,1,0
[3 18 5],1,0,1,0
[3 18 35],1,0,1,0
[3 18 38],1,0,1,0
[3 21 2],1,0,1,0
[3 21 4],40,5,45,0
[3 21 8],1,0,1,0
[3 21 18],1,0,1,0
[3 21 22],1,0,1,0
[3 22 5],1,1,2,0
[3 23 4],3,1,4,0
[3 24 5],1,0,1,0
[3 24 6],1,0,1,0
[3 24 8],1,0,1,0
[3 26 5],1,0,1,0
[3 34 5],1,0,1,0
[3 34 15],1,0,1,0
[3 40 4],2,0,2,0
[3 42 0],1,0,1,0
[3 42 6],1,0,1,0
[3 42 10],2,0,2,0
[3 44 3],1,0,1,0
[3 44 5],2,0,2,0
[3 44 6],3,0,3,0
[3 44 7],1,0,1,0
[3 44 8],2,0,2,0
[3 44 9],1,0,1,0
[3 44 10],1,0,1,0
[3 44 15],1,0,1,0
[3 45 4],1,0,1,0
[3 45 7],1,0,1,0
[3 48 3],1,0,1,0
[3 48 6],1,0,1,0
[3 50 3],1,0,1,0
[3 50 6],1,0,1,0
[3 50 7],1,1,2,0
[3 50 8],3,0,3,0
[3 50 9],2,0,2,0
[3 50 16],1,0,1,0
[3 50 35],1,0,1,0
[3 55 42],1,0,1,0
[3 56 3],1,0,1,0
[3 56 5],3,0,3,0
[3 56 6],1,0,1,0
[3 67 4],1,0,1,0
[3 68 5],1,0,1,0
[3 69 9],1,0,1,0
[3 82 3],1,0,1,0
[3 83 5],1,0,1,0
[3 83 10],1,0,1,0
[3 89 5],1,0,1,0
[3 91 3],1,0,1,0
[3 91 5],1,0,1,0
[3 94 17],1,0,1,0
[3 97 0],57,12,69,0
[3 97 2],8,1,9,0
[3 97 3],3,1,4,0
[3 97 10],2,0,2,0
[3 97 11],1,1,2,0
[3 97 13],1,1,2,0
[3 97 14],1,0,1,0
[3 97 44],3,0,3,0
[3 98 0],1,0,1,0
[3 98 4],1,0,1,0
[4 0 3],6,2,8,0
[4 0 4],2,2,4,0
[4 0 5],15,2,17,0
[4 0 6],7,0,7,0
[4 0 8],13,1,14,0
[4 0 10],4,0,4,0
[4 0 14],2,0,2,0
[4 0 15],2,0,2,0
[4 0 17],1,0,1,0
[4 0 18],1,1,2,0
[4 0 22],1,0,1,0
[4 0 35],1,0,1,0
[4 0 54],1,0,1,0
[4 0 63],1,0,1,0
[4 1 6],1,0,1,0
[4 1 7],17,5,22,0
[4 1 9],16,1,17,0
[4 1 16],3,0,3,0
[4 2 3],15,1,16,0
[4 2 6],27,8,35,0
[4 2 8],3,1,4,0
[4 2 10],6,0,6,0
[4 2 14],1,0,1,0
[4 2 15],1,1,2,0
[4 2 33],1,0,1,0
[4 2 35],1,0,1,0
[4 3 3],6,0,6,0
[4 3 5],5,1,6,0
[4 3 6],1,0,1,0
[4 3 8],4,0,4,0
[4 3 14],1,0,1,0
[4 3 15],2,0,2,0
[4 3 17],1,0,1,0
[4 4 3],13,10,23,0
[4 4 5],23,4,27,0
[4 4 6],10,3,13,0
[4 4 8],8,1,9,0
[4 4 10],3,2,5,0
[4 4 14],2,0,2,0
[4 4 15],1,1,2,0
[4 4 17],2,1,3,0
[4 6 8],1,0,1,0
[4 8 3],9,3,12,0
[4 8 5],16,6,22,0
[4 8 6],13,6,19,0
[4 8 8],5,5,10,0
[4 8 10],1,5,6,0
[4 8 14],1,0,1,0
[4 8 15],3,1,4,0
[4 8 17],2,1,3,0
[4 8 38],2,0,2,0
[4 11 3],2,0,2,0
[4 11 5],2,1,3,0
[4 11 6],1,1,2,0
[4 11 7],1,2,3,0
[4 11 8],1,0,1,0
[4 11 15],1,1,2,0
[4 12 5],1,0,1,0
[4 14 3],2,1,3,0
[4 14 5],1,0,1,0
[4 14 6],5,3,8,0
[4 15 8],1,0,1,0
[4 15 10],1,0,1,0
[4 15 35],2,0,2,0
[4 17 0],64,17,81,0
[4 17 2],4,3,7,0
[4 17 11],1,1,2,0
[4 17 13],2,3,5,0
[4 17 14],1,0,1,0
[4 17 20],1,0,1,0
[4 17 28],1,0,1,0
[4 17 53],3,1,4,0
[4 18 5],1,0,1,0
[4 18 17],1,0,1,0
[4 21 0],1,0,1,0
[4 21 2],1,2,3,0
[4 21 4],51,13,64,0
[4 21 18],1,0,1,0
[4 21 20],2,0,2,0
[4 23 4],6,0,6,0
[4 24 3],1,1,2,0
[4 24 4],1,0,1,0
[4 24 8],3,0,3,0
[4 32 5],1,0,1,0
[4 38 6],1,0,1,0
[4 43 5],2,0,2,0
[4 44 5],1,0,1,0
[4 45 9],1,0,1,0
[4 47 8],1,0,1,0
[4 47 9],2,0,2,0
[4 48 3],1,0,1,0
[4 48 8],2,0,2,0
[4 56 2],1,0,1,0
[4 56 3],4,0,4,0
[4 56 5],3,1,4,0
[4 56 6],1,0,1,0
[4 56 8],3,0,3,0
[4 59 5],1,0,1,0
[4 59 6],1,0,1,0
[4 59 8],1,0,1,0
[4 59 10],1,0,1,0
[4 61 4],1,0,1,0
[4 67 7],1,0,1,0
[4 78 5],1,0,1,0
[4 82 5],1,0,1,0
[4 82 8],1,0,1,0
[4 83 5],1,1,2,0
[4 83 8],1,0,1,0
[4 83 15],1,0,1,0
[4 89 3],1,0,1,0
[4 96 4],1,0,1,0
[4 97 0],112,27,139,0
[4 97 2],11,1,12,0
[4 97 3],7,4,11,0
[4 97 8],7,1,8,0
[4 97 10],1,0,1,0
[4 97 11],6,2,8,0
[4 97 13],4,1,5,0
[4 97 14],4,0,4,0
[4 97 20],2,0,2,0
[4 97 33],1,0,1,0
[4 97 44],1,0,1,0
[4 97 53],2,1,3,0
[5 0 3],10,2,12,0
[5 0 4],1,0,1,0
[5 0 5],14,2,16,0
[5 0 6],12,4,16,0
[5 0 7],1,2,3,0
[5 0 8],5,4,9,0
[5 0 10],3,1,4,0
[5 0 14],6,0,6,0
[5 0 15],1,0,1,0
[5 0 17],1,0,1,0
[5 3 0],1,0,1,0
[5 4 5],1,0,1,0
[5 5 3],1,0,1,0
[5 5 5],1,0,1,0
[5 5 6],1,0,1,0
[5 6 8],2,0,2,0
[5 7 2],1,0,1,0
[5 7 3],8,6,14,0
[5 7 4],2,3,5,0
[5 7 8],3,2,5,0
[5 7 10],9,0,9,0
[5 7 14],1,0,1,0
[5 9 3],1,0,1,0
[5 9 10],1,0,1,0
[5 10 4],9,1,10,0
[5 10 7],11,0,11,0
[5 10 9],3,0,3,0
[5 10 16],4,0,4,0
[5 11 6],1,0,1,0
[5 12 3],1,0,1,0
[5 12 6],1,0,1,0
[5 14 6],1,0,1,0
[5 15 0],1,0,1,0
[5 15 20],1,0,1,0
[5 20 3],1,0,1,0
[5 20 4],3,2,5,0
[5 20 6],1,0,1,0
[5 20 7],3,1,4,0
[5 20 8],2,0,2,0
[5 20 9],3,1,4,0
[5 20 12],1,0,1,0
[5 20 14],1,0,1,0
[5 20 16],1,2,3,0
[5 22 3],1,0,1,0
[5 22 4],1,1,2,0
[5 22 7],5,1,6,0
[5 22 16],2,0,2,0
[5 23 0],1,0,1,0
[5 23 4],6,0,6,0
[5 23 7],9,2,11,0
[5 23 8],1,0,1,0
[5 23 9],3,0,3,0
[5 23 16],3,1,4,0
[5 24 16],1,0,1,0
[5 25 16],1,0,1,0
[5 26 2],1,0,1,0
[5 26 4],1,0,1,0
[5 26 7],2,0,2,0
[5 26 13],1,0,1,0
[5 28 4],4,2,6,0
[5 28 7],13,2,15,0
[5 28 8],2,0,2,0
[5 28 9],6,0,6,0
[5 28 16],9,2,11,0
[5 29 5],1,0,1,0
[5 29 33],1,0,1,0
[5 30 6],1,0,1,0
[5 32 2],1,0,1,0
[5 32 8],1,0,1,0
[5 35 4],3,2,5,0
[5 35 7],9,0,9,0
[5 35 8],1,0,1,0
[5 35 9],3,1,4,0
[5 35 16],1,0,1,0
[5 37 3],2,0,2,0
[5 37 38],1,0,1,0
[5 38 4],3,0,3,0
[5 38 9],1,0,1,0
[5 38 16],1,0,1,0
[5 40 3],3,1,4,0
[5 40 8],1,0,1,0
[5 40 10],1,0,1,0
[5 40 14],2,1,3,0
[5 41 2],1,0,1,0
[5 41 6],1,0,1,0
[5 44 14],1,0,1,0
[5 49 4],1,0,1,0
[5 49 7],2,0,2,0
[5 49 9],1,0,1,0
[5 51 3],9,4,13,0
[5 51 6],12,5,17,0
[5 51 8],5,4,9,0
[5 51 14],1,0,1,0
[5 52 4],2,0,2,0
[5 52 7],9,0,9,0
[5 52 9],2,1,3,0
[5 52 16],1,0,1,0
[5 53 3],1,0,1,0
[5 55 4],1,0,1,0
[5 56 3],1,0,1,0
[5 59 9],1,0,1,0
[5 61 3],1,0,1,0
[5 61 4],1,0,1,0
[5 61 16],1,0,1,0
[5 63 4],2,0,2,0
[5 63 7],1,1,2,0
[5 63 8],1,0,1,0
[5 65 8],1,0,1,0
[5 65 14],1,0,1,0
[5 66 4],2,1,3,0
[5 67 2],1,0,1,0
[5 67 4],3,1,4,0
[5 67 6],1,0,1,0
[5 67 8],1,0,1,0
[5 67 9],1,0,1,0
[5 67 13],1,0,1,0
[5 71 4],1,0,1,0
[5 71 22],1,0,1,0
[5 72 4],1,0,1,0
[5 72 6],1,0,1,0
[5 72 7],2,0,2,0
[5 73 4],2,0,2,0
[5 73 7],1,0,1,0
[5 74 4],2,1,3,0
[5 74 7],3,0,3,0
[5 74 9],3,0,3,0
[5 74 16],2,0,2,0
[5 74 42],1,0,1,0
[5 75 6],1,1,2,0
[5 78 4],2,1,3,0
[5 78 9],1,0,1,0
[5 80 7],1,0,1,0
[5 84 3],1,0,1,0
[5 84 4],1,0,1,0
[5 97 0],5,0,5,0
[5 97 2],1,0,1,0
[5 97 3],2,0,2,0
[6 0 0],266,60,326,0
[6 0 5],3,0,3,0
[6 0 6],3,0,3,0
[6 0 8],5,0,5,0
[6 0 13],3,1,4,0
[6 0 18],3,0,3,0
[6 1 7],3,1,4,0
[6 1 9],2,0,2,0
[6 2 3],1,0,1,0
[6 5 0],1,0,1,0
[6 5 2],1,0,1,0
[6 5 3],1,0,1,0
[6 5 8],1,0,1,0
[6 6 2],1,0,1,0
[6 6 3],1,0,1,0
[6 6 5],3,0,3,0
[6 6 6],2,0,2,0
[6 6 7],2,0,2,0
[6 6 8],1,1,2,0
[6 6 9],1,0,1,0
[6 6 10],1,0,1,0
[6 6 13],2,0,2,0
[6 6 14],2,0,2,0
[6 6 17],2,0,2,0
[6 7 0],2,1,3,0
[6 7 6],1,0,1,0
[6 9 8],1,0,1,0
[6 10 8],1,1,2,0
[6 10 9],1,0,1,0
[6 13 7],2,0,2,0
[6 13 9],2,1,3,0
[6 13 17],1,0,1,0
[6 16 2],31,5,36,0
[6 16 7],1,0,1,0
[6 16 8],1,0,1,0
[6 16 13],6,2,8,0
[6 16 37],2,1,3,0
[6 19 7],6,0,6,0
[6 19 16],4,0,4,0
[6 19 30],1,0,1,0
[6 21 13],1,0,1,0
[6 22 6],1,0,1,0
[6 22 7],1,0,1,0
[6 22 8],1,0,1,0
[6 26 5],1,0,1,0
[6 31 0],1,0,1,0
[6 32 0],2,0,2,0
[6 32 2],1,0,1,0
[6 32 6],1,0,1,0
[6 33 2],7,0,7,0
[6 33 13],2,1,3,0
[6 36 5],1,0,1,0
[6 36 9],1,1,2,0
[6 41 0],1,0,1,0
[6 44 3],1,0,1,0
[6 45 7],1,0,1,0
[6 58 2],18,5,23,0
[6 58 8],1,0,1,0
[6 58 13],4,3,7,0
[6 60 2],11,0,11,0
[6 60 11],1,0,1,0
[6 60 13],2,1,3,0
[6 61 3],1,0,1,0
[6 62 9],1,0,1,0
[6 62 12],1,0,1,0
[6 67 2],1,0,1,0
[6 84 7],1,0,1,0
[6 86 0],1,1,2,0
[6 88 4],1,0,1,0
[6 88 7],3,2,5,0
[6 97 2],2,0,2,0
[6 98 6],1,0,1,0
[7 0 3],4,5,9,0
[7 0 5],21,9,30,0
[7 0 6],6,2,8,0
[7 0 7],15,4,19,0
[7 0 8],3,0,3,0
[7 0 9],3,0,3,0
[7 0 10],2,0,2,0
[7 0 12],1,0,1,0
[7 0 14],4,0,4,0
[7 0 15],1,0,1,0
[7 0 16],13,2,15,0
[7 0 22],1,0,1,0
[7 1 7],2,0,2,0
[7 1 9],2,0,2,0
[7 2 6],2,0,2,0
[7 2 8],1,0,1,0
[7 5 3],40,9,49,0
[7 5 5],12,5,17,0
[7 5 6],8,3,11,0
[7 5 7],12,0,12,0
[7 5 8],10,2,12,0
[7 5 10],18,4,22,0
[7 5 14],4,1,5,0
[7 5 15],1,0,1,0
[7 5 28],7,8,15,0
[7 5 30],1,0,1,0
[7 7 3],4,6,10,0
[7 7 5],1,0,1,0
[7 7 6],1,0,1,0
[7 7 8],2,1,3,0
[7 7 10],3,1,4,0
[7 7 14],7,2,9,0
[7 8 6],1,1,2,0
[7 10 2],1,0,1,0
[7 10 8],1,0,1,0
[7 11 3],1,0,1,0
[7 11 6],1,0,1,0
[7 11 10],1,0,1,0
[7 12 0],2,0,2,0
[7 15 0],4,1,5,0
[7 15 11],1,0,1,0
[7 19 7],1,0,1,0
[7 20 3],1,1,2,0
[7 20 5],1,0,1,0
[7 20 6],1,2,3,0
[7 20 8],1,0,1,0
[7 20 48],1,0,1,0
[7 22 3],2,1,3,0
[7 22 7],4,0,4,0
[7 22 14],1,0,1,0
[7 24 2],1,0,1,0
[7 24 8],1,0,1,0
[7 24 17],1,0,1,0
[7 25 4],1,0,1,0
[7 25 6],1,0,1,0
[7 26 4],2,0,2,0
[7 26 8],1,0,1,0
[7 28 3],1,0,1,0
[7 28 5],2,1,3,0
[7 28 15],2,0,2,0
[7 29 0],1,0,1,0
[7 29 2],1,0,1,0
[7 29 3],4,1,5,0
[7 29 5],2,1,3,0
[7 29 6],9,4,13,0
[7 29 7],3,2,5,0
[7 29 8],5,1,6,0
[7 29 14],3,0,3,0
[7 29 15],2,0,2,0
[7 29 17],1,0,1,0
[7 29 18],1,0,1,0
[7 29 28],4,0,4,0
[7 30 3],1,0,1,0
[7 30 6],1,0,1,0
[7 31 3],2,0,2,0
[7 31 5],1,0,1,0
[7 31 34],1,0,1,0
[7 32 3],1,0,1,0
[7 32 8],2,0,2,0
[7 32 14],2,0,2,0
[7 35 7],1,0,1,0
[7 35 16],1,0,1,0
[7 38 3],2,0,2,0
[7 38 5],1,0,1,0
[7 38 6],1,0,1,0
[7 38 7],2,0,2,0
[7 38 8],1,0,1,0
[7 38 17],1,0,1,0
[7 40 3],1,0,1,0
[7 40 5],1,0,1,0
[7 40 8],2,0,2,0
[7 40 10],2,0,2,0
[7 40 14],1,0,1,0
[7 40 16],1,0,1,0
[7 40 17],1,0,1,0
[7 41 5],1,0,1,0
[7 44 7],1,0,1,0
[7 44 16],2,0,2,0
[7 49 6],1,0,1,0
[7 51 3],3,0,3,0
[7 51 5],2,0,2,0
[7 51 8],2,1,3,0
[7 51 10],1,1,2,0
[7 51 14],2,1,3,0
[7 52 6],1,0,1,0
[7 54 3],1,0,1,0
[7 54 8],1,0,1,0
[7 54 10],1,0,1,0
[7 61 8],1,0,1,0
[7 61 15],1,0,1,0
[7 65 4],2,2,4,0
[7 65 16],1,0,1,0
[7 70 0],3,0,3,0
[7 71 5],1,0,1,0
[7 71 8],1,0,1,0
[7 73 15],1,0,1,0
[7 74 3],1,1,2,0
[7 75 3],3,0,3,0
[7 75 15],1,0,1,0
[7 85 5],1,0,1,0
[7 86 42],1,0,1,0
[7 97 0],7,0,7,0
[7 97 2],2,0,2,0
[7 97 11],1,0,1,0
[7 99 2],1,0,1,0
[8 0 3],11,2,13,0
[8 0 4],2,2,4,0
[8 0 5],25,12,37,0
[8 0 6],3,2,5,0
[8 0 8],7,0,7,0
[8 0 9],1,0,1,0
[8 0 10],2,1,3,0
[8 0 14],1,0,1,0
[8 0 15],4,1,5,0
[8 0 17],2,0,2,0
[8 0 53],1,0,1,0
[8 1 7],13,7,20,0
[8 1 9],14,4,18,0
[8 1 16],7,1,8,0
[8 1 34],1,0,1,0
[8 2 3],9,2,11,0
[8 2 5],3,0,3,0
[8 2 6],32,9,41,0
[8 2 8],8,4,12,0
[8 2 9],1,0,1,0
[8 2 10],3,1,4,0
[8 2 14],1,0,1,0
[8 2 35],2,2,4,0
[8 2 59],1,0,1,0
[8 3 3],5,3,8,0
[8 3 5],12,5,17,0
[8 3 6],3,2,5,0
[8 3 8],10,2,12,0
[8 3 10],5,1,6,0
[8 3 14],1,0,1,0
[8 3 15],1,0,1,0
[8 3 17],2,0,2,0
[8 3 35],2,1,3,0
[8 4 3],14,6,20,0
[8 4 5],30,9,39,0
[8 4 6],13,4,17,0
[8 4 8],4,5,9,0
[8 4 10],7,3,10,0
[8 4 14],2,0,2,0
[8 4 15],5,1,6,0
[8 4 17],5,0,5,0
[8 4 35],1,1,2,0
[8 4 38],2,0,2,0
[8 5 5],1,0,1,0
[8 7 5],1,0,1,0
[8 8 3],19,7,26,0
[8 8 5],42,10,52,0
[8 8 6],27,8,35,0
[8 8 8],11,1,12,0
[8 8 10],6,1,7,0
[8 8 14],3,0,3,0
[8 8 15],2,1,3,0
[8 8 17],2,1,3,0
[8 8 55],2,0,2,0
[8 8 69],1,0,1,0
[8 9 3],1,1,2,0
[8 9 5],2,0,2,0
[8 9 6],1,1,2,0
[8 9 8],2,0,2,0
[8 9 17],1,0,1,0
[8 11 3],6,0,6,0
[8 11 5],2,1,3,0
[8 11 6],4,0,4,0
[8 11 8],1,1,2,0
[8 11 10],3,1,4,0
[8 11 14],2,0,2,0
[8 11 15],2,1,3,0
[8 12 5],1,0,1,0
[8 12 8],3,0,3,0
[8 14 3],1,0,1,0
[8 14 6],1,0,1,0
[8 14 8],2,0,2,0
[8 15 0],3,2,5,0
[8 15 3],1,0,1,0
[8 15 5],3,0,3,0
[8 15 6],1,0,1,0
[8 15 13],1,0,1,0
[8 15 14],2,0,2,0
[8 17 0],80,28,108,0
[8 17 2],5,3,8,0
[8 17 11],2,1,3,0
[8 17 13],2,0,2,0
[8 17 44],1,0,1,0
[8 17 53],1,0,1,0
[8 18 3],4,0,4,0
[8 18 5],8,2,10,0
[8 18 6],1,0,1,0
[8 18 8],1,0,1,0
[8 18 10],1,0,1,0
[8 18 35],3,0,3,0
[8 18 38],1,0,1,0
[8 20 7],1,0,1,0
[8 21 0],1,0,1,0
[8 21 4],56,16,72,0
[8 22 17],1,0,1,0
[8 23 0],1,0,1,0
[8 23 4],4,2,6,0
[8 24 3],6,1,7,0
[8 24 5],3,0,3,0
[8 24 8],1,0,1,0
[8 25 5],1,1,2,0
[8 25 9],1,0,1,0
[8 26 3],2,0,2,0
[8 32 5],1,1,2,0
[8 34 15],1,0,1,0
[8 41 4],1,0,1,0
[8 41 5],1,1,2,0
[8 42 6],1,0,1,0
[8 43 3],1,1,2,0
[8 43 5],1,0,1,0
[8 43 15],1,0,1,0
[8 44 3],1,0,1,0
[8 44 5],1,0,1,0
[8 44 6],2,0,2,0
[8 44 8],1,0,1,0
[8 44 15],1,0,1,0
[8 44 16],1,0,1,0
[8 45 4],1,0,1,0
[8 47 6],1,0,1,0
[8 47 7],1,1,2,0
[8 47 9],1,0,1,0
[8 48 3],2,0,2,0
[8 48 5],2,0,2,0
[8 48 14],1,0,1,0
[8 49 6],1,0,1,0
[8 50 5],1,0,1,0
[8 52 0],1,0,1,0
[8 56 3],2,0,2,0
[8 56 5],6,3,9,0
[8 56 6],6,2,8,0
[8 56 8],4,2,6,0
[8 56 10],1,0,1,0
[8 56 15],2,1,3,0
[8 59 5],1,2,3,0
[8 68 5],3,0,3,0
[8 68 10],1,0,1,0
[8 70 0],1,1,2,0
[8 74 14],1,0,1,0
[8 76 5],1,0,1,0
[8 76 17],1,0,1,0
[8 83 3],1,0,1,0
[8 85 5],1,0,1,0
[8 86 4],1,0,1,0
[8 86 20],1,0,1,0
[8 91 5],3,2,5,0
[8 91 35],2,0,2,0
[8 97 0],147,38,185,0
[8 97 2],16,2,18,0
[8 97 3],5,2,7,0
[8 97 8],1,3,4,0
[8 97 10],5,1,6,0
[8 97 11],9,0,9,0
[8 97 13],4,0,4,0
[8 97 14],3,0,3,0
[8 97 17],2,0,2,0
[8 97 20],1,0,1,0
[8 97 35],1,0,1,0
[8 97 44],6,0,6,0
[8 97 53],1,0,1,0
[9 0 3],2,2,4,0
[9 0 4],3,0,3,0
[9 0 5],1,0,1,0
[9 0 8],3,0,3,0
[9 0 14],3,0,3,0
[9 0 15],1,0,1,0
[9 0 17],1,1,2,0
[9 0 22],2,0,2,0
[9 1 6],4,1,5,0
[9 1 7],13,7,20,0
[9 1 8],1,0,1,0
[9 1 9],13,3,16,0
[9 1 16],6,0,6,0
[9 1 34],1,0,1,0
[9 2 3],3,3,6,0
[9 2 6],8,1,9,0
[9 2 10],4,0,4,0
[9 2 14],1,0,1,0
[9 2 15],1,0,1,0
[9 4 5],2,0,2,0
[9 5 10],1,0,1,0
[9 6 8],1,0,1,0
[9 8 5],1,0,1,0
[9 8 15],1,0,1,0
[9 9 3],9,3,12,0
[9 9 5],2,2,4,0
[9 9 6],2,0,2,0
[9 9 8],3,0,3,0
[9 9 10],3,0,3,0
[9 9 16],1,0,1,0
[9 9 41],1,0,1,0
[9 10 8],1,0,1,0
[9 11 5],1,0,1,0
[9 11 8],1,0,1,0
[9 11 15],1,0,1,0
[9 14 3],4,0,4,0
[9 14 5],1,0,1,0
[9 14 6],1,0,1,0
[9 14 9],1,1,2,0
[9 14 10],2,2,4,0
[9 14 15],1,0,1,0
[9 14 17],2,0,2,0
[9 15 2],1,1,2,0
[9 16 8],1,0,1,0
[9 17 0],1,0,1,0
[9 17 3],2,0,2,0
[9 17 13],1,0,1,0
[9 24 8],1,0,1,0
[9 25 6],1,0,1,0
[9 25 8],1,0,1,0
[9 25 9],1,0,1,0
[9 25 14],1,0,1,0
[9 32 5],1,0,1,0
[9 32 10],1,0,1,0
[9 32 15],1,0,1,0
[9 32 35],1,0,1,0
[9 33 8],1,0,1,0
[9 34 8],1,0,1,0
[9 42 6],1,1,2,0
[9 47 7],1,0,1,0
[9 47 17],1,0,1,0
[9 54 0],1,0,1,0
[9 59 8],1,0,1,0
[9 89 22],1,0,1,0
[9 94 4],1,0,1,0
[9 96 4],1,0,1,0
[9 97 0],3,0,3,0
[9 97 2],5,1,6,0
[9 97 8],1,0,1,0
[9 97 10],1,0,1,0
[9 97 13],1,0,1,0
[10 0 0],94,34,128,0
[10 0 5],1,0,1,0
[10 0 6],5,2,7,0
[10 0 8],6,3,9,0
[10 0 9],1,0,1,0
[10 0 10],1,0,1,0
[10 0 13],1,0,1,0
[10 0 15],1,0,1,0
[10 0 18],3,0,3,0
[10 1 9],1,1,2,0
[10 5 0],76,26,102,0
[10 5 2],3,1,4,0
[10 5 5],1,0,1,0
[10 5 6],1,0,1,0
[10 5 13],1,0,1,0
[10 5 20],2,1,3,0
[10 6 0],1,0,1,0
[10 6 2],4,1,5,0
[10 6 8],1,2,3,0
[10 7 6],1,0,1,0
[10 9 8],1,0,1,0
[10 10 3],2,3,5,0
[10 10 4],2,0,2,0
[10 10 10],3,0,3,0
[10 10 14],4,1,5,0
[10 13 7],1,0,1,0
[10 13 8],1,1,2,0
[10 13 9],3,2,5,0
[10 16 2],1,0,1,0
[10 19 2],1,1,2,0
[10 20 8],1,0,1,0
[10 22 15],1,0,1,0
[10 23 0],1,0,1,0
[10 23 3],2,2,4,0
[10 23 5],4,2,6,0
[10 23 6],2,1,3,0
[10 23 8],2,0,2,0
[10 23 10],1,1,2,0
[10 23 14],3,0,3,0
[10 26 3],1,0,1,0
[10 28 3],3,0,3,0
[10 28 5],1,0,1,0
[10 28 8],1,0,1,0
[10 28 9],1,0,1,0
[10 28 15],1,0,1,0
[10 29 0],6,5,11,0
[10 30 0],2,0,2,0
[10 30 7],1,0,1,0
[10 30 11],1,0,1,0
[10 30 29],1,0,1,0
[10 31 0],6,1,7,0
[10 31 2],1,0,1,0
[10 32 2],1,0,1,0
[10 35 3],4,0,4,0
[10 35 6],1,0,1,0
[10 35 8],2,2,4,0
[10 35 10],1,0,1,0
[10 35 17],1,1,2,0
[10 36 9],1,0,1,0
[10 37 3],1,0,1,0
[10 37 15],1,0,1,0
[10 40 8],1,0,1,0
[10 40 14],1,0,1,0
[10 49 3],1,0,1,0
[10 52 3],2,0,2,0
[10 53 3],1,0,1,0
[10 54 0],3,0,3,0
[10 54 2],1,0,1,0
[10 54 14],1,0,1,0
[10 57 11],6,0,6,0
[10 63 3],1,0,1,0
[10 63 14],1,0,1,0
[10 64 3],2,0,2,0
[10 64 10],1,0,1,0
[10 65 8],1,0,1,0
[10 66 3],1,0,1,0
[10 66 13],1,0,1,0
[10 72 4],1,0,1,0
[10 74 3],1,0,1,0
[10 76 2],1,0,1,0
[10 81 14],1,0,1,0
[10 84 3],1,0,1,0
[10 88 2],2,0,2,0
[10 90 10],1,0,1,0
[10 95 2],1,0,1,0
[10 96 0],19,3,22,0
[10 96 6],1,0,1,0
[10 96 19],1,0,1,0
[10 97 2],1,0,1,0
[11 0 2],8,0,8,0
[11 0 3],12,2,14,0
[11 0 5],49,6,55,0
[11 0 6],4,0,4,0
[11 0 8],4,0,4,0
[11 0 10],8,0,8,0
[11 0 13],2,0,2,0
[11 0 15],1,1,2,0
[11 0 17],2,0,2,0
[11 0 29],1,0,1,0
[11 0 33],1,0,1,0
[11 0 36],2,0,2,0
[11 1 6],9,1,10,0
[11 1 7],39,15,54,0
[11 1 9],14,2,16,0
[11 1 14],1,0,1,0
[11 1 15],1,0,1,0
[11 1 16],3,1,4,0
[11 1 34],2,0,2,0
[11 2 2],1,0,1,0
[11 2 3],18,4,22,0
[11 2 5],9,3,12,0
[11 2 6],42,10,52,0
[11 2 7],2,0,2,0
[11 2 8],6,1,7,0
[11 2 10],7,5,12,0
[11 2 14],4,0,4,0
[11 2 15],2,0,2,0
[11 2 36],2,0,2,0
[11 3 2],2,0,2,0
[11 3 3],3,0,3,0
[11 3 5],8,3,11,0
[11 3 6],1,0,1,0
[11 3 10],1,0,1,0
[11 3 13],3,0,3,0
[11 3 14],1,0,1,0
[11 4 2],4,1,5,0
[11 4 3],3,0,3,0
[11 4 5],12,6,18,0
[11 4 6],1,0,1,0
[11 4 13],1,0,1,0
[11 4 14],1,0,1,0
[11 4 15],2,0,2,0
[11 4 17],1,1,2,0
[11 5 0],1,0,1,0
[11 5 2],1,0,1,0
[11 5 5],3,0,3,0
[11 6 0],1,0,1,0
[11 7 5],1,0,1,0
[11 7 10],1,0,1,0
[11 8 2],7,0,7,0
[11 8 3],4,1,5,0
[11 8 5],11,2,13,0
[11 8 6],3,2,5,0
[11 8 8],2,0,2,0
[11 8 10],1,1,2,0
[11 8 14],1,0,1,0
[11 9 3],2,1,3,0
[11 9 5],10,2,12,0
[11 9 6],1,0,1,0
[11 9 8],2,1,3,0
[11 9 10],3,1,4,0
[11 11 3],14,5,19,0
[11 11 5],4,0,4,0
[11 11 6],2,0,2,0
[11 11 10],4,1,5,0
[11 11 15],1,0,1,0
[11 11 31],1,0,1,0
[11 12 2],1,0,1,0
[11 12 5],3,1,4,0
[11 12 6],1,0,1,0
[11 12 8],3,0,3,0
[11 12 10],1,0,1,0
[11 14 5],1,0,1,0
[11 15 0],14,6,20,0
[11 15 2],9,0,9,0
[11 15 6],1,0,1,0
[11 15 8],1,0,1,0
[11 15 11],3,0,3,0
[11 15 13],1,0,1,0
[11 15 20],1,0,1,0
[11 15 31],1,0,1,0
[11 17 2],1,0,1,0
[11 17 3],5,0,5,0
[11 17 5],1,0,1,0
[11 17 11],1,0,1,0
[11 17 13],1,0,1,0
[11 17 14],1,1,2,0
[11 18 2],1,0,1,0
[11 18 5],3,0,3,0
[11 20 3],1,0,1,0
[11 20 8],2,0,2,0
[11 20 15],1,0,1,0
[11 21 5],1,0,1,0
[11 22 2],1,0,1,0
[11 22 5],4,1,5,0
[11 22 6],1,0,1,0
[11 22 13],1,0,1,0
[11 24 5],1,1,2,0
[11 25 3],1,0,1,0
[11 25 4],1,0,1,0
[11 25 5],1,1,2,0
[11 25 9],2,0,2,0
[11 32 3],2,1,3,0
[11 32 5],4,1,5,0
[11 32 6],1,0,1,0
[11 32 10],1,0,1,0
[11 32 17],3,0,3,0
[11 32 33],1,0,1,0
[11 34 3],3,2,5,0
[11 34 5],1,0,1,0
[11 34 6],1,1,2,0
[11 34 8],1,0,1,0
[11 34 9],1,0,1,0
[11 36 5],1,0,1,0
[11 40 6],1,0,1,0
[11 42 0],6,2,8,0
[11 42 3],1,1,2,0
[11 42 6],1,0,1,0
[11 42 17],1,0,1,0
[11 43 5],2,1,3,0
[11 45 6],1,1,2,0
[11 46 5],1,0,1,0
[11 46 36],1,0,1,0
[11 47 5],3,0,3,0
[11 47 10],1,0,1,0
[11 48 2],1,1,2,0
[11 48 5],2,1,3,0
[11 49 3],1,0,1,0
[11 50 5],1,0,1,0
[11 50 6],1,0,1,0
[11 55 5],1,0,1,0
[11 55 8],1,0,1,0
[11 56 2],2,0,2,0
[11 56 3],2,0,2,0
[11 59 3],2,0,2,0
[11 59 5],1,1,2,0
[11 68 2],1,0,1,0
[11 68 3],1,0,1,0
[11 68 5],3,0,3,0
[11 68 36],1,0,1,0
[11 69 5],1,0,1,0
[11 69 7],1,0,1,0
[11 70 11],1,0,1,0
[11 72 5],1,0,1,0
[11 76 8],1,0,1,0
[11 78 2],1,0,1,0
[11 78 4],1,0,1,0
[11 78 11],4,2,6,0
[11 78 37],1,0,1,0
[11 82 5],1,1,2,0
[11 83 6],1,0,1,0
[11 86 3],1,0,1,0
[11 87 8],1,0,1,0
[11 87 36],1,0,1,0
[11 91 5],1,1,2,0
[11 97 0],20,5,25,0
[11 97 2],17,2,19,0
[11 97 3],3,3,6,0
[11 97 6],2,0,2,0
[11 97 8],2,2,4,0
[11 97 10],5,1,6,0
[11 97 11],4,1,5,0
[11 97 13],2,0,2,0
[11 97 14],1,2,3,0
[11 98 5],1,0,1,0
[12 0 4],3,1,4,0
[12 0 5],8,1,9,0
[12 0 7],2,0,2,0
[12 0 8],1,0,1,0
[12 0 18],1,0,1,0
[12 0 22],4,0,4,0
[12 1 6],1,1,2,0
[12 1 7],14,1,15,0
[12 1 9],10,2,12,0
[12 1 16],4,2,6,0
[12 2 3],6,0,6,0
[12 2 5],2,0,2,0
[12 2 6],11,0,11,0
[12 2 8],4,0,4,0
[12 2 9],1,0,1,0
[12 2 10],1,0,1,0
[12 2 35],3,0,3,0
[12 2 38],1,0,1,0
[12 3 0],1,0,1,0
[12 3 5],2,1,3,0
[12 8 5],1,0,1,0
[12 8 6],2,0,2,0
[12 9 15],1,0,1,0
[12 11 3],1,0,1,0
[12 11 5],2,0,2,0
[12 12 3],28,1,29,0
[12 12 5],11,3,14,0
[12 12 6],10,2,12,0
[12 12 8],4,0,4,0
[12 12 10],8,0,8,0
[12 12 15],4,0,4,0
[12 12 17],5,2,7,0
[12 12 33],1,0,1,0
[12 12 55],1,0,1,0
[12 14 5],1,0,1,0
[12 14 6],2,0,2,0
[12 14 8],1,0,1,0
[12 15 0],1,0,1,0
[12 20 0],2,0,2,0
[12 21 3],1,0,1,0
[12 21 4],4,0,4,0
[12 32 8],1,0,1,0
[12 42 0],3,0,3,0
[12 42 6],2,1,3,0
[12 42 8],1,0,1,0
[12 45 4],1,1,2,0
[12 45 5],1,0,1,0
[12 45 17],1,0,1,0
[12 61 5],1,0,1,0
[12 70 0],10,0,10,0
[12 82 6],1,0,1,0
[12 85 4],1,0,1,0
[12 94 4],2,1,3,0
[12 97 2],1,0,1,0
[12 98 5],1,0,1,0
[13 0 0],142,24,166,0
[13 0 2],13,2,15,0
[13 0 5],2,0,2,0
[13 0 6],1,0,1,0
[13 0 8],4,2,6,0
[13 0 13],2,2,4,0
[13 0 15],1,0,1,0
[13 0 18],2,0,2,0
[13 0 20],3,1,4,0
[13 0 29],4,1,5,0
[13 1 9],3,0,3,0
[13 5 0],3,1,4,0
[13 6 2],17,3,20,0
[13 6 13],1,1,2,0
[13 6 15],2,0,2,0
[13 6 17],1,0,1,0
[13 7 0],1,0,1,0
[13 10 2],9,0,9,0
[13 10 8],1,2,3,0
[13 10 13],1,0,1,0
[13 13 2],2,0,2,0
[13 13 3],10,0,10,0
[13 13 8],5,0,5,0
[13 13 10],2,0,2,0
[13 13 14],1,0,1,0
[13 13 15],1,0,1,0
[13 13 16],1,0,1,0
[13 16 2],5,1,6,0
[13 16 13],1,0,1,0
[13 19 2],4,1,5,0
[13 19 8],2,0,2,0
[13 19 13],3,0,3,0
[13 20 0],1,2,3,0
[13 20 7],1,0,1,0
[13 22 2],1,0,1,0
[13 22 3],1,0,1,0
[13 22 7],1,0,1,0
[13 23 2],1,0,1,0
[13 24 2],1,0,1,0
[13 33 2],1,0,1,0
[13 33 13],1,0,1,0
[13 33 15],1,0,1,0
[13 35 3],1,0,1,0
[13 35 8],1,0,1,0
[13 39 2],3,0,3,0
[13 39 13],2,0,2,0
[13 40 0],1,1,2,0
[13 43 2],2,0,2,0
[13 46 2],2,0,2,0
[13 49 2],1,0,1,0
[13 49 3],1,0,1,0
[13 51 6],1,0,1,0
[13 57 11],1,0,1,0
[13 58 2],1,0,1,0
[13 58 15],1,0,1,0
[13 60 8],1,0,1,0
[13 60 13],1,0,1,0
[13 62 2],4,0,4,0
[13 62 13],1,0,1,0
[13 62 14],1,0,1,0
[13 66 2],1,0,1,0
[13 77 2],2,0,2,0
[13 88 2],2,0,2,0
[13 88 3],1,0,1,0
[13 88 4],1,0,1,0
[13 97 2],2,0,2,0
[14 0 2],2,0,2,0
[14 0 3],1,0,1,0
[14 0 5],61,8,69,0
[14 0 6],1,0,1,0
[14 0 8],1,0,1,0
[14 0 15],1,1,2,0
[14 1 6],14,0,14,0
[14 1 7],26,12,38,0
[14 1 9],19,2,21,0
[14 1 11],1,0,1,0
[14 1 14],1,0,1,0
[14 1 16],4,1,5,0
[14 1 34],5,0,5,0
[14 2 2],1,0,1,0
[14 2 3],7,1,8,0
[14 2 5],19,6,25,0
[14 2 6],30,4,34,0
[14 2 8],2,0,2,0
[14 2 10],2,0,2,0
[14 2 14],2,0,2,0
[14 2 15],1,3,4,0
[14 2 17],1,0,1,0
[14 2 33],1,0,1,0
[14 2 36],1,0,1,0
[14 3 5],9,3,12,0
[14 3 13],1,0,1,0
[14 3 14],1,0,1,0
[14 4 2],1,0,1,0
[14 4 3],1,0,1,0
[14 4 5],7,2,9,0
[14 4 10],1,0,1,0
[14 4 13],1,0,1,0
[14 4 15],2,0,2,0
[14 5 5],1,0,1,0
[14 6 5],1,0,1,0
[14 7 5],1,0,1,0
[14 8 2],3,0,3,0
[14 8 5],4,3,7,0
[14 8 8],1,0,1,0
[14 9 2],2,0,2,0
[14 9 3],5,0,5,0
[14 9 5],15,3,18,0
[14 9 6],2,0,2,0
[14 9 7],1,0,1,0
[14 9 10],2,1,3,0
[14 9 14],1,0,1,0
[14 9 15],2,0,2,0
[14 9 17],1,0,1,0
[14 12 5],5,0,5,0
[14 12 6],1,0,1,0
[14 13 5],2,0,2,0
[14 14 33],1,0,1,0
[14 15 0],3,1,4,0
[14 15 2],5,1,6,0
[14 15 3],1,0,1,0
[14 15 5],8,1,9,0
[14 15 8],1,0,1,0
[14 15 10],1,0,1,0
[14 15 11],1,0,1,0
[14 15 20],3,0,3,0
[14 15 36],2,0,2,0
[14 17 0],1,0,1,0
[14 17 3],4,0,4,0
[14 17 5],1,0,1,0
[14 17 10],3,0,3,0
[14 18 2],1,0,1,0
[14 18 5],3,1,4,0
[14 19 5],1,0,1,0
[14 21 5],2,0,2,0
[14 22 2],1,0,1,0
[14 22 5],2,0,2,0
[14 24 5],2,0,2,0
[14 24 48],1,0,1,0
[14 32 5],2,0,2,0
[14 32 6],1,0,1,0
[14 34 5],4,0,4,0
[14 34 6],3,1,4,0
[14 34 7],2,0,2,0
[14 34 8],1,0,1,0
[14 34 14],1,0,1,0
[14 38 5],1,0,1,0
[14 39 8],1,0,1,0
[14 41 5],1,0,1,0
[14 42 0],9,2,11,0
[14 42 3],1,0,1,0
[14 42 6],8,3,11,0
[14 42 8],1,0,1,0
[14 42 9],3,0,3,0
[14 42 20],2,2,4,0
[14 42 29],1,0,1,0
[14 44 5],2,0,2,0
[14 46 5],1,0,1,0
[14 47 7],1,0,1,0
[14 48 5],3,1,4,0
[14 48 36],1,0,1,0
[14 50 5],2,0,2,0
[14 50 7],1,0,1,0
[14 56 5],1,0,1,0
[14 59 5],1,0,1,0
[14 61 5],1,0,1,0
[14 68 5],1,2,3,0
[14 69 5],2,0,2,0
[14 70 5],1,0,1,0
[14 79 5],1,0,1,0
[14 83 5],1,0,1,0
[14 87 2],1,0,1,0
[14 87 5],5,0,5,0
[14 87 36],3,0,3,0
[14 97 0],6,1,7,0
[14 97 2],3,1,4,0
[14 97 3],1,2,3,0
[14 97 5],1,1,2,0
[14 97 8],1,0,1,0
[14 97 10],2,1,3,0
[14 97 13],1,0,1,0
[14 97 14],1,0,1,0
[14 98 5],2,0,2,0
[15 0 3],1,0,1,0
[15 0 5],18,0,18,0
[15 0 6],1,0,1,0
[15 0 7],19,4,23,0
[15 0 8],2,0,2,0
[15 0 9],9,2,11,0
[15 0 16],5,0,5,0
[15 1 7],12,4,16,0
[15 1 9],7,0,7,0
[15 1 16],2,0,2,0
[15 2 6],9,1,10,0
[15 2 8],1,1,2,0
[15 2 9],1,0,1,0
[15 2 10],1,0,1,0
[15 2 33],1,0,1,0
[15 3 3],1,0,1,0
[15 3 7],3,0,3,0
[15 3 9],1,0,1,0
[15 4 3],1,0,1,0
[15 4 8],1,0,1,0
[15 4 10],1,0,1,0
[15 5 5],1,0,1,0
[15 5 7],1,0,1,0
[15 6 7],1,0,1,0
[15 6 9],1,0,1,0
[15 7 7],1,0,1,0
[15 8 3],1,0,1,0
[15 8 6],1,0,1,0
[15 8 7],1,0,1,0
[15 8 9],1,0,1,0
[15 8 10],1,0,1,0
[15 9 7],1,0,1,0
[15 9 8],1,0,1,0
[15 11 3],2,0,2,0
[15 11 5],2,0,2,0
[15 11 6],1,0,1,0
[15 11 7],5,2,7,0
[15 11 9],2,0,2,0
[15 12 7],2,0,2,0
[15 14 3],2,0,2,0
[15 14 6],1,0,1,0
[15 14 7],3,1,4,0
[15 14 8],1,0,1,0
[15 14 9],4,0,4,0
[15 15 4],1,0,1,0
[15 17 3],9,0,9,0
[15 17 8],1,0,1,0
[15 17 10],3,0,3,0
[15 17 17],1,0,1,0
[15 17 38],1,0,1,0
[15 18 5],2,0,2,0
[15 21 7],1,0,1,0
[15 22 7],1,0,1,0
[15 24 7],1,0,1,0
[15 24 9],2,0,2,0
[15 27 7],1,0,1,0
[15 32 5],6,2,8,0
[15 32 8],1,0,1,0
[15 32 63],1,0,1,0
[15 33 7],2,0,2,0
[15 34 16],1,0,1,0
[15 38 5],1,0,1,0
[15 41 5],1,0,1,0
[15 41 7],1,0,1,0
[15 42 0],4,1,5,0
[15 42 6],1,0,1,0
[15 48 6],1,0,1,0
[15 48 8],1,0,1,0
[15 48 10],1,0,1,0
[15 48 11],1,0,1,0
[15 50 3],1,1,2,0
[15 51 5],1,0,1,0
[15 57 9],1,0,1,0
[15 58 7],1,0,1,0
[15 59 7],3,1,4,0
[15 61 5],1,0,1,0
[15 68 9],1,0,1,0
[15 70 2],1,0,1,0
[15 74 11],2,0,2,0
[15 78 6],1,0,1,0
[15 85 5],1,0,1,0
[15 85 7],1,0,1,0
[15 85 16],1,0,1,0
[15 86 7],1,0,1,0
[15 86 9],1,0,1,0
[15 87 3],1,0,1,0
[15 87 16],1,0,1,0
[15 91 14],1,0,1,0
[15 91 16],1,0,1,0
[15 97 0],11,1,12,0
[15 97 2],1,0,1,0
[15 97 3],12,3,15,0
[15 97 8],2,1,3,0
[15 97 10],7,1,8,0
[15 97 14],3,0,3,0
[15 98 8],1,0,1,0
[16 0 0],119,17,136,0
[16 0 5],1,0,1,0
[16 0 8],5,1,6,0
[16 0 9],1,0,1,0
[16 0 18],1,0,1,0
[16 2 3],2,0,2,0
[16 6 7],2,0,2,0
[16 6 8],1,1,2,0
[16 6 9],14,1,15,0
[16 6 14],1,0,1,0
[16 6 16],5,0,5,0
[16 6 17],1,0,1,0
[16 8 6],1,0,1,0
[16 9 8],1,0,1,0
[16 10 9],1,0,1,0
[16 12 30],1,0,1,0
[16 13 7],2,0,2,0
[16 13 9],2,0,2,0
[16 16 3],1,0,1,0
[16 19 7],2,0,2,0
[16 19 9],8,1,9,0
[16 19 16],2,0,2,0
[16 22 7],1,0,1,0
[16 22 8],1,0,1,0
[16 27 2],2,2,4,0
[16 27 14],1,0,1,0
[16 27 20],1,0,1,0
[16 28 17],1,0,1,0
[16 29 3],1,0,1,0
[16 29 30],1,0,1,0
[16 33 2],6,0,6,0
[16 33 8],1,0,1,0
[16 33 13],2,0,2,0
[16 33 30],1,0,1,0
[16 39 7],1,0,1,0
[16 39 9],3,0,3,0
[16 39 16],1,0,1,0
[16 41 5],1,0,1,0
[16 58 3],1,0,1,0
[16 77 2],1,0,1,0
[16 97 0],1,0,1,0
[16 97 2],1,1,2,0
[17 0 3],1,0,1,0
[17 0 4],1,0,1,0
[17 0 7],6,4,10,0
[17 0 8],2,0,2,0
[17 0 9],1,1,2,0
[17 0 14],1,0,1,0
[17 0 16],1,0,1,0
[17 1 7],8,6,14,0
[17 1 9],3,2,5,0
[17 1 16],5,1,6,0
[17 2 3],5,0,5,0
[17 2 5],1,0,1,0
[17 2 6],2,0,2,0
[17 2 7],4,3,7,0
[17 2 8],1,0,1,0
[17 2 9],1,0,1,0
[17 3 4],1,0,1,0
[17 3 7],9,0,9,0
[17 3 9],1,0,1,0
[17 3 16],2,0,2,0
[17 4 7],12,4,16,0
[17 4 9],5,0,5,0
[17 4 16],4,3,7,0
[17 6 7],2,0,2,0
[17 8 4],1,1,2,0
[17 8 7],8,3,11,0
[17 8 9],4,0,4,0
[17 8 16],3,0,3,0
[17 9 6],1,0,1,0
[17 9 7],1,0,1,0
[17 10 7],1,0,1,0
[17 11 6],1,0,1,0
[17 11 15],1,0,1,0
[17 14 3],2,0,2,0
[17 14 6],2,1,3,0
[17 14 7],1,0,1,0
[17 15 3],3,0,3,0
[17 15 7],1,0,1,0
[17 15 8],1,0,1,0
[17 15 10],1,0,1,0
[17 15 11],1,0,1,0
[17 15 15],1,0,1,0
[17 16 7],2,1,3,0
[17 18 4],1,0,1,0
[17 18 7],6,2,8,0
[17 18 9],1,0,1,0
[17 18 16],2,0,2,0
[17 19 7],2,0,2,0
[17 21 7],4,1,5,0
[17 21 16],1,0,1,0
[17 24 3],1,0,1,0
[17 24 7],5,2,7,0
[17 24 16],2,0,2,0
[17 25 9],2,0,2,0
[17 32 5],1,0,1,0
[17 33 7],1,0,1,0
[17 34 6],1,0,1,0
[17 34 14],1,0,1,0
[17 36 7],1,2,3,0
[17 39 7],1,0,1,0
[17 42 0],1,0,1,0
[17 42 6],1,0,1,0
[17 43 7],1,1,2,0
[17 43 8],1,0,1,0
[17 44 7],1,0,1,0
[17 45 7],1,0,1,0
[17 45 9],1,0,1,0
[17 47 7],1,0,1,0
[17 48 4],1,0,1,0
[17 48 7],1,0,1,0
[17 50 7],1,1,2,0
[17 50 16],1,0,1,0
[17 56 7],2,1,3,0
[17 59 7],1,0,1,0
[17 60 7],1,0,1,0
[17 61 5],1,0,1,0
[17 91 14],1,1,2,0
[17 97 3],6,1,7,0
[17 97 14],1,1,2,0
[17 97 15],1,0,1,0
[18 0 3],7,2,9,0
[18 0 4],11,1,12,0
[18 0 5],8,1,9,0
[18 0 6],3,1,4,0
[18 0 7],7,0,7,0
[18 0 8],1,0,1,0
[18 0 9],2,0,2,0
[18 0 10],1,0,1,0
[18 0 16],1,0,1,0
[18 0 22],21,3,24,0
[18 0 54],1,0,1,0
[18 1 7],3,1,4,0
[18 1 9],1,1,2,0
[18 2 3],6,0,6,0
[18 2 6],4,0,4,0
[18 2 11],1,0,1,0
[18 2 14],2,0,2,0
[18 2 35],1,0,1,0
[18 2 59],1,0,1,0
[18 3 3],3,0,3,0
[18 3 38],1,0,1,0
[18 4 3],1,0,1,0
[18 4 5],1,0,1,0
[18 4 6],2,0,2,0
[18 4 15],1,0,1,0
[18 5 0],1,0,1,0
[18 7 15],1,0,1,0
[18 8 3],2,1,3,0
[18 8 5],2,0,2,0
[18 8 6],5,0,5,0
[18 8 8],3,0,3,0
[18 8 14],1,0,1,0
[18 8 15],1,0,1,0
[18 8 35],2,0,2,0
[18 11 6],2,0,2,0
[18 11 8],1,0,1,0
[18 11 12],1,0,1,0
[18 14 3],1,0,1,0
[18 14 6],1,0,1,0
[18 15 5],1,0,1,0
[18 15 6],1,0,1,0
[18 15 44],1,0,1,0
[18 17 0],31,5,36,0
[18 17 2],1,0,1,0
[18 17 20],1,0,1,0
[18 17 44],1,0,1,0
[18 18 3],8,4,12,0
[18 18 5],4,1,5,0
[18 18 6],3,1,4,0
[18 18 8],4,1,5,0
[18 18 10],1,1,2,0
[18 18 35],2,0,2,0
[18 21 4],32,10,42,0
[18 24 3],2,0,2,0
[18 24 5],1,1,2,0
[18 24 6],1,0,1,0
[18 24 8],2,0,2,0
[18 26 4],1,1,2,0
[18 31 8],1,0,1,0
[18 36 4],3,2,5,0
[18 36 7],1,0,1,0
[18 42 6],1,0,1,0
[18 42 8],1,0,1,0
[18 45 4],1,0,1,0
[18 48 8],1,0,1,0
[18 48 10],1,0,1,0
[18 55 4],13,0,13,0
[18 55 42],2,0,2,0
[18 61 7],1,0,1,0
[18 68 5],1,0,1,0
[18 76 8],1,0,1,0
[18 83 6],1,0,1,0
[18 83 8],1,0,1,0
[18 97 0],32,9,41,0
[18 97 2],4,0,4,0
[18 97 8],1,0,1,0
[18 97 10],1,0,1,0
[18 97 11],3,1,4,0
[18 97 13],2,0,2,0
[18 97 21],2,0,2,0
[18 97 25],1,0,1,0
[18 97 44],2,0,2,0
[19 0 0],100,23,123,0
[19 0 5],1,1,2,0
[19 0 8],2,1,3,0
[19 0 10],1,1,2,0
[19 0 15],1,0,1,0
[19 0 29],8,3,11,0
[19 1 9],1,0,1,0
[19 6 13],5,0,5,0
[19 7 0],10,0,10,0
[19 10 8],1,0,1,0
[19 13 7],1,1,2,0
[19 13 8],2,0,2,0
[19 13 9],3,0,3,0
[19 13 16],3,0,3,0
[19 16 2],12,1,13,0
[19 16 13],3,1,4,0
[19 18 0],2,0,2,0
[19 18 8],1,0,1,0
[19 19 10],2,0,2,0
[19 22 7],1,0,1,0
[19 26 5],1,0,1,0
[19 28 2],1,0,1,0
[19 29 17],1,0,1,0
[19 33 2],1,0,1,0
[19 36 7],1,0,1,0
[19 36 8],1,0,1,0
[19 36 16],1,0,1,0
[19 39 3],1,0,1,0
[19 39 15],1,0,1,0
[19 41 0],1,0,1,0
[19 46 3],1,0,1,0
[19 58 2],1,1,2,0
[19 60 2],2,0,2,0
[19 60 13],2,0,2,0
[19 70 2],1,0,1,0
[19 77 2],1,1,2,0
[19 79 2],1,0,1,0
[19 86 0],1,0,1,0
[19 88 13],2,0,2,0
[19 89 8],1,0,1,0
[19 92 5],1,0,1,0
[20 0 2],2,0,2,0
[20 0 3],3,1,4,0
[20 0 5],6,1,7,0
[20 0 6],5,2,7,0
[20 0 8],1,0,1,0
[20 0 15],2,0,2,0
[20 5 0],12,7,19,0
[20 5 2],5,1,6,0
[20 5 3],1,0,1,0
[20 5 5],2,1,3,0
[20 5 15],1,0,1,0
[20 5 19],1,0,1,0
[20 5 20],4,3,7,0
[20 6 2],1,0,1,0
[20 7 3],1,0,1,0
[20 7 6],2,0,2,0
[20 7 8],1,0,1,0
[20 7 15],1,0,1,0
[20 11 3],1,0,1,0
[20 11 8],1,0,1,0
[20 11 17],1,0,1,0
[20 13 2],2,0,2,0
[20 20 0],1,0,1,0
[20 20 2],1,0,1,0
[20 20 3],10,4,14,0
[20 20 8],1,0,1,0
[20 20 10],3,1,4,0
[20 20 15],1,0,1,0
[20 20 17],2,0,2,0
[20 25 2],1,0,1,0
[20 25 4],1,1,2,0
[20 25 9],1,0,1,0
[20 26 3],1,0,1,0
[20 26 15],1,0,1,0
[20 28 2],1,0,1,0
[20 28 3],7,5,12,0
[20 28 5],3,1,4,0
[20 28 8],2,1,3,0
[20 28 14],1,0,1,0
[20 28 15],1,0,1,0
[20 29 0],38,6,44,0
[20 29 2],1,1,2,0
[20 29 5],1,0,1,0
[20 29 20],3,1,4,0
[20 30 0],5,1,6,0
[20 30 2],2,0,2,0
[20 30 11],1,0,1,0
[20 30 20],1,1,2,0
[20 31 0],1,1,2,0
[20 31 2],1,2,3,0
[20 35 8],1,0,1,0
[20 37 8],1,0,1,0
[20 38 3],1,0,1,0
[20 38 8],1,0,1,0
[20 38 9],1,0,1,0
[20 38 17],2,0,2,0
[20 40 2],2,0,2,0
[20 40 6],2,0,2,0
[20 40 8],1,0,1,0
[20 40 14],1,0,1,0
[20 41 5],1,0,1,0
[20 41 6],1,0,1,0
[20 41 8],1,0,1,0
[20 41 14],1,0,1,0
[20 49 3],1,0,1,0
[20 49 8],1,0,1,0
[20 49 17],1,0,1,0
[20 51 2],1,0,1,0
[20 51 3],1,1,2,0
[20 51 6],1,1,2,0
[20 51 8],1,1,2,0
[20 52 8],1,0,1,0
[20 54 0],7,0,7,0
[20 54 9],1,1,2,0
[20 54 17],1,0,1,0
[20 54 20],1,0,1,0
[20 55 20],1,0,1,0
[20 61 3],1,0,1,0
[20 61 5],2,0,2,0
[20 61 15],1,0,1,0
[20 64 2],4,0,4,0
[20 64 3],2,0,2,0
[20 64 10],1,0,1,0
[20 64 17],1,0,1,0
[20 71 2],11,3,14,0
[20 71 3],4,3,7,0
[20 71 5],5,3,8,0
[20 71 8],5,0,5,0
[20 71 14],1,0,1,0
[20 72 3],1,0,1,0
[20 72 8],1,0,1,0
[20 72 17],1,0,1,0
[20 75 0],1,0,1,0
[20 78 6],1,0,1,0
[20 80 2],5,0,5,0
[20 81 2],4,0,4,0
[20 81 3],2,2,4,0
[20 81 4],1,0,1,0
[20 81 8],2,0,2,0
[20 81 10],1,1,2,0
[20 85 2],2,0,2,0
[20 85 17],1,0,1,0
[20 97 0],1,0,1,0
[20 97 2],1,0,1,0
[20 97 8],1,0,1,0
[21 0 3],2,0,2,0
[21 0 5],2,0,2,0
[21 0 6],2,1,3,0
[21 0 7],1,0,1,0
[21 0 8],3,0,3,0
[21 0 10],1,0,1,0
[21 0 15],1,1,2,0
[21 1 7],2,0,2,0
[21 1 9],4,1,5,0
[21 2 10],1,0,1,0
[21 3 0],34,8,42,0
[21 3 7],5,0,5,0
[21 3 9],6,1,7,0
[21 3 16],1,0,1,0
[21 4 0],27,14,41,0
[21 4 7],10,5,15,0
[21 4 15],2,0,2,0
[21 4 31],1,0,1,0
[21 7 0],1,0,1,0
[21 8 0],37,6,43,0
[21 8 7],7,4,11,0
[21 8 8],1,0,1,0
[21 8 9],1,2,3,0
[21 9 0],2,1,3,0
[21 11 6],1,0,1,0
[21 12 0],6,2,8,0
[21 12 6],1,0,1,0
[21 12 11],1,0,1,0
[21 14 6],2,0,2,0
[21 15 0],2,0,2,0
[21 17 0],16,9,25,0
[21 17 2],1,1,2,0
[21 18 0],25,9,34,0
[21 18 7],1,0,1,0
[21 18 16],2,0,2,0
[21 21 0],3,1,4,0
[21 21 2],1,0,1,0
[21 21 3],2,2,4,0
[21 21 4],5,0,5,0
[21 21 5],2,0,2,0
[21 21 6],3,1,4,0
[21 21 8],1,0,1,0
[21 21 10],2,0,2,0
[21 21 15],1,2,3,0
[21 21 37],1,0,1,0
[21 24 0],25,4,29,0
[21 24 8],1,0,1,0
[21 24 9],1,0,1,0
[21 26 3],1,0,1,0
[21 26 7],1,0,1,0
[21 27 6],1,0,1,0
[21 32 3],1,0,1,0
[21 32 8],2,0,2,0
[21 32 14],1,0,1,0
[21 36 17],1,0,1,0
[21 44 0],1,0,1,0
[21 44 9],1,0,1,0
[21 44 10],1,0,1,0
[21 44 16],3,0,3,0
[21 44 31],1,0,1,0
[21 46 0],3,1,4,0
[21 46 7],2,0,2,0
[21 46 16],1,0,1,0
[21 50 0],7,1,8,0
[21 50 7],4,0,4,0
[21 50 9],1,1,2,0
[21 55 9],1,0,1,0
[21 56 0],10,3,13,0
[21 56 7],1,1,2,0
[21 56 8],1,0,1,0
[21 61 7],1,0,1,0
[21 67 7],1,0,1,0
[21 76 0],3,2,5,0
[21 76 7],1,1,2,0
[21 76 10],1,0,1,0
[21 83 3],1,0,1,0
[21 89 0],1,0,1,0
[21 89 17],1,0,1,0
[21 94 7],1,0,1,0
[21 94 9],1,0,1,0
[21 97 0],30,7,37,0
[21 97 2],6,0,6,0
[21 97 30],1,0,1,0
[21 99 0],2,0,2,0
[22 0 2],33,10,43,0
[22 0 5],11,4,15,0
[22 0 8],3,0,3,0
[22 0 10],1,0,1,0
[22 0 13],18,7,25,0
[22 0 15],1,0,1,0
[22 0 18],1,0,1,0
[22 0 20],3,0,3,0
[22 0 29],35,8,43,0
[22 1 7],4,2,6,0
[22 1 9],2,1,3,0
[22 1 34],1,0,1,0
[22 2 3],2,0,2,0
[22 2 6],3,1,4,0
[22 2 8],1,0,1,0
[22 2 14],1,0,1,0
[22 5 0],2,0,2,0
[22 5 2],3,0,3,0
[22 5 3],2,0,2,0
[22 5 4],1,0,1,0
[22 5 13],3,1,4,0
[22 5 29],4,0,4,0
[22 6 8],1,0,1,0
[22 7 2],1,0,1,0
[22 7 3],1,0,1,0
[22 7 8],2,0,2,0
[22 7 13],1,0,1,0
[22 8 6],1,1,2,0
[22 8 15],1,0,1,0
[22 10 2],1,1,2,0
[22 10 3],1,0,1,0
[22 10 6],1,0,1,0
[22 11 3],1,0,1,0
[22 11 6],2,0,2,0
[22 11 7],1,0,1,0
[22 11 9],1,0,1,0
[22 13 0],1,0,1,0
[22 13 2],2,0,2,0
[22 13 13],1,0,1,0
[22 14 6],1,0,1,0
[22 17 0],1,0,1,0
[22 19 2],1,0,1,0
[22 22 3],18,0,18,0
[22 22 5],7,0,7,0
[22 22 6],2,0,2,0
[22 22 8],6,0,6,0
[22 22 10],1,3,4,0
[22 22 15],1,1,2,0
[22 22 17],2,1,3,0
[22 24 2],1,0,1,0
[22 24 8],1,0,1,0
[22 26 2],1,0,1,0
[22 26 6],1,0,1,0
[22 26 8],2,0,2,0
[22 26 29],1,0,1,0
[22 31 0],1,0,1,0
[22 32 2],1,0,1,0
[22 32 13],1,0,1,0
[22 39 5],1,0,1,0
[22 39 13],3,0,3,0
[22 45 3],3,1,4,0
[22 47 10],1,0,1,0
[22 55 2],1,0,1,0
[22 55 37],1,0,1,0
[22 57 11],2,0,2,0
[22 59 4],1,0,1,0
[22 59 31],1,0,1,0
[22 60 8],1,0,1,0
[22 65 2],1,0,1,0
[22 70 0],1,0,1,0
[22 70 2],4,0,4,0
[22 70 11],5,1,6,0
[22 70 13],1,1,2,0
[22 76 0],1,0,1,0
[22 76 2],1,0,1,0
[22 76 13],1,0,1,0
[22 76 29],1,0,1,0
[22 79 29],1,0,1,0
[22 97 2],9,0,9,0
[22 97 3],1,0,1,0
[22 97 11],1,0,1,0
[22 97 13],2,1,3,0
[23 0 3],5,1,6,0
[23 0 5],1,0,1,0
[23 0 6],12,2,14,0
[23 0 7],2,0,2,0
[23 0 8],3,0,3,0
[23 0 10],2,0,2,0
[23 0 14],2,0,2,0
[23 0 16],1,0,1,0
[23 0 33],1,0,1,0
[23 3 0],7,0,7,0
[23 4 0],17,2,19,0
[23 5 0],94,28,122,0
[23 5 2],3,1,4,0
[23 5 13],3,0,3,0
[23 5 20],5,1,6,0
[23 7 0],1,0,1,0
[23 7 6],1,0,1,0
[23 8 0],11,2,13,0
[23 10 3],1,0,1,0
[23 10 8],3,0,3,0
[23 10 14],1,0,1,0
[23 10 15],1,0,1,0
[23 13 3],1,0,1,0
[23 13 9],1,0,1,0
[23 18 0],2,0,2,0
[23 20 6],1,0,1,0
[23 23 0],1,0,1,0
[23 23 2],1,0,1,0
[23 23 3],4,0,4,0
[23 23 5],1,0,1,0
[23 23 8],1,0,1,0
[23 23 10],1,0,1,0
[23 23 16],1,0,1,0
[23 25 3],1,0,1,0
[23 25 9],1,0,1,0
[23 26 8],1,0,1,0
[23 28 8],1,0,1,0
[23 29 0],1,1,2,0
[23 31 0],13,6,19,0
[23 31 2],1,0,1,0
[23 31 20],2,0,2,0
[23 32 0],1,0,1,0
[23 35 3],1,0,1,0
[23 37 0],1,0,1,0
[23 52 3],2,0,2,0
[23 52 5],1,0,1,0
[23 52 7],2,0,2,0
[23 52 8],1,1,2,0
[23 52 10],3,0,3,0
[23 52 14],1,0,1,0
[23 54 0],2,0,2,0
[23 56 0],3,0,3,0
[23 57 11],3,0,3,0
[23 59 7],1,0,1,0
[23 61 8],1,0,1,0
[23 63 3],5,0,5,0
[23 63 4],1,0,1,0
[23 63 5],1,0,1,0
[23 66 3],1,1,2,0
[23 66 4],5,0,5,0
[23 66 7],3,1,4,0
[23 66 8],5,0,5,0
[23 66 9],1,0,1,0
[23 66 10],1,0,1,0
[23 66 22],1,0,1,0
[23 67 0],1,0,1,0
[23 67 7],1,0,1,0
[23 67 16],1,0,1,0
[23 71 3],1,0,1,0
[23 73 3],2,0,2,0
[23 90 3],1,0,1,0
[23 93 11],1,0,1,0
[23 97 2],3,0,3,0
[24 0 3],5,0,5,0
[24 0 4],1,1,2,0
[24 0 5],5,1,6,0
[24 0 6],3,1,4,0
[24 0 7],5,5,10,0
[24 0 8],7,1,8,0
[24 0 9],2,0,2,0
[24 0 10],4,0,4,0
[24 0 14],1,0,1,0
[24 0 16],2,0,2,0
[24 0 17],1,0,1,0
[24 0 22],6,1,7,0
[24 1 7],1,3,4,0
[24 2 3],2,0,2,0
[24 2 5],1,0,1,0
[24 2 6],5,1,6,0
[24 2 8],1,1,2,0
[24 2 9],1,0,1,0
[24 2 10],2,0,2,0
[24 2 46],1,0,1,0
[24 3 3],1,0,1,0
[24 3 6],2,0,2,0
[24 3 10],1,0,1,0
[24 3 37],1,0,1,0
[24 4 5],1,0,1,0
[24 4 6],2,0,2,0
[24 4 8],3,0,3,0
[24 4 14],1,0,1,0
[24 4 44],1,0,1,0
[24 5 2],1,0,1,0
[24 5 3],1,1,2,0
[24 5 5],1,0,1,0
[24 5 8],1,0,1,0
[24 7 2],1,0,1,0
[24 7 3],1,0,1,0
[24 7 8],1,0,1,0
[24 7 20],1,0,1,0
[24 8 3],4,0,4,0
[24 8 5],1,0,1,0
[24 8 6],1,0,1,0
[24 8 10],1,0,1,0
[24 8 15],1,0,1,0
[24 8 17],1,0,1,0
[24 8 33],1,0,1,0
[24 9 6],1,0,1,0
[24 9 37],1,0,1,0
[24 10 8],1,0,1,0
[24 11 6],4,0,4,0
[24 11 8],1,1,2,0
[24 11 46],1,0,1,0
[24 12 8],1,0,1,0
[24 13 9],1,0,1,0
[24 14 6],1,0,1,0
[24 14 7],2,0,2,0
[24 15 0],6,0,6,0
[24 15 2],2,0,2,0
[24 15 8],1,0,1,0
[24 15 11],1,0,1,0
[24 17 0],21,6,27,0
[24 17 2],1,0,1,0
[24 17 3],1,0,1,0
[24 17 8],1,0,1,0
[24 17 13],2,0,2,0
[24 17 44],1,0,1,0
[24 18 3],1,0,1,0
[24 18 6],1,0,1,0
[24 18 14],1,0,1,0
[24 20 3],1,0,1,0
[24 20 5],1,0,1,0
[24 21 2],1,0,1,0
[24 21 4],47,8,55,0
[24 22 7],1,0,1,0
[24 22 16],1,0,1,0
[24 23 4],2,0,2,0
[24 24 3],4,2,6,0
[24 24 5],1,1,2,0
[24 24 6],1,0,1,0
[24 24 8],1,0,1,0
[24 24 9],1,0,1,0
[24 24 10],1,0,1,0
[24 24 15],3,0,3,0
[24 24 17],3,0,3,0
[24 24 30],1,0,1,0
[24 25 7],1,0,1,0
[24 25 8],1,0,1,0
[24 26 4],1,1,2,0
[24 26 8],1,0,1,0
[24 29 5],1,0,1,0
[24 32 8],2,0,2,0
[24 32 14],1,0,1,0
[24 35 4],1,0,1,0
[24 35 5],1,0,1,0
[24 36 4],1,0,1,0
[24 41 4],1,0,1,0
[24 46 5],1,0,1,0
[24 47 7],1,0,1,0
[24 51 10],2,0,2,0
[24 52 17],1,0,1,0
[24 55 3],1,1,2,0
[24 56 8],1,1,2,0
[24 59 0],2,0,2,0
[24 59 5],1,0,1,0
[24 61 3],1,0,1,0
[24 65 10],1,0,1,0
[24 67 4],11,1,12,0
[24 67 42],1,0,1,0
[24 70 0],3,0,3,0
[24 72 5],1,0,1,0
[24 76 31],1,0,1,0
[24 78 5],1,0,1,0
[24 82 3],1,0,1,0
[24 82 5],1,0,1,0
[24 97 0],33,8,41,0
[24 97 2],7,1,8,0
[24 97 8],1,0,1,0
[24 97 10],1,0,1,0
[24 97 11],4,0,4,0
[24 97 25],3,0,3,0
[25 0 2],12,4,16,0
[25 0 5],5,1,6,0
[25 0 6],2,0,2,0
[25 0 7],1,0,1,0
[25 0 10],1,0,1,0
[25 0 17],1,0,1,0
[25 1 6],1,0,1,0
[25 1 7],9,0,9,0
[25 1 9],3,1,4,0
[25 1 14],1,0,1,0
[25 1 16],1,0,1,0
[25 1 17],1,0,1,0
[25 1 34],1,0,1,0
[25 2 0],47,9,56,0
[25 2 2],3,0,3,0
[25 2 6],6,2,8,0
[25 2 8],1,0,1,0
[25 2 13],1,0,1,0
[25 2 31],5,0,5,0
[25 4 2],2,0,2,0
[25 5 0],2,1,3,0
[25 5 2],1,1,2,0
[25 5 20],1,0,1,0
[25 7 0],2,0,2,0
[25 7 19],1,0,1,0
[25 7 49],1,0,1,0
[25 8 2],1,0,1,0
[25 8 6],2,0,2,0
[25 9 2],1,0,1,0
[25 9 5],1,0,1,0
[25 9 8],1,0,1,0
[25 10 4],1,0,1,0
[25 11 0],1,0,1,0
[25 11 2],1,0,1,0
[25 11 6],1,1,2,0
[25 15 2],2,0,2,0
[25 17 2],4,0,4,0
[25 20 0],1,1,2,0
[25 20 2],3,1,4,0
[25 20 3],1,0,1,0
[25 20 6],1,0,1,0
[25 20 14],1,0,1,0
[25 25 3],2,2,4,0
[25 25 13],1,0,1,0
[25 28 8],1,0,1,0
[25 29 0],3,0,3,0
[25 29 2],1,0,1,0
[25 34 0],58,14,72,0
[25 34 8],1,0,1,0
[25 34 9],1,0,1,0
[25 34 11],3,1,4,0
[25 34 20],1,0,1,0
[25 34 31],5,2,7,0
[25 34 37],1,1,2,0
[25 36 2],1,0,1,0
[25 37 2],2,0,2,0
[25 37 3],1,0,1,0
[25 37 5],1,0,1,0
[25 38 2],1,0,1,0
[25 38 3],2,0,2,0
[25 38 6],1,0,1,0
[25 40 3],1,0,1,0
[25 45 0],1,0,1,0
[25 45 7],3,0,3,0
[25 45 9],2,1,3,0
[25 48 2],1,0,1,0
[25 54 0],4,1,5,0
[25 54 14],1,0,1,0
[25 55 11],2,0,2,0
[25 57 4],3,1,4,0
[25 63 8],1,0,1,0
[25 68 3],1,0,1,0
[25 72 3],1,0,1,0
[25 93 0],1,2,3,0
[25 96 4],5,0,5,0
[25 97 0],3,0,3,0
[25 97 2],3,1,4,0
[25 97 6],1,0,1,0
[25 97 8],1,0,1,0
[25 97 15],1,0,1,0
[26 0 0],7,0,7,0
[26 0 2],1,0,1,0
[26 0 3],18,1,19,0
[26 0 5],5,2,7,0
[26 0 8],10,2,12,0
[26 0 10],5,4,9,0
[26 0 14],2,0,2,0
[26 0 18],5,3,8,0
[26 0 49],1,0,1,0
[26 1 9],1,1,2,0
[26 3 0],1,0,1,0
[26 3 11],1,0,1,0
[26 5 0],9,3,12,0
[26 5 7],4,1,5,0
[26 5 31],1,0,1,0
[26 6 6],1,0,1,0
[26 6 8],1,0,1,0
[26 6 17],1,0,1,0
[26 7 0],6,0,6,0
[26 7 3],1,0,1,0
[26 8 3],1,0,1,0
[26 9 3],1,0,1,0
[26 9 6],1,0,1,0
[26 9 33],2,0,2,0
[26 10 5],1,0,1,0
[26 12 8],1,0,1,0
[26 12 11],1,0,1,0
[26 13 8],1,0,1,0
[26 13 15],1,0,1,0
[26 15 0],2,0,2,0
[26 15 11],1,0,1,0
[26 16 8],1,1,2,0
[26 16 10],1,0,1,0
[26 18 0],3,0,3,0
[26 19 0],1,0,1,0
[26 19 6],1,1,2,0
[26 20 3],1,0,1,0
[26 20 17],2,0,2,0
[26 21 2],1,0,1,0
[26 22 7],2,1,3,0
[26 22 16],1,0,1,0
[26 23 8],1,0,1,0
[26 23 15],1,0,1,0
[26 24 0],5,1,6,0
[26 24 6],1,0,1,0
[26 26 2],1,0,1,0
[26 26 5],2,0,2,0
[26 26 8],1,0,1,0
[26 28 5],2,0,2,0
[26 28 8],1,0,1,0
[26 29 0],4,0,4,0
[26 30 3],1,0,1,0
[26 30 6],1,0,1,0
[26 30 9],1,0,1,0
[26 31 0],3,0,3,0
[26 32 0],9,1,10,0
[26 32 3],1,0,1,0
[26 32 7],1,0,1,0
[26 35 3],2,0,2,0
[26 35 8],1,0,1,0
[26 40 0],5,5,10,0
[26 40 5],1,1,2,0
[26 40 8],1,0,1,0
[26 41 3],1,0,1,0
[26 49 3],1,0,1,0
[26 49 10],1,0,1,0
[26 51 0],1,0,1,0
[26 51 5],2,0,2,0
[26 53 7],1,0,1,0
[26 53 8],1,0,1,0
[26 53 9],1,0,1,0
[26 54 0],2,0,2,0
[26 54 10],1,0,1,0
[26 54 34],1,0,1,0
[26 55 0],3,0,3,0
[26 55 3],1,0,1,0
[26 55 10],1,0,1,0
[26 56 8],1,0,1,0
[26 57 3],1,0,1,0
[26 57 11],6,0,6,0
[26 58 2],1,0,1,0
[26 60 2],1,0,1,0
[26 67 11],2,1,3,0
[26 70 0],5,0,5,0
[26 75 0],1,0,1,0
[26 75 20],1,0,1,0
[26 75 37],1,0,1,0
[26 76 0],5,0,5,0
[26 76 3],1,0,1,0
[26 76 6],1,0,1,0
[26 76 8],2,0,2,0
[26 78 6],1,0,1,0
[26 82 0],1,0,1,0
[26 82 11],1,0,1,0
[26 89 8],1,0,1,0
[26 89 49],1,0,1,0
[26 90 3],1,0,1,0
[26 90 17],1,0,1,0
[26 93 14],1,0,1,0
[26 97 0],13,5,18,0
[26 97 2],3,3,6,0
[26 97 13],1,0,1,0
[26 97 19],1,0,1,0
[26 99 0],1,0,1,0
[26 99 8],1,0,1,0
[26 99 10],1,0,1,0
[26 99 16],1,0,1,0
[27 0 0],12,2,14,0
[27 0 8],1,0,1,0
[27 1 7],1,0,1,0
[27 6 7],2,0,2,0
[27 6 9],1,0,1,0
[27 16 7],1,0,1,0
[27 16 9],1,0,1,0
[27 17 0],1,0,1,0
[27 17 2],1,0,1,0
[27 18 0],1,0,1,0
[27 18 7],1,0,1,0
[27 21 5],1,0,1,0
[27 21 17],1,0,1,0
[27 22 7],1,0,1,0
[27 23 20],1,0,1,0
[27 27 3],3,0,3,0
[27 27 15],1,0,1,0
[27 27 17],1,0,1,0
[27 41 2],1,0,1,0
[27 46 0],3,0,3,0
[27 61 2],1,0,1,0
[27 97 0],3,1,4,0
[27 97 2],1,0,1,0
[28 0 0],3,1,4,0
[28 0 3],3,1,4,0
[28 0 5],1,0,1,0
[28 0 6],12,1,13,0
[28 0 8],1,1,2,0
[28 0 14],3,1,4,0
[28 0 15],3,0,3,0
[28 0 18],1,1,2,0
[28 5 0],42,13,55,0
[28 5 2],3,2,5,0
[28 5 8],2,0,2,0
[28 5 13],2,0,2,0
[28 5 20],7,1,8,0
[28 7 0],2,1,3,0
[28 7 3],1,0,1,0
[28 7 6],1,0,1,0
[28 7 8],3,0,3,0
[28 7 14],1,0,1,0
[28 7 49],1,0,1,0
[28 10 2],1,0,1,0
[28 10 8],1,0,1,0
[28 10 17],1,0,1,0
[28 16 8],1,0,1,0
[28 19 8],1,0,1,0
[28 20 3],11,8,19,0
[28 20 4],2,0,2,0
[28 20 6],2,1,3,0
[28 20 8],1,0,1,0
[28 20 10],2,1,3,0
[28 20 14],2,0,2,0
[28 20 16],1,0,1,0
[28 23 8],1,0,1,0
[28 26 8],1,0,1,0
[28 28 3],1,3,4,0
[28 28 8],3,0,3,0
[28 28 10],1,0,1,0
[28 28 14],1,0,1,0
[28 29 0],29,13,42,0
[28 29 2],1,0,1,0
[28 29 3],1,0,1,0
[28 29 20],1,1,2,0
[28 30 6],1,0,1,0
[28 32 0],1,0,1,0
[28 33 14],1,0,1,0
[28 35 3],2,0,2,0
[28 35 8],1,0,1,0
[28 35 17],1,0,1,0
[28 38 3],1,0,1,0
[28 38 8],1,0,1,0
[28 38 14],1,0,1,0
[28 40 0],5,1,6,0
[28 40 20],1,0,1,0
[28 49 3],1,1,2,0
[28 49 8],1,0,1,0
[28 49 17],1,0,1,0
[28 51 5],1,0,1,0
[28 52 8],2,0,2,0
[28 54 0],1,0,1,0
[28 55 20],1,0,1,0
[28 58 2],1,0,1,0
[28 61 17],1,0,1,0
[28 64 3],1,2,3,0
[28 64 8],1,1,2,0
[28 64 10],2,2,4,0
[28 71 3],1,2,3,0
[28 71 4],6,2,8,0
[28 71 5],1,0,1,0
[28 71 8],1,0,1,0
[28 71 14],1,0,1,0
[28 71 17],1,0,1,0
[28 73 0],1,0,1,0
[28 73 2],1,0,1,0
[28 73 6],1,0,1,0
[28 81 2],1,0,1,0
[28 81 8],3,0,3,0
[28 81 10],1,0,1,0
[28 81 15],1,0,1,0
[28 84 3],1,0,1,0
[28 84 8],1,0,1,0
[29 0 6],4,0,4,0
[29 0 10],1,0,1,0
[29 0 14],1,0,1,0
[29 7 2],1,0,1,0
[29 7 4],2,0,2,0
[29 7 6],1,0,1,0
[29 7 8],4,0,4,0
[29 7 10],1,0,1,0
[29 7 12],1,0,1,0
[29 10 4],1,0,1,0
[29 10 7],1,0,1,0
[29 10 16],1,1,2,0
[29 20 4],4,0,4,0
[29 20 7],5,0,5,0
[29 20 16],2,1,3,0
[29 24 5],1,0,1,0
[29 26 4],1,0,1,0
[29 28 4],2,0,2,0
[29 28 7],5,1,6,0
[29 28 16],1,1,2,0
[29 29 5],1,0,1,0
[29 35 7],2,0,2,0
[29 38 4],2,0,2,0
[29 38 7],1,0,1,0
[29 38 9],1,0,1,0
[29 40 5],1,0,1,0
[29 40 10],1,0,1,0
[29 49 7],2,0,2,0
[29 52 7],1,0,1,0
[29 52 16],1,0,1,0
[29 57 16],1,0,1,0
[29 61 7],1,0,1,0
[29 61 16],1,0,1,0
[29 64 2],2,0,2,0
[29 64 3],1,0,1,0
[29 64 4],1,0,1,0
[29 64 7],4,0,4,0
[29 64 9],2,0,2,0
[29 64 16],2,0,2,0
[29 71 4],2,0,2,0
[29 71 7],3,2,5,0
[29 72 3],1,0,1,0
[29 74 9],1,0,1,0
[29 80 7],1,0,1,0
[29 81 7],4,0,4,0
[29 81 12],1,0,1,0
[29 85 3],1,0,1,0
[30 0 2],1,0,1,0
[30 0 3],1,2,3,0
[30 0 5],3,1,4,0
[30 0 17],1,0,1,0
[30 7 5],1,0,1,0
[30 10 4],1,1,2,0
[30 10 18],1,0,1,0
[30 11 3],1,1,2,0
[30 11 8],1,0,1,0
[30 20 2],1,0,1,0
[30 20 7],1,0,1,0
[30 20 12],1,0,1,0
[30 20 16],1,0,1,0
[30 26 2],1,0,1,0
[30 28 5],1,0,1,0
[30 29 10],1,0,1,0
[30 31 2],1,1,2,0
[30 31 4],2,0,2,0
[30 31 7],4,0,4,0
[30 31 9],2,0,2,0
[30 31 16],1,0,1,0
[30 35 13],1,0,1,0
[30 37 2],1,0,1,0
[30 37 3],1,0,1,0
[30 37 7],1,1,2,0
[30 40 3],1,0,1,0
[30 53 7],5,0,5,0
[30 53 14],1,0,1,0
[30 54 8],1,0,1,0
[30 57 7],1,0,1,0
[30 72 3],1,0,1,0
[30 72 8],1,0,1,0
[30 74 3],1,0,1,0
[30 74 8],1,0,1,0
[30 75 2],2,0,2,0
[30 75 13],1,0,1,0
[30 78 2],1,1,2,0
[30 80 4],1,0,1,0
[30 82 3],1,0,1,0
[30 86 5],1,0,1,0
[30 90 2],1,0,1,0
[30 90 8],1,0,1,0
[30 93 2],2,1,3,0
[30 93 13],1,0,1,0
[31 0 5],1,1,2,0
[31 0 6],2,1,3,0
[31 0 14],1,0,1,0
[31 0 17],1,0,1,0
[31 3 0],1,0,1,0
[31 5 0],1,0,1,0
[31 5 5],1,0,1,0
[31 5 8],1,0,1,0
[31 7 6],1,0,1,0
[31 7 14],2,0,2,0
[31 23 9],1,0,1,0
[31 23 18],1,0,1,0
[31 23 42],1,0,1,0
[31 30 0],1,0,1,0
[31 30 2],1,0,1,0
[31 30 3],1,0,1,0
[31 30 7],1,0,1,0
[31 30 13],1,0,1,0
[31 31 0],1,0,1,0
[31 31 5],1,0,1,0
[31 37 3],4,2,6,0
[31 37 14],2,1,3,0
[31 37 33],1,0,1,0
[31 37 38],1,0,1,0
[31 52 9],1,0,1,0
[31 53 4],3,0,3,0
[31 53 7],1,0,1,0
[31 53 9],2,1,3,0
[31 63 9],1,0,1,0
[31 67 4],1,0,1,0
[31 73 7],1,0,1,0
[31 73 16],1,0,1,0
[31 75 3],1,1,2,0
[31 75 8],1,0,1,0
[31 78 4],2,0,2,0
[31 82 2],1,0,1,0
[31 90 7],1,0,1,0
[31 93 2],1,2,3,0
[31 93 6],1,1,2,0
[31 93 13],1,0,1,0
[31 93 14],1,0,1,0
[31 93 17],1,0,1,0
[31 97 0],1,0,1,0
[32 0 4],5,1,6,0
[32 0 5],4,2,6,0
[32 0 6],3,0,3,0
[32 0 7],7,8,15,0
[32 0 8],2,0,2,0
[32 0 9],5,1,6,0
[32 0 12],1,0,1,0
[32 0 14],1,0,1,0
[32 0 16],2,1,3,0
[32 0 18],1,0,1,0
[32 1 7],1,0,1,0
[32 1 9],2,0,2,0
[32 2 3],1,1,2,0
[32 2 6],5,3,8,0
[32 2 14],1,0,1,0
[32 4 8],1,0,1,0
[32 5 3],2,0,2,0
[32 5 5],3,0,3,0
[32 5 6],1,0,1,0
[32 5 7],1,0,1,0
[32 5 9],1,0,1,0
[32 5 10],1,0,1,0
[32 5 14],1,0,1,0
[32 6 9],1,0,1,0
[32 7 3],1,0,1,0
[32 7 14],1,0,1,0
[32 9 3],2,0,2,0
[32 9 5],1,1,2,0
[32 9 6],1,0,1,0
[32 9 17],1,0,1,0
[32 10 9],1,0,1,0
[32 11 3],2,0,2,0
[32 11 5],1,0,1,0
[32 11 7],1,0,1,0
[32 11 15],1,1,2,0
[32 11 33],1,0,1,0
[32 12 11],1,0,1,0
[32 14 6],1,0,1,0
[32 15 0],1,2,3,0
[32 15 2],1,0,1,0
[32 15 6],3,1,4,0
[32 15 8],1,0,1,0
[32 15 11],1,0,1,0
[32 15 13],1,1,2,0
[32 17 0],2,0,2,0
[32 21 3],1,0,1,0
[32 21 8],1,0,1,0
[32 22 9],1,0,1,0
[32 24 8],1,0,1,0
[32 32 3],3,2,5,0
[32 32 5],1,0,1,0
[32 32 6],1,0,1,0
[32 32 10],3,0,3,0
[32 32 14],2,0,2,0
[32 33 2],1,0,1,0
[32 40 10],1,0,1,0
[32 41 4],1,0,1,0
[32 41 16],1,0,1,0
[32 42 6],1,0,1,0
[32 47 5],1,0,1,0
[32 48 3],1,0,1,0
[32 48 6],1,0,1,0
[32 55 17],1,0,1,0
[32 57 9],1,0,1,0
[32 59 5],1,0,1,0
[32 61 2],1,0,1,0
[32 61 9],1,0,1,0
[32 68 0],1,0,1,0
[32 76 3],1,0,1,0
[32 76 8],1,0,1,0
[32 76 10],1,0,1,0
[32 78 3],1,0,1,0
[32 82 3],1,0,1,0
[32 82 17],1,0,1,0
[32 97 0],21,7,28,0
[32 97 2],3,1,4,0
[32 97 8],1,1,2,0
[33 0 0],59,13,72,0
[33 0 7],1,1,2,0
[33 0 17],1,0,1,0
[33 1 7],1,0,1,0
[33 5 7],1,0,1,0
[33 6 2],1,0,1,0
[33 6 9],1,0,1,0
[33 7 7],1,0,1,0
[33 9 8],1,0,1,0
[33 13 17],1,0,1,0
[33 14 6],1,0,1,0
[33 15 0],3,0,3,0
[33 15 8],1,0,1,0
[33 15 11],1,0,1,0
[33 16 7],2,0,2,0
[33 16 8],1,0,1,0
[33 16 9],3,0,3,0
[33 16 10],1,0,1,0
[33 19 7],1,0,1,0
[33 19 9],1,0,1,0
[33 23 10],1,0,1,0
[33 28 7],1,0,1,0
[33 32 7],1,0,1,0
[33 32 9],1,0,1,0
[33 33 3],1,0,1,0
[33 39 9],1,0,1,0
[33 41 14],1,0,1,0
[33 46 0],7,4,11,0
[33 46 13],2,0,2,0
[33 46 20],2,0,2,0
[33 46 30],1,1,2,0
[33 55 3],1,0,1,0
[33 55 6],1,0,1,0
[33 58 7],3,1,4,0
[33 58 9],1,0,1,0
[33 60 16],1,0,1,0
[33 61 15],1,0,1,0
[33 76 0],1,0,1,0
[33 77 2],1,0,1,0
[33 77 31],2,0,2,0
[33 79 2],1,0,1,0
[33 92 2],1,0,1,0
[33 97 0],8,4,12,0
[33 97 2],2,0,2,0
[33 97 30],1,2,3,0
[34 0 2],1,0,1,0
[34 0 5],3,1,4,0
[34 0 15],1,0,1,0
[34 1 6],5,1,6,0
[34 1 7],14,2,16,0
[34 1 9],3,1,4,0
[34 1 11],1,0,1,0
[34 1 16],3,1,4,0
[34 1 34],2,0,2,0
[34 2 0],15,1,16,0
[34 2 2],6,1,7,0
[34 2 3],6,1,7,0
[34 2 5],3,0,3,0
[34 2 8],3,1,4,0
[34 2 10],1,0,1,0
[34 2 20],6,0,6,0
[34 2 31],13,5,18,0
[34 2 36],2,0,2,0
[34 3 5],1,1,2,0
[34 4 2],1,0,1,0
[34 4 5],1,0,1,0
[34 8 6],1,0,1,0
[34 8 17],1,0,1,0
[34 9 6],1,0,1,0
[34 9 8],1,0,1,0
[34 11 3],1,1,2,0
[34 11 8],3,0,3,0
[34 12 0],1,0,1,0
[34 14 5],2,0,2,0
[34 14 8],1,0,1,0
[34 15 0],1,0,1,0
[34 15 2],1,0,1,0
[34 17 2],3,0,3,0
[34 17 5],1,0,1,0
[34 25 2],2,0,2,0
[34 25 4],36,10,46,0
[34 25 8],2,0,2,0
[34 25 18],2,1,3,0
[34 25 42],2,0,2,0
[34 38 5],1,0,1,0
[34 41 5],1,0,1,0
[34 42 0],1,1,2,0
[34 42 6],2,0,2,0
[34 44 5],2,0,2,0
[34 45 4],9,0,9,0
[34 45 9],1,0,1,0
[34 47 3],1,0,1,0
[34 48 5],1,0,1,0
[34 92 15],1,0,1,0
[34 97 0],3,0,3,0
[34 97 2],2,1,3,0
[34 97 5],1,0,1,0
[35 0 2],1,0,1,0
[35 0 3],5,0,5,0
[35 0 5],7,0,7,0
[35 0 6],9,3,12,0
[35 0 7],1,0,1,0
[35 0 8],6,0,6,0
[35 0 10],2,1,3,0
[35 0 14],2,0,2,0
[35 0 15],2,1,3,0
[35 0 17],1,1,2,0
[35 5 0],67,26,93,0
[35 5 2],1,0,1,0
[35 5 8],1,0,1,0
[35 5 13],2,0,2,0
[35 5 20],2,1,3,0
[35 7 0],1,0,1,0
[35 10 2],1,0,1,0
[35 10 3],3,0,3,0
[35 10 5],1,0,1,0
[35 10 8],2,2,4,0
[35 10 10],2,0,2,0
[35 10 15],1,1,2,0
[35 13 3],1,0,1,0
[35 13 8],1,0,1,0
[35 13 10],1,0,1,0
[35 18 0],1,0,1,0
[35 19 17],1,0,1,0
[35 20 0],1,0,1,0
[35 20 3],1,0,1,0
[35 20 6],1,0,1,0
[35 20 8],1,0,1,0
[35 23 3],2,1,3,0
[35 23 5],1,0,1,0
[35 23 14],1,0,1,0
[35 24 0],3,0,3,0
[35 26 3],2,0,2,0
[35 26 5],1,0,1,0
[35 26 11],2,0,2,0
[35 26 30],1,0,1,0
[35 28 3],5,0,5,0
[35 28 5],2,0,2,0
[35 28 8],3,0,3,0
[35 28 14],1,0,1,0
[35 28 15],1,1,2,0
[35 29 0],9,0,9,0
[35 29 2],1,0,1,0
[35 30 0],1,0,1,0
[35 31 0],13,2,15,0
[35 31 5],1,0,1,0
[35 31 20],1,0,1,0
[35 32 0],1,0,1,0
[35 32 8],1,0,1,0
[35 35 3],3,0,3,0
[35 35 5],1,0,1,0
[35 35 8],2,0,2,0
[35 35 10],1,0,1,0
[35 36 9],1,0,1,0
[35 38 7],1,0,1,0
[35 38 9],1,0,1,0
[35 40 0],1,0,1,0
[35 40 8],1,0,1,0
[35 52 10],1,0,1,0
[35 54 0],10,2,12,0
[35 54 2],1,0,1,0
[35 54 8],1,0,1,0
[35 57 10],1,0,1,0
[35 57 11],1,0,1,0
[35 57 14],1,0,1,0
[35 61 2],2,0,2,0
[35 61 8],1,0,1,0
[35 63 14],1,0,1,0
[35 64 10],1,0,1,0
[35 66 3],1,0,1,0
[35 67 5],1,0,1,0
[35 67 11],1,0,1,0
[35 70 0],1,0,1,0
[35 71 5],1,0,1,0
[35 72 4],1,0,1,0
[35 73 2],1,0,1,0
[35 73 5],1,0,1,0
[35 73 8],1,0,1,0
[35 73 9],3,0,3,0
[35 74 3],1,0,1,0
[35 75 11],2,0,2,0
[35 81 3],1,0,1,0
[35 84 3],1,0,1,0
[35 84 8],1,0,1,0
[35 97 0],3,0,3,0
[36 0 0],66,16,82,0
[36 0 2],2,0,2,0
[36 0 5],1,0,1,0
[36 0 6],2,2,4,0
[36 0 8],1,0,1,0
[36 0 10],1,0,1,0
[36 0 13],2,0,2,0
[36 0 14],1,0,1,0
[36 0 17],2,0,2,0
[36 0 18],1,0,1,0
[36 0 20],3,0,3,0
[36 0 29],1,0,1,0
[36 6 2],3,1,4,0
[36 6 6],1,0,1,0
[36 6 17],1,0,1,0
[36 10 2],2,1,3,0
[36 11 3],1,0,1,0
[36 15 3],1,0,1,0
[36 16 2],1,0,1,0
[36 16 9],1,0,1,0
[36 18 0],8,0,8,0
[36 18 2],1,1,2,0
[36 18 13],1,0,1,0
[36 19 2],5,1,6,0
[36 19 13],1,0,1,0
[36 21 2],1,0,1,0
[36 24 0],6,1,7,0
[36 24 2],2,1,3,0
[36 24 13],1,0,1,0
[36 33 2],1,0,1,0
[36 39 2],1,0,1,0
[36 39 13],1,0,1,0
[36 48 6],1,0,1,0
[36 58 17],1,0,1,0
[36 62 2],3,0,3,0
[36 62 6],1,0,1,0
[36 77 2],1,1,2,0
[36 92 9],1,0,1,0
[36 97 2],1,4,5,0
[37 0 3],2,0,2,0
[37 0 5],7,0,7,0
[37 0 6],1,0,1,0
[37 0 8],1,0,1,0
[37 0 10],1,0,1,0
[37 0 14],1,0,1,0
[37 0 15],1,1,2,0
[37 1 7],1,0,1,0
[37 5 13],1,0,1,0
[37 20 8],1,0,1,0
[37 25 4],1,0,1,0
[37 25 9],1,0,1,0
[37 30 7],1,0,1,0
[37 30 9],1,0,1,0
[37 31 0],1,1,2,0
[37 31 3],4,2,6,0
[37 31 10],1,0,1,0
[37 31 33],1,0,1,0
[37 53 3],1,1,2,0
[37 53 15],1,0,1,0
[37 53 38],1,0,1,0
[37 54 7],1,0,1,0
[37 63 9],2,0,2,0
[37 72 3],1,0,1,0
[37 75 15],1,0,1,0
[37 78 4],1,1,2,0
[37 93 0],1,0,1,0
[37 93 2],1,0,1,0
[37 93 3],1,0,1,0
[38 0 2],1,0,1,0
[38 0 3],2,0,2,0
[38 0 5],6,2,8,0
[38 0 8],3,0,3,0
[38 0 10],1,0,1,0
[38 0 14],3,0,3,0
[38 1 7],2,0,2,0
[38 1 11],1,0,1,0
[38 2 0],3,0,3,0
[38 2 3],3,0,3,0
[38 2 6],1,1,2,0
[38 2 10],1,0,1,0
[38 4 2],2,1,3,0
[38 4 3],1,0,1,0
[38 4 5],3,0,3,0
[38 4 10],1,0,1,0
[38 4 15],1,0,1,0
[38 5 0],32,6,38,0
[38 5 2],3,0,3,0
[38 5 5],1,1,2,0
[38 5 8],1,0,1,0
[38 5 20],2,1,3,0
[38 7 3],4,0,4,0
[38 7 5],4,1,5,0
[38 7 8],3,0,3,0
[38 7 15],1,0,1,0
[38 7 17],1,0,1,0
[38 8 3],1,0,1,0
[38 8 5],1,0,1,0
[38 8 10],1,0,1,0
[38 11 5],1,0,1,0
[38 11 15],1,0,1,0
[38 15 6],1,0,1,0
[38 20 0],1,0,1,0
[38 20 2],1,1,2,0
[38 20 3],4,0,4,0
[38 20 6],1,0,1,0
[38 20 8],2,0,2,0
[38 20 10],2,0,2,0
[38 20 15],3,0,3,0
[38 20 17],1,0,1,0
[38 22 5],1,0,1,0
[38 23 8],1,0,1,0
[38 24 10],1,0,1,0
[38 25 3],2,0,2,0
[38 25 5],1,0,1,0
[38 28 5],1,1,2,0
[38 28 8],1,0,1,0
[38 28 14],1,0,1,0
[38 28 17],1,0,1,0
[38 29 0],14,2,16,0
[38 29 3],1,0,1,0
[38 29 13],1,1,2,0
[38 30 0],1,1,2,0
[38 30 6],1,0,1,0
[38 34 6],2,0,2,0
[38 35 14],1,0,1,0
[38 38 3],5,0,5,0
[38 38 5],1,0,1,0
[38 38 8],2,0,2,0
[38 38 14],3,0,3,0
[38 40 2],1,0,1,0
[38 40 3],6,1,7,0
[38 40 5],1,0,1,0
[38 40 8],1,0,1,0
[38 40 10],4,2,6,0
[38 40 38],1,0,1,0
[38 45 6],1,0,1,0
[38 48 2],1,0,1,0
[38 49 10],1,0,1,0
[38 51 3],6,4,10,0
[38 51 5],1,2,3,0
[38 51 8],2,1,3,0
[38 51 10],3,1,4,0
[38 51 17],1,0,1,0
[38 54 0],1,0,1,0
[38 55 3],1,0,1,0
[38 59 0],7,1,8,0
[38 64 3],1,1,2,0
[38 64 5],1,0,1,0
[38 65 5],2,0,2,0
[38 65 10],1,0,1,0
[38 72 5],1,0,1,0
[38 72 8],1,0,1,0
[38 97 0],1,0,1,0
[38 97 2],5,0,5,0
[38 97 3],1,1,2,0
[38 97 10],2,0,2,0
[38 97 13],1,0,1,0
[38 97 14],1,0,1,0
[39 0 0],22,3,25,0
[39 0 5],2,0,2,0
[39 0 29],1,0,1,0
[39 1 9],2,0,2,0
[39 6 13],1,0,1,0
[39 7 0],1,1,2,0
[39 13 9],1,0,1,0
[39 15 14],1,0,1,0
[39 16 2],5,0,5,0
[39 16 13],1,0,1,0
[39 19 5],1,0,1,0
[39 22 7],2,0,2,0
[39 26 13],1,0,1,0
[39 33 2],2,0,2,0
[39 39 5],1,0,1,0
[39 39 8],2,0,2,0
[39 60 2],1,0,1,0
[39 60 13],2,0,2,0
[39 77 5],1,0,1,0
[39 88 3],2,0,2,0
[39 92 2],1,0,1,0
[40 0 2],1,0,1,0
[40 0 3],1,0,1,0
[40 0 4],2,0,2,0
[40 0 6],1,0,1,0
[40 0 7],1,1,2,0
[40 0 8],1,0,1,0
[40 3 5],1,0,1,0
[40 5 3],1,0,1,0
[40 5 8],1,0,1,0
[40 7 8],1,0,1,0
[40 7 14],1,0,1,0
[40 7 15],1,0,1,0
[40 11 5],1,0,1,0
[40 11 6],1,0,1,0
[40 20 9],1,0,1,0
[40 26 6],1,0,1,0
[40 29 2],1,0,1,0
[40 29 8],1,1,2,0
[40 32 4],1,0,1,0
[40 35 4],1,0,1,0
[40 38 3],2,0,2,0
[40 38 7],1,0,1,0
[40 38 8],2,0,2,0
[40 38 10],1,0,1,0
[40 40 0],1,0,1,0
[40 54 7],1,0,1,0
[40 54 16],1,0,1,0
[40 55 8],1,0,1,0
[40 59 4],1,0,1,0
[40 65 2],1,0,1,0
[40 65 4],11,4,15,0
[40 65 7],1,0,1,0
[40 65 8],1,0,1,0
[40 65 16],3,0,3,0
[40 65 18],1,0,1,0
[40 84 7],1,0,1,0
[40 89 6],1,0,1,0
[40 99 6],1,0,1,0
[41 0 0],3,2,5,0
[41 0 2],4,0,4,0
[41 0 3],5,7,12,0
[41 0 5],4,1,5,0
[41 0 6],5,1,6,0
[41 0 8],2,6,8,0
[41 0 10],2,0,2,0
[41 0 15],4,1,5,0
[41 0 17],2,2,4,0
[41 0 19],2,0,2,0
[41 0 24],1,0,1,0
[41 0 26],1,0,1,0
[41 2 6],1,1,2,0
[41 5 3],3,0,3,0
[41 5 5],2,0,2,0
[41 5 8],1,0,1,0
[41 6 1],1,0,1,0
[41 6 4],1,0,1,0
[41 7 0],2,0,2,0
[41 7 6],1,0,1,0
[41 7 11],1,0,1,0
[41 8 21],1,0,1,0
[41 8 37],1,0,1,0
[41 11 3],1,0,1,0
[41 11 23],1,0,1,0
[41 12 0],6,3,9,0
[41 12 11],2,2,4,0
[41 12 18],1,0,1,0
[41 12 21],1,0,1,0
[41 12 25],1,0,1,0
[41 13 1],1,0,1,0
[41 13 16],1,0,1,0
[41 15 0],3,0,3,0
[41 15 2],2,0,2,0
[41 15 6],1,0,1,0
[41 16 14],1,0,1,0
[41 17 0],1,0,1,0
[41 18 21],1,0,1,0
[41 19 1],1,0,1,0
[41 20 3],1,0,1,0
[41 20 8],1,0,1,0
[41 20 32],1,1,2,0
[41 22 3],1,0,1,0
[41 22 7],2,0,2,0
[41 23 0],1,0,1,0
[41 26 3],1,0,1,0
[41 26 8],1,0,1,0
[41 28 0],1,0,1,0
[41 28 6],2,0,2,0
[41 28 27],1,0,1,0
[41 32 0],1,0,1,0
[41 32 8],1,0,1,0
[41 32 19],1,0,1,0
[41 33 10],1,0,1,0
[41 40 0],2,1,3,0
[41 40 6],1,0,1,0
[41 40 14],1,0,1,0
[41 40 19],1,0,1,0
[41 41 3],4,2,6,0
[41 41 5],2,0,2,0
[41 41 8],3,2,5,0
[41 41 17],1,0,1,0
[41 46 0],1,0,1,0
[41 48 6],1,0,1,0
[41 54 11],1,0,1,0
[41 54 19],1,0,1,0
[41 61 3],1,0,1,0
[41 61 8],1,0,1,0
[41 61 10],1,0,1,0
[41 61 38],1,0,1,0
[41 67 0],1,0,1,0
[41 67 11],1,1,2,0
[41 67 19],2,0,2,0
[41 70 0],1,1,2,0
[41 74 3],1,0,1,0
[41 74 17],1,0,1,0
[41 79 0],1,1,2,0
[41 85 12],1,0,1,0
[41 86 4],1,0,1,0
[41 89 3],1,0,1,0
[41 89 10],1,0,1,0
[41 89 65],1,0,1,0
[41 93 3],1,0,1,0
[41 93 14],1,0,1,0
[41 93 23],1,0,1,0
[41 97 0],9,1,10,0
[41 97 2],1,0,1,0
[41 97 33],1,0,1,0
[41 99 9],1,0,1,0
[42 0 2],1,0,1,0
[42 0 5],22,7,29,0
[42 1 6],1,1,2,0
[42 1 7],25,5,30,0
[42 1 9],25,4,29,0
[42 1 11],1,0,1,0
[42 1 16],7,2,9,0
[42 1 34],8,0,8,0
[42 2 2],2,0,2,0
[42 2 5],10,3,13,0
[42 2 17],2,0,2,0
[42 3 5],3,1,4,0
[42 3 17],1,0,1,0
[42 4 5],1,0,1,0
[42 8 5],1,1,2,0
[42 9 5],5,0,5,0
[42 11 4],1,0,1,0
[42 11 5],2,1,3,0
[42 12 5],10,1,11,0
[42 14 2],1,0,1,0
[42 14 4],1,1,2,0
[42 14 5],6,3,9,0
[42 14 10],1,0,1,0
[42 15 2],1,0,1,0
[42 15 4],1,0,1,0
[42 15 5],1,0,1,0
[42 17 2],1,0,1,0
[42 17 5],2,0,2,0
[42 18 3],1,0,1,0
[42 18 5],1,2,3,0
[42 18 8],1,0,1,0
[42 22 5],3,0,3,0
[42 32 6],1,0,1,0
[42 34 5],3,0,3,0
[42 36 5],1,0,1,0
[42 42 5],1,1,2,0
[42 42 6],2,1,3,0
[42 42 9],1,0,1,0
[42 42 10],1,0,1,0
[42 44 5],1,0,1,0
[42 44 9],1,0,1,0
[42 48 4],1,0,1,0
[42 48 5],1,0,1,0
[42 50 5],1,1,2,0
[42 56 5],1,0,1,0
[42 69 2],1,0,1,0
[42 70 3],1,0,1,0
[42 77 5],1,0,1,0
[42 94 5],1,0,1,0
[42 97 2],1,1,2,0
[43 0 3],8,1,9,0
[43 0 4],1,0,1,0
[43 0 5],1,1,2,0
[43 0 6],1,1,2,0
[43 0 7],4,2,6,0
[43 0 8],2,1,3,0
[43 0 9],1,0,1,0
[43 0 10],3,0,3,0
[43 0 14],1,0,1,0
[43 0 16],2,0,2,0
[43 0 22],7,0,7,0
[43 1 7],2,0,2,0
[43 2 3],1,0,1,0
[43 2 6],3,2,5,0
[43 2 8],1,0,1,0
[43 2 10],1,0,1,0
[43 2 37],1,0,1,0
[43 4 6],1,0,1,0
[43 5 10],1,0,1,0
[43 8 6],1,0,1,0
[43 8 48],1,0,1,0
[43 9 41],1,0,1,0
[43 11 6],1,0,1,0
[43 11 45],1,0,1,0
[43 13 9],1,0,1,0
[43 15 0],3,0,3,0
[43 15 3],1,0,1,0
[43 15 20],1,0,1,0
[43 15 23],2,0,2,0
[43 15 25],3,0,3,0
[43 15 47],1,0,1,0
[43 15 58],1,0,1,0
[43 17 0],1,1,2,0
[43 17 8],1,0,1,0
[43 21 6],1,0,1,0
[43 26 22],1,0,1,0
[43 31 0],1,0,1,0
[43 41 5],1,0,1,0
[43 43 3],7,3,10,0
[43 43 5],1,2,3,0
[43 43 8],2,0,2,0
[43 43 10],4,0,4,0
[43 43 15],2,0,2,0
[43 43 17],1,0,1,0
[43 43 45],2,0,2,0
[43 45 9],1,0,1,0
[43 76 6],1,0,1,0
[43 76 41],3,3,6,0
[43 97 0],14,3,17,0
[43 97 2],8,1,9,0
[43 97 11],1,0,1,0
[43 97 13],1,0,1,0
[43 97 23],1,0,1,0
[44 0 2],1,0,1,0
[44 0 3],1,0,1,0
[44 0 5],1,0,1,0
[44 0 6],1,0,1,0
[44 0 17],1,0,1,0
[44 1 7],8,1,9,0
[44 1 9],6,1,7,0
[44 1 11],7,1,8,0
[44 1 16],3,0,3,0
[44 1 20],1,0,1,0
[44 1 39],2,0,2,0
[44 2 2],2,0,2,0
[44 2 3],2,0,2,0
[44 2 5],1,0,1,0
[44 2 8],2,0,2,0
[44 2 10],1,0,1,0
[44 2 14],1,0,1,0
[44 2 35],1,0,1,0
[44 3 6],1,0,1,0
[44 3 8],1,0,1,0
[44 4 5],1,0,1,0
[44 6 2],1,0,1,0
[44 8 2],1,0,1,0
[44 8 3],2,0,2,0
[44 8 8],1,0,1,0
[44 8 17],1,0,1,0
[44 11 2],1,0,1,0
[44 12 2],1,0,1,0
[44 13 2],1,0,1,0
[44 14 6],1,0,1,0
[44 15 0],1,1,2,0
[44 15 2],1,0,1,0
[44 15 8],1,0,1,0
[44 16 2],1,0,1,0
[44 17 0],3,0,3,0
[44 21 2],2,0,2,0
[44 21 4],6,0,6,0
[44 34 6],2,0,2,0
[44 34 8],1,0,1,0
[44 42 6],1,0,1,0
[44 44 3],1,0,1,0
[44 44 5],1,0,1,0
[44 44 6],2,0,2,0
[44 44 8],1,0,1,0
[44 44 10],3,0,3,0
[44 45 4],1,0,1,0
[44 50 5],1,0,1,0
[44 70 2],2,0,2,0
[44 76 3],1,0,1,0
[44 76 8],1,0,1,0
[44 83 5],1,0,1,0
[44 83 17],1,0,1,0
[44 94 4],5,2,7,0
[44 97 0],11,0,11,0
[44 97 2],5,1,6,0
[44 97 13],2,0,2,0
[44 97 20],1,0,1,0
[45 0 2],4,1,5,0
[45 0 5],3,1,4,0
[45 0 13],1,2,3,0
[45 1 7],13,5,18,0
[45 1 9],6,2,8,0
[45 1 16],1,0,1,0
[45 2 0],67,17,84,0
[45 2 2],10,1,11,0
[45 2 13],3,0,3,0
[45 2 20],7,1,8,0
[45 3 2],2,0,2,0
[45 3 5],1,1,2,0
[45 4 2],2,0,2,0
[45 5 5],1,0,1,0
[45 6 13],2,0,2,0
[45 8 2],1,0,1,0
[45 8 13],1,0,1,0
[45 9 0],2,0,2,0
[45 9 2],3,3,6,0
[45 9 5],1,0,1,0
[45 9 10],1,0,1,0
[45 9 13],2,2,4,0
[45 11 5],1,1,2,0
[45 12 15],1,0,1,0
[45 15 2],1,0,1,0
[45 17 2],1,0,1,0
[45 18 2],1,0,1,0
[45 22 13],1,0,1,0
[45 24 20],1,0,1,0
[45 25 2],4,1,5,0
[45 25 5],1,0,1,0
[45 25 13],1,0,1,0
[45 25 17],1,0,1,0
[45 32 2],1,1,2,0
[45 34 0],4,0,4,0
[45 34 2],5,1,6,0
[45 34 6],1,0,1,0
[45 34 20],2,1,3,0
[45 43 2],1,0,1,0
[45 44 20],1,0,1,0
[45 45 2],1,0,1,0
[45 45 9],1,0,1,0
[45 76 13],1,0,1,0
[45 83 2],1,0,1,0
[45 97 2],3,1,4,0
[45 97 13],2,0,2,0
[45 99 2],1,0,1,0
[46 0 0],1,1,2,0
[46 0 3],1,0,1,0
[46 0 6],1,0,1,0
[46 0 7],21,5,26,0
[46 0 8],2,0,2,0
[46 0 9],10,2,12,0
[46 0 16],14,1,15,0
[46 6 9],1,0,1,0
[46 11 14],1,0,1,0
[46 13 0],1,0,1,0
[46 16 8],1,0,1,0
[46 17 0],2,0,2,0
[46 17 2],1,0,1,0
[46 19 3],1,0,1,0
[46 21 4],10,2,12,0
[46 27 7],1,0,1,0
[46 27 14],1,0,1,0
[46 32 0],1,0,1,0
[46 33 7],2,5,7,0
[46 33 9],1,0,1,0
[46 46 3],2,0,2,0
[46 46 10],1,0,1,0
[46 60 8],2,0,2,0
[46 97 0],10,3,13,0
[46 97 2],3,3,6,0
[46 97 13],1,0,1,0
[46 98 0],10,0,10,0
[46 98 2],7,0,7,0
[46 98 20],1,0,1,0
[47 0 2],4,0,4,0
[47 0 6],3,0,3,0
[47 1 6],1,0,1,0
[47 1 7],2,0,2,0
[47 1 9],5,0,5,0
[47 2 6],9,1,10,0
[47 2 59],1,0,1,0
[47 4 3],1,0,1,0
[47 4 13],1,0,1,0
[47 8 2],3,1,4,0
[47 8 5],1,0,1,0
[47 8 6],2,0,2,0
[47 8 8],1,0,1,0
[47 8 13],1,0,1,0
[47 9 2],1,0,1,0
[47 9 8],1,0,1,0
[47 9 15],1,0,1,0
[47 11 6],2,0,2,0
[47 17 2],2,1,3,0
[47 24 2],1,0,1,0
[47 34 3],1,0,1,0
[47 47 10],1,1,2,0
[47 48 6],1,0,1,0
[47 55 6],1,0,1,0
[47 56 13],1,0,1,0
[47 56 17],1,0,1,0
[47 57 4],1,0,1,0
[47 59 0],2,0,2,0
[47 59 3],2,0,2,0
[47 83 5],1,0,1,0
[47 97 0],7,1,8,0
[47 97 2],9,2,11,0
[47 97 3],1,0,1,0
[47 97 10],2,0,2,0
[47 97 11],2,0,2,0
[47 97 13],5,2,7,0
[48 0 5],3,1,4,0
[48 0 17],1,1,2,0
[48 1 7],2,0,2,0
[48 1 9],1,1,2,0
[48 2 3],2,2,4,0
[48 2 6],15,3,18,0
[48 2 8],2,1,3,0
[48 2 30],1,0,1,0
[48 3 3],1,0,1,0
[48 3 6],1,0,1,0
[48 4 5],1,0,1,0
[48 4 8],1,0,1,0
[48 4 10],1,0,1,0
[48 4 14],1,0,1,0
[48 8 8],1,0,1,0
[48 9 3],2,0,2,0
[48 9 5],1,0,1,0
[48 9 10],1,0,1,0
[48 11 3],3,0,3,0
[48 11 5],1,0,1,0
[48 11 6],2,1,3,0
[48 11 7],1,0,1,0
[48 11 8],1,0,1,0
[48 11 10],1,0,1,0
[48 12 15],1,0,1,0
[48 14 3],1,0,1,0
[48 14 7],2,0,2,0
[48 14 8],2,0,2,0
[48 15 0],1,0,1,0
[48 15 14],1,0,1,0
[48 17 11],1,0,1,0
[48 17 14],1,0,1,0
[48 18 3],1,0,1,0
[48 18 5],1,0,1,0
[48 18 10],1,0,1,0
[48 24 15],1,0,1,0
[48 25 9],1,0,1,0
[48 32 3],2,1,3,0
[48 32 5],2,1,3,0
[48 32 30],1,0,1,0
[48 32 38],1,0,1,0
[48 34 6],1,0,1,0
[48 41 5],1,0,1,0
[48 42 0],6,1,7,0
[48 42 31],1,0,1,0
[48 47 5],1,0,1,0
[48 48 3],1,0,1,0
[48 48 5],1,0,1,0
[48 59 8],1,0,1,0
[48 61 3],1,0,1,0
[48 68 5],1,0,1,0
[48 68 17],1,0,1,0
[48 78 11],1,0,1,0
[48 83 8],1,0,1,0
[48 86 5],1,0,1,0
[48 87 5],1,0,1,0
[48 94 16],1,0,1,0
[48 97 0],6,0,6,0
[48 97 2],1,1,2,0
[48 97 3],4,0,4,0
[48 97 5],1,0,1,0
[48 97 8],1,0,1,0
[48 97 10],3,0,3,0
[48 97 14],1,0,1,0
[48 97 17],1,0,1,0
[49 0 0],1,0,1,0
[49 0 2],1,0,1,0
[49 0 3],3,0,3,0
[49 0 6],2,0,2,0
[49 0 15],2,0,2,0
[49 0 17],1,0,1,0
[49 0 18],10,2,12,0
[49 2 6],1,0,1,0
[49 5 0],20,9,29,0
[49 5 20],2,0,2,0
[49 6 6],1,0,1,0
[49 7 8],1,0,1,0
[49 8 5],1,0,1,0
[49 13 9],1,0,1,0
[49 20 3],1,1,2,0
[49 20 5],1,0,1,0
[49 20 15],1,0,1,0
[49 20 17],2,0,2,0
[49 23 5],1,0,1,0
[49 24 13],1,0,1,0
[49 26 2],1,0,1,0
[49 26 3],1,0,1,0
[49 26 7],1,0,1,0
[49 26 8],1,0,1,0
[49 28 0],1,1,2,0
[49 28 3],2,1,3,0
[49 28 5],1,0,1,0
[49 28 8],1,1,2,0
[49 28 10],1,0,1,0
[49 28 15],1,0,1,0
[49 29 0],19,7,26,0
[49 30 11],1,0,1,0
[49 31 0],1,0,1,0
[49 35 3],1,0,1,0
[49 38 6],1,0,1,0
[49 40 3],1,0,1,0
[49 40 8],1,1,2,0
[49 49 3],5,2,7,0
[49 49 15],4,0,4,0
[49 49 17],5,0,5,0
[49 52 2],1,0,1,0
[49 54 0],2,0,2,0
[49 55 0],1,0,1,0
[49 57 0],1,0,1,0
[49 57 2],1,0,1,0
[49 57 11],10,1,11,0
[49 64 6],1,0,1,0
[49 64 8],1,0,1,0
[49 71 3],2,0,2,0
[49 71 10],1,0,1,0
[49 73 3],1,0,1,0
[49 80 5],1,0,1,0
[49 80 9],3,0,3,0
[49 84 3],2,0,2,0
[49 84 4],1,1,2,0
[49 84 8],1,0,1,0
[49 84 17],1,0,1,0
[49 95 15],1,0,1,0
[49 96 34],1,0,1,0
[50 0 2],1,0,1,0
[50 0 6],1,0,1,0
[50 0 10],1,0,1,0
[50 1 7],4,1,5,0
[50 1 9],6,1,7,0
[50 1 11],7,1,8,0
[50 1 16],2,0,2,0
[50 1 39],2,0,2,0
[50 2 2],1,0,1,0
[50 2 6],3,1,4,0
[50 2 13],1,0,1,0
[50 3 2],1,0,1,0
[50 3 3],1,0,1,0
[50 3 5],2,1,3,0
[50 3 8],1,0,1,0
[50 3 13],1,0,1,0
[50 3 36],1,0,1,0
[50 8 5],1,0,1,0
[50 8 8],1,0,1,0
[50 15 0],1,0,1,0
[50 15 2],1,0,1,0
[50 15 6],1,0,1,0
[50 15 10],1,0,1,0
[50 15 44],1,0,1,0
[50 17 0],5,1,6,0
[50 21 4],3,2,5,0
[50 42 6],2,1,3,0
[50 50 3],3,0,3,0
[50 50 5],3,0,3,0
[50 50 10],1,0,1,0
[50 89 5],1,0,1,0
[50 94 4],8,3,11,0
[50 94 17],1,0,1,0
[50 97 0],13,2,15,0
[50 97 2],1,1,2,0
[50 97 8],1,0,1,0
[50 97 13],2,0,2,0
[50 97 44],1,0,1,0
[51 0 4],1,1,2,0
[51 0 5],7,5,12,0
[51 0 7],5,5,10,0
[51 0 9],1,1,2,0
[51 0 12],2,0,2,0
[51 0 14],1,0,1,0
[51 0 54],1,0,1,0
[51 5 3],5,2,7,0
[51 5 5],10,4,14,0
[51 5 8],3,1,4,0
[51 5 14],1,1,2,0
[51 5 15],1,0,1,0
[51 7 3],1,2,3,0
[51 7 5],2,0,2,0
[51 7 8],2,0,2,0
[51 10 3],1,0,1,0
[51 15 6],1,0,1,0
[51 20 3],1,0,1,0
[51 20 5],1,0,1,0
[51 20 10],1,0,1,0
[51 26 4],1,0,1,0
[51 28 8],1,0,1,0
[51 38 3],3,0,3,0
[51 38 10],1,0,1,0
[51 38 15],1,0,1,0
[51 51 3],1,1,2,0
[51 51 10],1,0,1,0
[51 55 8],1,0,1,0
[51 61 5],1,0,1,0
[51 61 9],1,0,1,0
[51 65 4],6,4,10,0
[51 65 7],1,0,1,0
[51 65 9],1,0,1,0
[51 65 16],1,0,1,0
[51 65 18],1,1,2,0
[51 74 5],1,0,1,0
[51 97 0],1,0,1,0
[51 97 2],1,0,1,0
[51 97 13],1,0,1,0
[52 0 3],3,2,5,0
[52 0 5],1,0,1,0
[52 0 6],5,2,7,0
[52 0 8],3,1,4,0
[52 0 10],2,1,3,0
[52 0 14],1,0,1,0
[52 0 18],1,0,1,0
[52 5 0],54,11,65,0
[52 5 2],2,0,2,0
[52 5 13],2,0,2,0
[52 5 20],2,0,2,0
[52 6 0],1,0,1,0
[52 6 3],1,0,1,0
[52 7 3],1,0,1,0
[52 8 11],1,0,1,0
[52 10 3],4,0,4,0
[52 10 5],1,0,1,0
[52 10 6],1,0,1,0
[52 10 7],1,0,1,0
[52 20 3],3,0,3,0
[52 20 6],1,1,2,0
[52 20 8],1,0,1,0
[52 23 0],4,1,5,0
[52 23 2],1,0,1,0
[52 23 3],4,1,5,0
[52 23 5],2,0,2,0
[52 23 6],2,0,2,0
[52 23 8],2,0,2,0
[52 23 10],1,1,2,0
[52 23 15],1,0,1,0
[52 23 17],1,0,1,0
[52 23 20],1,0,1,0
[52 24 3],1,0,1,0
[52 24 5],1,0,1,0
[52 24 15],1,0,1,0
[52 28 3],2,1,3,0
[52 28 5],1,0,1,0
[52 28 8],1,1,2,0
[52 29 0],10,8,18,0
[52 30 3],1,0,1,0
[52 30 20],1,0,1,0
[52 30 37],1,0,1,0
[52 31 0],8,2,10,0
[52 31 2],1,0,1,0
[52 32 10],1,0,1,0
[52 35 3],1,1,2,0
[52 35 6],1,0,1,0
[52 37 8],1,0,1,0
[52 38 8],1,0,1,0
[52 49 3],1,0,1,0
[52 49 8],1,0,1,0
[52 49 9],1,0,1,0
[52 49 17],1,0,1,0
[52 52 8],1,0,1,0
[52 52 10],2,0,2,0
[52 52 14],1,0,1,0
[52 53 0],2,0,2,0
[52 53 11],1,0,1,0
[52 54 0],1,2,3,0
[52 54 9],1,0,1,0
[52 57 11],2,0,2,0
[52 61 3],2,0,2,0
[52 61 5],1,0,1,0
[52 61 15],1,0,1,0
[52 63 3],1,0,1,0
[52 64 3],1,0,1,0
[52 64 5],1,0,1,0
[52 65 2],1,0,1,0
[52 66 0],1,0,1,0
[52 66 3],1,0,1,0
[52 67 3],1,1,2,0
[52 71 2],1,0,1,0
[52 71 3],1,1,2,0
[52 71 5],1,0,1,0
[52 74 3],2,0,2,0
[52 74 8],2,0,2,0
[52 78 3],1,0,1,0
[52 81 3],1,0,1,0
[52 97 0],3,0,3,0
[53 0 3],1,0,1,0
[53 0 5],1,0,1,0
[53 0 8],1,0,1,0
[53 0 14],1,0,1,0
[53 5 3],1,0,1,0
[53 7 8],1,0,1,0
[53 11 5],1,0,1,0
[53 26 2],1,0,1,0
[53 26 8],1,0,1,0
[53 30 11],2,1,3,0
[53 31 0],7,2,9,0
[53 31 8],1,0,1,0
[53 31 11],19,4,23,0
[53 35 3],1,0,1,0
[53 37 3],2,1,3,0
[53 52 4],1,0,1,0
[53 53 3],1,0,1,0
[53 54 3],1,0,1,0
[53 67 15],3,0,3,0
[53 75 8],1,0,1,0
[53 80 4],1,0,1,0
[53 82 2],1,0,1,0
[53 82 17],1,0,1,0
[53 84 8],1,0,1,0
[53 90 4],12,2,14,0
[53 90 7],5,2,7,0
[53 90 9],6,1,7,0
[53 90 16],2,0,2,0
[53 90 17],1,0,1,0
[53 90 18],1,0,1,0
[54 0 3],2,2,4,0
[54 0 5],2,2,4,0
[54 3 0],1,0,1,0
[54 5 0],1,0,1,0
[54 7 5],1,0,1,0
[54 7 8],1,0,1,0
[54 7 17],1,1,2,0
[54 10 4],1,1,2,0
[54 20 2],1,2,3,0
[54 20 3],1,0,1,0
[54 20 15],1,0,1,0
[54 24 5],1,0,1,0
[54 25 0],1,0,1,0
[54 28 7],1,0,1,0
[54 29 7],1,0,1,0
[54 29 14],1,0,1,0
[54 29 17],1,0,1,0
[54 30 11],1,0,1,0
[54 37 2],1,0,1,0
[54 39 2],1,0,1,0
[54 40 2],2,0,2,0
[54 40 14],1,0,1,0
[54 52 7],1,0,1,0
[54 53 7],1,0,1,0
[54 54 9],1,0,1,0
[54 61 7],1,0,1,0
[54 61 8],1,0,1,0
[54 61 10],1,0,1,0
[54 63 2],1,0,1,0
[54 67 4],1,0,1,0
[54 67 16],1,0,1,0
[54 72 4],1,0,1,0
[54 73 2],1,0,1,0
[54 74 7],1,0,1,0
[54 74 9],1,0,1,0
[54 74 16],1,0,1,0
[54 75 11],1,1,2,0
[55 0 0],2,0,2,0
[55 0 3],3,1,4,0
[55 0 5],4,2,6,0
[55 0 6],1,0,1,0
[55 0 8],2,1,3,0
[55 0 10],1,0,1,0
[55 0 15],1,0,1,0
[55 0 17],1,0,1,0
[55 2 3],1,0,1,0
[55 2 6],2,0,2,0
[55 3 3],1,0,1,0
[55 5 0],11,1,12,0
[55 5 2],1,0,1,0
[55 5 7],1,3,4,0
[55 5 20],1,0,1,0
[55 7 0],1,0,1,0
[55 7 3],1,0,1,0
[55 7 7],1,2,3,0
[55 7 8],1,0,1,0
[55 8 6],1,0,1,0
[55 10 3],1,0,1,0
[55 10 8],1,0,1,0
[55 10 17],1,0,1,0
[55 11 3],1,0,1,0
[55 11 6],1,0,1,0
[55 12 0],1,0,1,0
[55 12 3],1,0,1,0
[55 15 2],1,0,1,0
[55 17 5],1,0,1,0
[55 17 10],1,0,1,0
[55 18 0],6,0,6,0
[55 18 5],6,0,6,0
[55 18 31],4,0,4,0
[55 20 5],1,0,1,0
[55 21 2],1,0,1,0
[55 21 13],1,0,1,0
[55 22 7],1,0,1,0
[55 24 3],1,0,1,0
[55 25 4],2,0,2,0
[55 25 42],2,0,2,0
[55 26 10],2,0,2,0
[55 26 37],1,0,1,0
[55 28 7],1,0,1,0
[55 29 0],2,5,7,0
[55 29 7],1,0,1,0
[55 30 0],1,0,1,0
[55 30 8],1,0,1,0
[55 30 14],1,0,1,0
[55 31 0],7,2,9,0
[55 31 8],1,0,1,0
[55 31 20],1,0,1,0
[55 32 15],1,0,1,0
[55 35 2],1,0,1,0
[55 37 0],1,0,1,0
[55 38 3],1,0,1,0
[55 38 8],1,0,1,0
[55 40 0],1,0,1,0
[55 40 8],1,0,1,0
[55 40 14],1,0,1,0
[55 45 7],1,0,1,0
[55 49 7],1,0,1,0
[55 51 20],1,0,1,0
[55 53 3],1,0,1,0
[55 54 0],6,2,8,0
[55 54 7],1,0,1,0
[55 55 0],2,0,2,0
[55 55 2],1,1,2,0
[55 55 3],4,3,7,0
[55 55 7],1,1,2,0
[55 55 10],1,0,1,0
[55 55 14],1,0,1,0
[55 55 20],1,1,2,0
[55 56 11],1,0,1,0
[55 57 15],1,0,1,0
[55 59 0],1,0,1,0
[55 59 15],1,0,1,0
[55 66 3],1,0,1,0
[55 66 4],3,1,4,0
[55 66 8],1,0,1,0
[55 66 12],2,0,2,0
[55 66 42],1,0,1,0
[55 73 3],1,0,1,0
[55 73 7],1,0,1,0
[55 75 37],1,0,1,0
[55 76 0],2,0,2,0
[55 76 2],1,0,1,0
[55 76 11],1,0,1,0
[55 78 17],1,0,1,0
[55 86 3],1,0,1,0
[55 91 5],1,0,1,0
[55 97 0],6,2,8,0
[55 97 2],2,0,2,0
[55 97 8],1,0,1,0
[55 97 14],1,0,1,0
[55 97 20],1,0,1,0
[56 0 3],3,1,4,0
[56 0 5],4,0,4,0
[56 0 6],1,0,1,0
[56 0 15],1,0,1,0
[56 1 7],5,1,6,0
[56 1 9],4,0,4,0
[56 1 16],1,0,1,0
[56 2 6],8,1,9,0
[56 2 7],1,0,1,0
[56 2 8],1,0,1,0
[56 2 9],1,0,1,0
[56 2 10],1,0,1,0
[56 2 14],1,0,1,0
[56 2 15],1,0,1,0
[56 2 17],1,0,1,0
[56 2 35],1,0,1,0
[56 2 59],1,0,1,0
[56 3 5],2,0,2,0
[56 3 6],3,0,3,0
[56 3 10],1,0,1,0
[56 4 3],1,0,1,0
[56 4 5],8,2,10,0
[56 4 8],1,0,1,0
[56 4 10],2,0,2,0
[56 4 15],2,0,2,0
[56 5 3],1,0,1,0
[56 8 3],1,0,1,0
[56 8 5],8,2,10,0
[56 8 6],7,2,9,0
[56 8 8],1,1,2,0
[56 8 10],3,0,3,0
[56 8 17],1,1,2,0
[56 11 3],1,0,1,0
[56 11 5],1,1,2,0
[56 11 7],1,0,1,0
[56 11 8],1,0,1,0
[56 12 5],1,0,1,0
[56 12 10],1,0,1,0
[56 17 0],10,3,13,0
[56 17 10],1,0,1,0
[56 18 5],2,1,3,0
[56 18 6],1,0,1,0
[56 18 17],1,0,1,0
[56 21 4],6,1,7,0
[56 24 5],1,0,1,0
[56 34 6],1,0,1,0
[56 47 7],1,0,1,0
[56 50 6],1,0,1,0
[56 56 5],1,1,2,0
[56 56 6],1,1,2,0
[56 56 8],1,1,2,0
[56 56 15],1,0,1,0
[56 83 15],1,0,1,0
[56 91 5],1,0,1,0
[56 97 0],23,11,34,0
[56 97 2],3,0,3,0
[56 97 3],1,1,2,0
[56 97 8],2,0,2,0
[56 97 35],1,0,1,0
[57 0 0],3,2,5,0
[57 0 2],2,0,2,0
[57 0 15],1,0,1,0
[57 5 0],5,2,7,0
[57 5 2],1,1,2,0
[57 5 8],1,0,1,0
[57 9 6],1,0,1,0
[57 10 12],1,1,2,0
[57 15 2],1,0,1,0
[57 16 0],1,0,1,0
[57 16 2],2,0,2,0
[57 18 0],1,0,1,0
[57 22 0],1,1,2,0
[57 22 7],1,0,1,0
[57 22 12],1,0,1,0
[57 23 13],1,0,1,0
[57 26 12],2,0,2,0
[57 29 0],1,0,1,0
[57 30 0],1,0,1,0
[57 31 0],1,0,1,0
[57 32 0],1,0,1,0
[57 32 2],1,0,1,0
[57 46 2],1,0,1,0
[57 49 0],1,1,2,0
[57 49 4],1,0,1,0
[57 49 12],4,3,7,0
[57 52 12],1,0,1,0
[57 63 11],1,0,1,0
[57 66 4],1,0,1,0
[57 66 12],1,0,1,0
[57 71 0],2,0,2,0
[57 73 12],1,0,1,0
[57 79 0],1,0,1,0
[57 81 0],1,0,1,0
[57 81 13],1,0,1,0
[57 84 6],1,0,1,0
[57 84 12],2,0,2,0
[57 96 0],2,1,3,0
[57 96 3],1,0,1,0
[57 96 8],1,0,1,0
[57 96 14],1,0,1,0
[57 97 0],1,0,1,0
[57 97 2],1,0,1,0
[58 0 0],25,11,36,0
[58 0 5],1,0,1,0
[58 5 7],2,0,2,0
[58 6 2],1,0,1,0
[58 6 7],6,1,7,0
[58 6 9],10,4,14,0
[58 6 16],3,2,5,0
[58 26 3],1,0,1,0
[58 26 15],1,0,1,0
[58 33 2],3,1,4,0
[58 79 15],1,0,1,0
[59 0 3],1,1,2,0
[59 0 5],1,1,2,0
[59 0 6],1,0,1,0
[59 0 8],1,0,1,0
[59 0 15],1,0,1,0
[59 1 7],3,1,4,0
[59 2 0],1,0,1,0
[59 2 2],2,0,2,0
[59 2 3],2,0,2,0
[59 2 6],7,2,9,0
[59 2 33],1,0,1,0
[59 4 5],6,0,6,0
[59 4 6],1,0,1,0
[59 4 8],1,0,1,0
[59 4 14],1,0,1,0
[59 4 17],1,1,2,0
[59 5 20],1,0,1,0
[59 8 2],1,0,1,0
[59 8 3],1,0,1,0
[59 8 6],1,0,1,0
[59 8 14],1,0,1,0
[59 8 17],1,0,1,0
[59 9 2],1,0,1,0
[59 9 3],2,0,2,0
[59 9 13],1,0,1,0
[59 10 4],1,0,1,0
[59 11 3],1,0,1,0
[59 11 5],2,0,2,0
[59 11 6],2,0,2,0
[59 11 8],1,0,1,0
[59 11 15],1,0,1,0
[59 14 6],2,1,3,0
[59 15 0],3,0,3,0
[59 15 2],1,0,1,0
[59 15 11],5,0,5,0
[59 17 0],2,0,2,0
[59 17 3],2,1,3,0
[59 17 14],1,0,1,0
[59 18 6],1,0,1,0
[59 24 3],1,0,1,0
[59 24 5],1,0,1,0
[59 24 6],1,0,1,0
[59 25 3],1,0,1,0
[59 34 6],1,0,1,0
[59 38 4],3,0,3,0
[59 38 12],1,0,1,0
[59 45 3],1,0,1,0
[59 47 3],1,0,1,0
[59 48 3],1,0,1,0
[59 48 10],1,0,1,0
[59 51 5],1,0,1,0
[59 55 5],1,0,1,0
[59 56 2],1,1,2,0
[59 56 5],1,0,1,0
[59 59 8],1,0,1,0
[59 59 15],1,1,2,0
[59 59 17],1,0,1,0
[59 60 17],1,0,1,0
[59 67 3],1,0,1,0
[59 72 6],1,0,1,0
[59 82 10],1,0,1,0
[59 91 3],1,0,1,0
[59 91 5],1,0,1,0
[59 91 8],2,0,2,0
[59 91 14],1,0,1,0
[59 97 0],15,3,18,0
[59 97 2],3,0,3,0
[59 97 3],5,1,6,0
[59 97 6],1,0,1,0
[59 97 11],4,0,4,0
[60 0 0],22,4,26,0
[60 0 8],2,0,2,0
[60 6 9],3,0,3,0
[60 6 13],1,0,1,0
[60 6 16],2,0,2,0
[60 7 0],1,0,1,0
[60 13 8],1,0,1,0
[60 19 9],1,1,2,0
[60 22 7],1,0,1,0
[60 22 8],1,0,1,0
[60 27 2],1,0,1,0
[60 33 2],3,0,3,0
[60 46 2],1,0,1,0
[60 46 8],2,0,2,0
[60 65 3],1,0,1,0
[61 0 0],2,1,3,0
[61 0 2],1,0,1,0
[61 0 3],2,0,2,0
[61 0 5],2,0,2,0
[61 0 6],1,0,1,0
[61 0 8],2,0,2,0
[61 0 9],1,0,1,0
[61 0 10],1,0,1,0
[61 0 15],1,0,1,0
[61 0 17],1,0,1,0
[61 0 25],2,0,2,0
[61 1 9],1,0,1,0
[61 2 8],1,0,1,0
[61 5 0],3,0,3,0
[61 5 3],1,0,1,0
[61 5 8],1,1,2,0
[61 5 19],2,0,2,0
[61 5 20],2,0,2,0
[61 6 0],1,0,1,0
[61 7 0],4,3,7,0
[61 7 8],1,0,1,0
[61 7 19],2,1,3,0
[61 7 20],1,0,1,0
[61 12 6],1,0,1,0
[61 13 4],1,0,1,0
[61 15 11],1,0,1,0
[61 18 0],1,0,1,0
[61 20 6],2,2,4,0
[61 20 23],1,1,2,0
[61 23 10],1,0,1,0
[61 23 38],1,0,1,0
[61 24 3],1,0,1,0
[61 29 0],2,0,2,0
[61 29 8],1,0,1,0
[61 29 20],1,0,1,0
[61 30 11],1,0,1,0
[61 32 0],3,0,3,0
[61 32 7],1,0,1,0
[61 32 10],1,0,1,0
[61 32 19],2,0,2,0
[61 32 20],1,0,1,0
[61 35 7],1,0,1,0
[61 40 0],3,0,3,0
[61 41 3],1,0,1,0
[61 41 8],1,0,1,0
[61 41 38],1,0,1,0
[61 49 6],1,0,1,0
[61 51 0],5,0,5,0
[61 51 6],1,0,1,0
[61 51 8],1,0,1,0
[61 52 6],2,0,2,0
[61 52 10],1,0,1,0
[61 52 17],1,0,1,0
[61 53 0],1,0,1,0
[61 53 11],3,0,3,0
[61 53 19],2,0,2,0
[61 53 49],1,0,1,0
[61 53 57],1,0,1,0
[61 54 0],1,0,1,0
[61 54 10],1,0,1,0
[61 54 52],1,0,1,0
[61 56 5],1,0,1,0
[61 61 2],1,0,1,0
[61 61 3],2,0,2,0
[61 61 6],1,0,1,0
[61 61 10],2,0,2,0
[61 61 23],2,0,2,0
[61 61 26],3,0,3,0
[61 65 0],1,0,1,0
[61 65 3],1,0,1,0
[61 65 8],1,0,1,0
[61 74 6],1,0,1,0
[61 75 37],1,0,1,0
[61 86 23],1,0,1,0
[61 89 7],1,0,1,0
[61 89 10],1,0,1,0
[61 93 0],1,0,1,0
[61 93 11],1,0,1,0
[61 96 4],1,0,1,0
[61 97 0],6,0,6,0
[61 97 8],1,0,1,0
[61 99 11],1,0,1,0
[62 0 0],47,15,62,0
[62 0 3],1,0,1,0
[62 0 6],2,0,2,0
[62 0 8],2,0,2,0
[62 1 9],1,0,1,0
[62 5 0],6,0,6,0
[62 6 0],2,0,2,0
[62 6 2],1,2,3,0
[62 6 13],1,0,1,0
[62 13 9],1,0,1,0
[62 13 16],1,0,1,0
[62 20 3],1,0,1,0
[62 24 13],1,0,1,0
[62 28 0],1,0,1,0
[62 32 0],1,0,1,0
[62 36 5],1,0,1,0
[62 36 7],2,0,2,0
[62 36 8],1,0,1,0
[62 96 0],9,1,10,0
[63 0 3],1,0,1,0
[63 0 6],2,0,2,0
[63 0 8],1,1,2,0
[63 0 10],1,0,1,0
[63 0 14],1,1,2,0
[63 3 11],1,0,1,0
[63 5 0],34,13,47,0
[63 5 2],3,0,3,0
[63 5 13],1,0,1,0
[63 5 20],3,0,3,0
[63 10 3],1,0,1,0
[63 10 8],1,0,1,0
[63 23 0],2,2,4,0
[63 23 3],3,0,3,0
[63 23 8],1,0,1,0
[63 23 14],1,0,1,0
[63 23 17],1,0,1,0
[63 23 20],1,0,1,0
[63 31 0],10,4,14,0
[63 31 13],1,0,1,0
[63 31 20],2,0,2,0
[63 37 0],3,0,3,0
[63 37 7],1,0,1,0
[63 51 8],1,0,1,0
[63 53 3],1,0,1,0
[63 54 0],5,1,6,0
[63 55 8],2,0,2,0
[63 57 11],1,0,1,0
[63 63 3],5,0,5,0
[63 63 8],1,0,1,0
[63 63 11],1,1,2,0
[63 63 42],1,0,1,0
[63 66 14],1,0,1,0
[63 67 3],1,0,1,0
[63 71 5],1,0,1,0
[63 73 8],2,0,2,0
[63 74 9],1,0,1,0
[64 0 0],2,0,2,0
[64 0 3],2,0,2,0
[64 0 8],1,0,1,0
[64 0 48],1,0,1,0
[64 5 0],7,1,8,0
[64 5 16],1,0,1,0
[64 10 3],1,0,1,0
[64 10 10],1,0,1,0
[64 20 4],1,0,1,0
[64 20 5],1,0,1,0
[64 20 10],1,0,1,0
[64 20 16],1,0,1,0
[64 28 8],1,1,2,0
[64 29 0],18,2,20,0
[64 29 2],2,0,2,0
[64 29 3],1,0,1,0
[64 29 7],2,0,2,0
[64 29 9],1,0,1,0
[64 29 13],3,0,3,0
[64 29 20],1,0,1,0
[64 31 0],1,0,1,0
[64 31 9],1,0,1,0
[64 35 10],1,0,1,0
[64 38 3],1,0,1,0
[64 55 0],1,0,1,0
[64 57 7],1,0,1,0
[64 71 2],2,0,2,0
[64 71 5],1,0,1,0
[64 71 13],1,0,1,0
[65 0 3],3,0,3,0
[65 0 5],5,5,10,0
[65 0 7],3,0,3,0
[65 0 14],1,1,2,0
[65 0 15],1,0,1,0
[65 7 0],9,4,13,0
[65 7 20],1,0,1,0
[65 22 16],1,0,1,0
[65 30 2],1,0,1,0
[65 32 0],1,0,1,0
[65 38 15],1,0,1,0
[65 40 0],29,11,40,0
[65 40 2],4,0,4,0
[65 40 9],1,0,1,0
[65 40 13],1,0,1,0
[65 40 20],3,1,4,0
[65 51 0],46,21,67,0
[65 51 2],1,0,1,0
[65 51 3],1,0,1,0
[65 51 49],1,0,1,0
[65 61 8],1,0,1,0
[65 65 0],1,0,1,0
[65 65 2],1,0,1,0
[65 65 3],5,3,8,0
[65 65 5],1,0,1,0
[65 65 6],1,1,2,0
[65 65 8],2,0,2,0
[65 65 10],2,2,4,0
[65 65 13],1,0,1,0
[65 86 0],1,0,1,0
[66 0 3],3,0,3,0
[66 0 6],4,1,5,0
[66 0 7],1,0,1,0
[66 0 8],3,0,3,0
[66 0 9],2,0,2,0
[66 0 14],3,0,3,0
[66 0 17],1,0,1,0
[66 0 56],1,0,1,0
[66 5 0],12,3,15,0
[66 6 17],1,0,1,0
[66 10 8],2,0,2,0
[66 10 13],1,0,1,0
[66 13 9],1,0,1,0
[66 23 0],18,5,23,0
[66 23 2],1,0,1,0
[66 23 8],2,0,2,0
[66 23 10],1,0,1,0
[66 23 11],1,0,1,0
[66 23 13],1,0,1,0
[66 23 19],1,0,1,0
[66 23 20],1,0,1,0
[66 31 0],2,1,3,0
[66 35 3],1,0,1,0
[66 35 8],1,0,1,0
[66 35 17],1,0,1,0
[66 52 3],2,0,2,0
[66 55 0],1,0,1,0
[66 55 2],1,0,1,0
[66 55 11],7,2,9,0
[66 55 20],1,0,1,0
[66 57 11],2,0,2,0
[66 66 0],2,0,2,0
[66 66 4],1,0,1,0
[66 66 7],7,0,7,0
[66 66 8],4,0,4,0
[66 66 10],1,0,1,0
[66 66 12],1,0,1,0
[66 66 14],6,0,6,0
[67 0 3],2,1,3,0
[67 0 5],3,0,3,0
[67 0 14],2,0,2,0
[67 0 17],1,0,1,0
[67 1 7],1,0,1,0
[67 2 6],1,0,1,0
[67 4 5],1,0,1,0
[67 4 13],1,0,1,0
[67 5 0],12,3,15,0
[67 5 3],1,0,1,0
[67 5 7],1,0,1,0
[67 5 9],1,0,1,0
[67 5 20],3,1,4,0
[67 12 11],1,0,1,0
[67 17 2],1,0,1,0
[67 18 0],3,0,3,0
[67 21 2],2,0,2,0
[67 21 6],1,0,1,0
[67 22 14],1,0,1,0
[67 24 0],15,0,15,0
[67 24 6],1,0,1,0
[67 24 31],2,0,2,0
[67 26 22],1,0,1,0
[67 31 0],3,0,3,0
[67 31 11],1,0,1,0
[67 31 20],1,0,1,0
[67 41 42],1,0,1,0
[67 43 0],1,0,1,0
[67 53 9],1,0,1,0
[67 53 17],3,0,3,0
[67 54 0],2,0,2,0
[67 54 6],1,0,1,0
[67 54 7],2,0,2,0
[67 54 20],1,0,1,0
[67 59 0],1,0,1,0
[67 59 8],1,0,1,0
[67 61 2],1,0,1,0
[67 63 3],1,0,1,0
[67 67 3],4,0,4,0
[67 75 0],2,0,2,0
[67 75 2],1,0,1,0
[67 75 8],1,0,1,0
[67 82 3],1,0,1,0
[67 82 10],1,0,1,0
[67 82 15],1,0,1,0
[67 86 4],1,0,1,0
[67 93 3],1,0,1,0
[67 97 0],2,0,2,0
[67 97 2],1,0,1,0
[68 0 3],3,0,3,0
[68 0 5],2,0,2,0
[68 0 7],2,0,2,0
[68 0 8],2,0,2,0
[68 0 9],2,0,2,0
[68 0 10],1,0,1,0
[68 0 12],1,0,1,0
[68 0 16],1,0,1,0
[68 0 22],1,1,2,0
[68 0 24],1,0,1,0
[68 0 36],2,0,2,0
[68 0 54],1,0,1,0
[68 0 67],1,0,1,0
[68 1 7],2,1,3,0
[68 2 6],3,0,3,0
[68 5 0],1,0,1,0
[68 8 6],2,0,2,0
[68 8 10],1,0,1,0
[68 11 3],1,0,1,0
[68 11 6],1,0,1,0
[68 11 7],1,0,1,0
[68 11 10],1,0,1,0
[68 15 0],1,0,1,0
[68 15 2],1,1,2,0
[68 15 20],1,0,1,0
[68 15 23],1,0,1,0
[68 15 25],2,1,3,0
[68 15 47],1,0,1,0
[68 17 0],2,0,2,0
[68 25 6],1,0,1,0
[68 54 0],1,0,1,0
[68 68 2],1,0,1,0
[68 68 5],5,0,5,0
[68 68 6],3,0,3,0
[68 68 8],2,0,2,0
[68 68 10],3,0,3,0
[68 68 14],2,0,2,0
[68 68 15],2,0,2,0
[68 68 17],2,0,2,0
[68 70 0],1,0,1,0
[68 72 12],1,0,1,0
[68 72 58],1,0,1,0
[68 85 0],1,0,1,0
[68 97 0],5,1,6,0
[69 0 2],16,3,19,0
[69 0 5],2,0,2,0
[69 0 6],1,0,1,0
[69 0 8],1,1,2,0
[69 0 14],1,0,1,0
[69 0 18],1,1,2,0
[69 0 39],1,0,1,0
[69 1 7],4,0,4,0
[69 1 8],1,0,1,0
[69 1 9],3,1,4,0
[69 1 11],33,7,40,0
[69 1 13],1,0,1,0
[69 1 16],3,0,3,0
[69 1 34],4,1,5,0
[69 1 39],4,0,4,0
[69 2 2],2,0,2,0
[69 2 8],1,0,1,0
[69 6 2],5,0,5,0
[69 11 6],1,0,1,0
[69 12 2],3,0,3,0
[69 14 2],1,0,1,0
[69 14 6],1,0,1,0
[69 15 0],1,0,1,0
[69 15 2],3,0,3,0
[69 15 11],1,0,1,0
[69 15 13],1,0,1,0
[69 41 2],1,0,1,0
[69 42 6],1,1,2,0
[69 62 2],1,0,1,0
[69 69 2],1,0,1,0
[69 69 3],1,1,2,0
[69 69 6],1,0,1,0
[69 69 9],2,0,2,0
[69 69 10],1,0,1,0
[69 69 14],4,0,4,0
[69 69 17],2,0,2,0
[69 70 0],3,2,5,0
[69 70 2],3,2,5,0
[69 70 13],1,0,1,0
[69 79 2],1,0,1,0
[69 97 13],1,0,1,0
[70 0 7],5,0,5,0
[70 0 16],2,0,2,0
[70 1 7],6,0,6,0
[70 1 9],5,1,6,0
[70 1 16],2,0,2,0
[70 7 7],1,0,1,0
[70 11 14],1,0,1,0
[70 12 6],2,0,2,0
[70 15 4],1,0,1,0
[70 22 7],4,1,5,0
[70 22 16],2,0,2,0
[70 32 6],1,0,1,0
[70 43 9],1,0,1,0
[70 69 7],3,0,3,0
[70 69 9],2,0,2,0
[70 70 16],1,0,1,0
[70 97 0],1,0,1,0
[71 0 3],1,0,1,0
[71 0 5],1,0,1,0
[71 0 6],1,0,1,0
[71 5 0],6,3,9,0
[71 5 7],2,0,2,0
[71 5 9],1,0,1,0
[71 7 5],1,0,1,0
[71 20 3],5,2,7,0
[71 20 6],14,2,16,0
[71 20 7],6,2,8,0
[71 20 8],2,1,3,0
[71 20 9],7,1,8,0
[71 23 3],1,0,1,0
[71 26 8],1,0,1,0
[71 28 0],4,3,7,0
[71 28 3],4,0,4,0
[71 28 6],1,0,1,0
[71 28 7],1,0,1,0
[71 28 8],2,0,2,0
[71 28 10],1,1,2,0
[71 28 11],1,1,2,0
[71 28 31],1,1,2,0
[71 29 0],30,8,38,0
[71 29 2],1,0,1,0
[71 29 7],3,2,5,0
[71 29 20],1,0,1,0
[71 38 9],1,0,1,0
[71 49 3],2,0,2,0
[71 52 3],1,0,1,0
[71 64 3],1,0,1,0
[71 64 6],3,0,3,0
[71 64 9],1,1,2,0
[71 71 2],1,0,1,0
[71 71 3],1,0,1,0
[71 71 5],1,0,1,0
[71 80 30],3,0,3,0
[71 81 2],1,0,1,0
[71 81 3],3,4,7,0
[71 81 8],6,3,9,0
[71 81 14],1,0,1,0
[71 81 15],1,1,2,0
[71 85 10],1,0,1,0
[72 0 3],3,0,3,0
[72 0 5],10,0,10,0
[72 0 6],2,0,2,0
[72 0 10],1,0,1,0
[72 0 15],1,0,1,0
[72 2 6],1,1,2,0
[72 2 11],1,0,1,0
[72 2 20],1,0,1,0
[72 3 11],1,0,1,0
[72 5 0],5,4,9,0
[72 7 8],1,0,1,0
[72 7 14],1,0,1,0
[72 7 17],1,0,1,0
[72 10 11],1,0,1,0
[72 10 37],1,0,1,0
[72 12 8],1,0,1,0
[72 15 3],1,0,1,0
[72 15 14],1,0,1,0
[72 20 0],1,0,1,0
[72 20 3],1,0,1,0
[72 20 5],1,2,3,0
[72 20 15],1,1,2,0
[72 22 6],1,0,1,0
[72 24 6],1,1,2,0
[72 26 5],1,0,1,0
[72 29 0],2,1,3,0
[72 29 3],1,0,1,0
[72 30 0],1,0,1,0
[72 31 0],3,0,3,0
[72 32 7],1,0,1,0
[72 35 11],1,0,1,0
[72 37 3],1,0,1,0
[72 37 5],1,0,1,0
[72 38 3],1,0,1,0
[72 38 10],1,0,1,0
[72 41 5],1,0,1,0
[72 51 10],1,0,1,0
[72 52 3],1,0,1,0
[72 54 0],2,1,3,0
[72 54 20],1,0,1,0
[72 59 5],1,0,1,0
[72 63 11],1,0,1,0
[72 67 11],2,0,2,0
[72 74 11],7,1,8,0
[72 74 37],1,0,1,0
[72 75 5],1,0,1,0
[72 78 0],1,0,1,0
[72 78 2],1,0,1,0
[72 78 4],1,0,1,0
[72 78 10],1,0,1,0
[72 78 11],29,7,36,0
[72 78 37],2,1,3,0
[72 82 3],1,0,1,0
[72 82 15],1,0,1,0
[72 89 8],1,0,1,0
[73 0 3],1,1,2,0
[73 0 10],1,0,1,0
[73 0 14],1,0,1,0
[73 5 0],18,4,22,0
[73 5 3],1,0,1,0
[73 5 8],1,0,1,0
[73 5 13],1,0,1,0
[73 5 20],1,0,1,0
[73 8 6],1,0,1,0
[73 10 3],1,1,2,0
[73 10 8],1,0,1,0
[73 20 6],1,1,2,0
[73 20 7],1,0,1,0
[73 23 6],1,0,1,0
[73 23 10],1,0,1,0
[73 28 5],1,0,1,0
[73 28 6],1,0,1,0
[73 28 7],1,0,1,0
[73 28 16],1,0,1,0
[73 29 0],1,1,2,0
[73 29 7],1,0,1,0
[73 31 0],1,1,2,0
[73 32 0],1,0,1,0
[73 35 2],3,0,3,0
[73 37 8],1,0,1,0
[73 47 7],1,0,1,0
[73 54 0],1,2,3,0
[73 55 0],1,0,1,0
[73 55 13],1,0,1,0
[73 71 8],1,0,1,0
[73 73 2],1,0,1,0
[73 73 9],1,0,1,0
[73 75 11],1,1,2,0
[73 75 37],1,0,1,0
[73 76 3],1,0,1,0
[73 76 5],1,0,1,0
[73 81 8],2,0,2,0
[73 97 0],1,1,2,0
[73 97 3],1,0,1,0
[74 0 3],1,0,1,0
[74 0 5],1,1,2,0
[74 0 6],1,0,1,0
[74 0 8],1,0,1,0
[74 5 0],21,5,26,0
[74 5 2],1,2,3,0
[74 5 13],2,0,2,0
[74 5 20],3,2,5,0
[74 7 10],1,0,1,0
[74 20 3],1,0,1,0
[74 25 3],1,0,1,0
[74 25 8],1,0,1,0
[74 29 0],1,0,1,0
[74 31 0],1,0,1,0
[74 41 3],2,0,2,0
[74 51 8],1,0,1,0
[74 53 2],1,0,1,0
[74 53 5],1,0,1,0
[74 54 0],7,2,9,0
[74 54 2],1,0,1,0
[74 54 13],1,0,1,0
[74 63 2],1,0,1,0
[74 72 4],3,2,5,0
[74 72 18],1,0,1,0
[74 72 22],1,0,1,0
[74 72 42],1,1,2,0
[74 74 3],2,0,2,0
[74 74 5],1,0,1,0
[74 78 6],1,0,1,0
[74 78 9],1,0,1,0
[75 0 5],2,1,3,0
[75 0 15],1,0,1,0
[75 2 6],1,0,1,0
[75 5 3],1,1,2,0
[75 5 7],1,0,1,0
[75 5 17],1,0,1,0
[75 5 20],1,0,1,0
[75 7 17],1,0,1,0
[75 30 3],1,0,1,0
[75 30 7],2,0,2,0
[75 30 9],2,0,2,0
[75 31 3],1,1,2,0
[75 31 5],1,0,1,0
[75 37 3],1,1,2,0
[75 37 8],1,0,1,0
[75 37 17],1,0,1,0
[75 53 8],1,0,1,0
[75 61 4],1,0,1,0
[75 80 4],1,0,1,0
[75 82 5],1,0,1,0
[75 90 15],1,0,1,0
[75 93 10],2,0,2,0
[75 97 2],1,0,1,0
[75 97 3],1,0,1,0
[75 97 10],1,0,1,0
[75 97 20],1,0,1,0
[76 0 3],3,0,3,0
[76 0 8],1,0,1,0
[76 0 10],1,0,1,0
[76 0 15],1,0,1,0
[76 0 22],1,0,1,0
[76 1 7],1,0,1,0
[76 1 9],1,0,1,0
[76 8 6],2,0,2,0
[76 11 6],1,0,1,0
[76 11 8],1,0,1,0
[76 17 0],1,0,1,0
[76 20 7],1,0,1,0
[76 21 4],6,1,7,0
[76 22 7],1,0,1,0
[76 22 16],2,0,2,0
[76 26 5],1,0,1,0
[76 26 8],2,0,2,0
[76 32 3],1,0,1,0
[76 32 8],1,0,1,0
[76 32 10],1,0,1,0
[76 32 17],1,0,1,0
[76 43 5],1,1,2,0
[76 44 6],1,1,2,0
[76 44 8],2,0,2,0
[76 44 10],1,0,1,0
[76 45 4],1,0,1,0
[76 50 3],1,0,1,0
[76 55 3],1,0,1,0
[76 73 4],1,0,1,0
[76 89 4],1,0,1,0
[76 89 12],1,0,1,0
[76 89 42],1,1,2,0
[76 94 6],1,0,1,0
[76 97 0],5,1,6,0
[76 97 2],1,0,1,0
[76 97 8],1,0,1,0
[77 0 0],5,1,6,0
[77 0 3],3,3,6,0
[77 0 7],13,2,15,0
[77 0 9],4,2,6,0
[77 0 16],2,1,3,0
[77 8 0],1,0,1,0
[77 13 8],1,0,1,0
[77 13 9],1,0,1,0
[77 16 3],1,0,1,0
[77 16 9],2,0,2,0
[77 33 2],1,0,1,0
[77 77 8],1,0,1,0
[77 97 0],2,2,4,0
[78 0 5],3,0,3,0
[78 0 6],1,0,1,0
[78 2 3],1,0,1,0
[78 2 6],1,0,1,0
[78 5 0],1,2,3,0
[78 5 2],1,0,1,0
[78 5 3],1,0,1,0
[78 7 14],1,0,1,0
[78 11 4],1,0,1,0
[78 18 13],1,0,1,0
[78 20 0],1,0,1,0
[78 20 5],1,0,1,0
[78 24 8],1,0,1,0
[78 26 5],1,0,1,0
[78 30 0],1,0,1,0
[78 30 11],1,0,1,0
[78 30 14],1,0,1,0
[78 31 0],3,2,5,0
[78 31 20],1,0,1,0
[78 32 3],1,0,1,0
[78 32 17],1,0,1,0
[78 37 0],10,7,17,0
[78 51 5],1,0,1,0
[78 52 3],1,1,2,0
[78 54 0],2,2,4,0
[78 63 9],1,0,1,0
[78 72 4],6,3,9,0
[78 72 7],4,0,4,0
[78 72 9],1,0,1,0
[78 72 12],1,1,2,0
[78 72 42],3,2,5,0
[78 74 2],1,0,1,0
[78 74 5],1,0,1,0
[78 75 0],1,0,1,0
[78 78 0],1,0,1,0
[78 78 5],1,0,1,0
[78 78 8],1,0,1,0
[78 78 37],1,0,1,0
[78 82 3],1,0,1,0
[78 90 17],1,0,1,0
[78 93 3],1,0,1,0
[78 93 6],1,0,1,0
[78 97 0],2,0,2,0
[78 97 20],1,0,1,0
[79 0 2],2,0,2,0
[79 0 3],2,0,2,0
[79 0 4],1,0,1,0
[79 0 6],2,0,2,0
[79 0 7],4,0,4,0
[79 0 8],1,0,1,0
[79 0 9],3,0,3,0
[79 0 16],5,0,5,0
[79 0 17],2,0,2,0
[79 0 18],1,0,1,0
[79 0 36],1,0,1,0
[79 1 7],1,0,1,0
[79 1 16],1,0,1,0
[79 8 0],1,1,2,0
[79 14 6],1,0,1,0
[79 22 7],1,0,1,0
[79 26 3],1,0,1,0
[79 26 6],1,0,1,0
[79 70 0],1,0,1,0
[79 70 2],2,0,2,0
[79 70 30],1,0,1,0
[79 79 3],1,0,1,0
[80 0 10],1,1,2,0
[80 0 17],1,0,1,0
[80 5 0],12,9,21,0
[80 5 20],1,0,1,0
[80 11 0],1,0,1,0
[80 20 7],1,0,1,0
[80 20 10],1,0,1,0
[80 26 2],1,0,1,0
[80 28 8],1,0,1,0
[80 29 0],16,2,18,0
[80 29 13],1,0,1,0
[80 32 0],1,0,1,0
[80 35 3],1,1,2,0
[80 35 8],1,0,1,0
[80 49 2],1,0,1,0
[80 51 0],1,0,1,0
[80 51 10],1,0,1,0
[80 53 0],1,0,1,0
[80 53 11],1,0,1,0
[80 54 0],1,0,1,0
[80 57 11],2,1,3,0
[80 67 5],1,0,1,0
[80 67 11],1,0,1,0
[80 71 5],1,0,1,0
[80 71 6],1,0,1,0
[80 75 0],2,1,3,0
[80 90 9],1,0,1,0
[80 97 0],3,0,3,0
[81 0 5],1,0,1,0
[81 5 0],6,4,10,0
[81 5 2],1,0,1,0
[81 5 20],1,0,1,0
[81 20 3],3,1,4,0
[81 20 6],2,1,3,0
[81 20 7],2,0,2,0
[81 20 10],1,0,1,0
[81 20 14],2,0,2,0
[81 23 3],1,0,1,0
[81 25 14],1,0,1,0
[81 28 3],8,2,10,0
[81 28 6],1,1,2,0
[81 28 8],1,2,3,0
[81 28 10],5,0,5,0
[81 28 17],1,1,2,0
[81 28 31],1,0,1,0
[81 29 0],20,9,29,0
[81 29 2],1,0,1,0
[81 29 20],1,1,2,0
[81 52 3],2,0,2,0
[81 52 10],1,0,1,0
[81 55 3],1,0,1,0
[81 64 3],1,1,2,0
[81 64 5],1,0,1,0
[81 64 6],2,0,2,0
[81 64 8],1,0,1,0
[81 64 10],1,0,1,0
[81 64 14],1,0,1,0
[81 71 0],1,0,1,0
[81 71 2],3,0,3,0
[81 71 3],7,4,11,0
[81 71 6],3,1,4,0
[81 71 8],2,0,2,0
[81 71 9],1,0,1,0
[81 71 14],1,0,1,0
[81 71 17],3,0,3,0
[81 81 3],2,0,2,0
[81 81 17],1,0,1,0
[82 0 3],1,5,6,0
[82 0 5],2,1,3,0
[82 0 8],1,0,1,0
[82 2 3],1,0,1,0
[82 2 6],6,1,7,0
[82 2 8],3,0,3,0
[82 3 3],1,0,1,0
[82 3 10],1,0,1,0
[82 4 8],1,0,1,0
[82 5 5],1,0,1,0
[82 5 7],2,1,3,0
[82 7 3],1,0,1,0
[82 8 3],2,0,2,0
[82 8 5],1,0,1,0
[82 8 6],1,0,1,0
[82 8 10],1,0,1,0
[82 8 15],1,0,1,0
[82 11 5],1,0,1,0
[82 11 7],1,0,1,0
[82 12 3],1,0,1,0
[82 12 5],1,0,1,0
[82 12 6],2,0,2,0
[82 15 0],3,0,3,0
[82 15 3],1,0,1,0
[82 24 3],1,0,1,0
[82 24 10],1,0,1,0
[82 25 8],1,0,1,0
[82 26 4],3,0,3,0
[82 29 3],2,0,2,0
[82 29 7],4,0,4,0
[82 30 6],1,0,1,0
[82 31 7],4,0,4,0
[82 32 5],1,0,1,0
[82 32 6],1,0,1,0
[82 45 7],1,0,1,0
[82 48 8],1,0,1,0
[82 53 7],1,0,1,0
[82 53 15],1,0,1,0
[82 59 3],1,0,1,0
[82 59 10],1,0,1,0
[82 67 17],1,0,1,0
[82 75 3],2,0,2,0
[82 75 10],1,0,1,0
[82 75 30],1,0,1,0
[82 78 10],1,0,1,0
[82 91 5],1,0,1,0
[82 93 10],1,0,1,0
[82 97 0],18,2,20,0
[82 97 14],1,0,1,0
[82 99 10],1,0,1,0
[83 0 3],2,0,2,0
[83 0 5],1,0,1,0
[83 0 6],2,0,2,0
[83 0 8],3,0,3,0
[83 0 15],1,0,1,0
[83 0 17],3,0,3,0
[83 1 7],3,0,3,0
[83 1 9],3,0,3,0
[83 1 16],1,0,1,0
[83 2 6],2,0,2,0
[83 3 0],2,0,2,0
[83 3 5],1,0,1,0
[83 3 6],6,0,6,0
[83 4 6],2,1,3,0
[83 4 8],1,0,1,0
[83 4 17],1,0,1,0
[83 7 8],1,0,1,0
[83 8 0],1,0,1,0
[83 8 3],1,0,1,0
[83 11 5],1,0,1,0
[83 11 6],3,0,3,0
[83 15 0],2,0,2,0
[83 17 0],8,1,9,0
[83 17 11],1,0,1,0
[83 18 5],1,0,1,0
[83 18 8],1,0,1,0
[83 18 15],1,0,1,0
[83 23 10],1,0,1,0
[83 44 7],1,0,1,0
[83 44 9],1,0,1,0
[83 44 15],1,0,1,0
[83 45 9],1,0,1,0
[83 56 8],1,0,1,0
[83 70 0],1,0,1,0
[83 83 3],15,0,15,0
[83 83 8],4,0,4,0
[83 83 10],1,0,1,0
[83 83 15],2,0,2,0
[83 83 17],1,0,1,0
[83 94 6],1,0,1,0
[83 97 0],14,8,22,0
[83 97 2],1,0,1,0
[83 97 8],1,0,1,0
[83 97 20],1,0,1,0
[84 0 0],3,0,3,0
[84 0 6],2,0,2,0
[84 0 18],1,1,2,0
[84 0 48],2,0,2,0
[84 1 16],1,0,1,0
[84 3 13],1,0,1,0
[84 5 0],5,1,6,0
[84 5 3],1,0,1,0
[84 7 3],1,0,1,0
[84 7 8],1,0,1,0
[84 8 0],1,0,1,0
[84 9 6],1,0,1,0
[84 10 3],1,0,1,0
[84 13 8],1,0,1,0
[84 16 2],1,0,1,0
[84 16 14],1,0,1,0
[84 20 0],1,0,1,0
[84 20 7],1,0,1,0
[84 22 7],2,0,2,0
[84 26 8],1,0,1,0
[84 29 0],1,0,1,0
[84 35 8],1,0,1,0
[84 40 0],1,0,1,0
[84 46 8],1,0,1,0
[84 49 0],1,0,1,0
[84 49 8],1,0,1,0
[84 53 8],1,0,1,0
[84 57 11],3,1,4,0
[84 85 15],1,0,1,0
[84 95 8],1,0,1,0
[84 97 0],1,0,1,0
[85 0 2],9,2,11,0
[85 0 3],3,0,3,0
[85 0 5],1,0,1,0
[85 0 6],6,1,7,0
[85 0 8],3,0,3,0
[85 0 10],1,0,1,0
[85 0 13],1,0,1,0
[85 0 17],1,0,1,0
[85 0 20],1,0,1,0
[85 1 11],1,0,1,0
[85 1 16],1,0,1,0
[85 6 0],2,0,2,0
[85 6 2],1,0,1,0
[85 8 6],1,0,1,0
[85 12 37],1,0,1,0
[85 15 0],3,0,3,0
[85 15 2],3,1,4,0
[85 15 6],1,0,1,0
[85 20 6],1,0,1,0
[85 20 15],1,0,1,0
[85 23 2],1,0,1,0
[85 26 11],1,0,1,0
[85 27 2],1,0,1,0
[85 29 0],2,0,2,0
[85 41 3],1,0,1,0
[85 48 6],1,0,1,0
[85 51 3],1,0,1,0
[85 52 10],1,0,1,0
[85 57 11],1,0,1,0
[85 68 7],1,0,1,0
[85 71 3],1,0,1,0
[85 97 0],1,0,1,0
[85 97 2],3,1,4,0
[86 0 3],1,0,1,0
[86 0 6],1,0,1,0
[86 0 15],1,0,1,0
[86 0 17],1,0,1,0
[86 6 11],1,0,1,0
[86 7 0],1,0,1,0
[86 7 2],1,0,1,0
[86 7 19],1,0,1,0
[86 8 7],1,0,1,0
[86 8 11],1,0,1,0
[86 8 37],1,0,1,0
[86 8 43],1,0,1,0
[86 11 3],2,1,3,0
[86 11 38],1,0,1,0
[86 13 1],1,1,2,0
[86 13 4],1,0,1,0
[86 15 0],2,1,3,0
[86 15 25],1,0,1,0
[86 19 1],2,0,2,0
[86 24 0],1,0,1,0
[86 39 4],1,0,1,0
[86 40 0],1,2,3,0
[86 55 3],1,0,1,0
[86 55 10],1,0,1,0
[86 61 3],1,0,1,0
[86 65 0],1,0,1,0
[86 67 19],1,0,1,0
[86 86 3],2,3,5,0
[86 86 14],3,0,3,0
[86 97 0],1,1,2,0
[87 0 3],1,0,1,0
[87 0 4],1,0,1,0
[87 0 6],1,0,1,0
[87 0 8],3,0,3,0
[87 0 10],1,0,1,0
[87 1 9],1,1,2,0
[87 3 6],1,0,1,0
[87 11 3],2,1,3,0
[87 11 6],1,0,1,0
[87 14 6],3,0,3,0
[87 14 7],1,0,1,0
[87 14 8],1,0,1,0
[87 15 0],2,0,2,0
[87 15 2],1,0,1,0
[87 15 19],1,0,1,0
[87 15 23],1,0,1,0
[87 15 25],1,0,1,0
[87 15 47],1,0,1,0
[87 15 68],1,0,1,0
[87 17 6],1,0,1,0
[87 57 23],1,0,1,0
[87 87 3],2,1,3,0
[87 87 5],1,0,1,0
[87 87 6],6,0,6,0
[87 87 7],1,0,1,0
[87 87 8],1,0,1,0
[87 87 13],1,0,1,0
[87 87 15],1,0,1,0
[87 87 36],4,0,4,0
[87 87 55],2,0,2,0
[87 96 4],1,0,1,0
[87 97 0],2,1,3,0
[87 97 11],1,0,1,0
[87 97 30],1,0,1,0
[88 0 0],27,5,32,0
[88 0 8],1,1,2,0
[88 6 0],2,1,3,0
[88 6 6],1,0,1,0
[88 6 9],1,0,1,0
[88 6 13],1,0,1,0
[88 6 20],2,0,2,0
[88 10 9],1,0,1,0
[88 13 7],1,0,1,0
[88 16 2],2,0,2,0
[88 19 7],1,0,1,0
[89 0 3],6,2,8,0
[89 0 5],1,0,1,0
[89 0 8],2,2,4,0
[89 0 10],1,0,1,0
[89 0 18],1,0,1,0
[89 1 7],1,0,1,0
[89 3 5],1,0,1,0
[89 8 3],1,0,1,0
[89 9 0],1,0,1,0
[89 19 8],1,0,1,0
[89 21 4],1,0,1,0
[89 26 8],1,0,1,0
[89 40 5],1,0,1,0
[89 41 3],1,0,1,0
[89 41 10],1,0,1,0
[89 76 0],14,1,15,0
[89 89 0],3,0,3,0
[89 89 3],3,0,3,0
[89 97 0],10,1,11,0
[89 97 2],1,0,1,0
[90 0 5],1,0,1,0
[90 26 3],1,0,1,0
[90 26 15],1,0,1,0
[90 30 7],1,0,1,0
[90 31 0],3,0,3,0
[90 31 2],4,1,5,0
[90 35 17],1,0,1,0
[90 53 0],14,3,17,0
[90 53 2],18,5,23,0
[90 53 3],3,0,3,0
[90 53 5],2,0,2,0
[90 53 13],1,2,3,0
[90 53 15],1,0,1,0
[90 53 31],1,0,1,0
[90 61 2],1,0,1,0
[91 0 8],2,1,3,0
[91 1 7],1,0,1,0
[91 2 6],1,1,2,0
[91 3 6],1,0,1,0
[91 8 3],1,0,1,0
[91 8 6],1,2,3,0
[91 8 8],2,0,2,0
[91 8 10],1,0,1,0
[91 8 17],1,0,1,0
[91 11 7],1,0,1,0
[91 14 9],1,0,1,0
[91 15 0],3,0,3,0
[91 15 2],1,0,1,0
[91 15 3],1,0,1,0
[91 15 8],1,0,1,0
[91 15 11],1,0,1,0
[91 17 3],3,0,3,0
[91 17 10],1,1,2,0
[91 18 5],1,0,1,0
[91 26 3],1,0,1,0
[91 59 3],1,0,1,0
[91 59 8],1,0,1,0
[91 59 14],1,0,1,0
[91 97 0],15,4,19,0
[91 97 2],1,0,1,0
[91 97 3],2,0,2,0
[91 97 6],1,0,1,0
[91 97 8],3,0,3,0
[91 97 10],2,0,2,0
[91 97 13],1,0,1,0
[91 97 15],1,0,1,0
[91 97 20],1,0,1,0
[92 0 0],2,0,2,0
[92 0 2],1,0,1,0
[92 0 3],3,0,3,0
[92 0 5],3,1,4,0
[92 0 7],9,2,11,0
[92 0 8],3,0,3,0
[92 0 9],2,0,2,0
[92 0 16],4,0,4,0
[92 1 9],2,0,2,0
[92 16 7],1,0,1,0
[92 36 2],1,0,1,0
[92 39 3],1,0,1,0
[92 57 11],1,0,1,0
[92 77 8],1,0,1,0
[92 92 3],4,0,4,0
[92 92 8],1,0,1,0
[92 96 7],1,0,1,0
[92 97 0],3,0,3,0
[93 0 5],1,2,3,0
[93 0 14],1,0,1,0
[93 0 15],1,0,1,0
[93 5 3],1,1,2,0
[93 5 38],1,0,1,0
[93 22 7],1,0,1,0
[93 30 7],2,0,2,0
[93 31 3],1,0,1,0
[93 31 5],2,0,2,0
[93 31 7],1,0,1,0
[93 31 15],1,0,1,0
[93 31 16],1,0,1,0
[93 37 7],1,0,1,0
[93 37 9],1,0,1,0
[93 53 5],1,0,1,0
[93 53 6],1,0,1,0
[93 54 15],1,0,1,0
[93 63 5],1,0,1,0
[93 72 15],1,0,1,0
[93 75 3],1,0,1,0
[94 1 7],1,1,2,0
[94 2 3],1,0,1,0
[94 3 2],1,0,1,0
[94 4 6],1,0,1,0
[94 9 6],1,0,1,0
[94 11 10],1,0,1,0
[94 12 0],3,0,3,0
[94 12 5],1,1,2,0
[94 21 2],2,0,2,0
[94 21 6],1,0,1,0
[94 44 0],8,1,9,0
[94 44 15],1,0,1,0
[94 44 31],3,0,3,0
[94 45 4],1,0,1,0
[94 48 2],1,0,1,0
[94 50 0],7,1,8,0
[94 50 6],1,0,1,0
[94 50 15],1,0,1,0
[94 50 16],1,0,1,0
[94 50 31],2,1,3,0
[94 94 3],1,0,1,0
[94 97 2],2,0,2,0
[95 0 0],21,9,30,0
[95 0 6],1,0,1,0
[95 10 8],1,0,1,0
[95 17 2],1,0,1,0
[95 22 9],1,0,1,0
[95 35 3],1,0,1,0
[95 35 7],1,0,1,0
[95 35 8],1,0,1,0
[95 57 0],3,0,3,0
[95 57 8],1,0,1,0
[95 57 9],1,0,1,0
[96 0 0],3,0,3,0
[96 2 0],1,0,1,0
[96 6 0],1,0,1,0
[96 6 2],1,0,1,0
[96 9 0],1,0,1,0
[96 10 4],3,0,3,0
[96 23 2],1,0,1,0
[96 43 0],1,0,1,0
[96 57 3],1,0,1,0
[96 57 4],1,0,1,0
[96 57 8],1,0,1,0
[97 0 3],3,0,3,0
[97 0 4],3,0,3,0
[97 0 5],6,0,6,0
[97 0 7],49,8,57,0
[97 0 8],5,0,5,0
[97 0 9],25,6,31,0
[97 0 16],21,2,23,0
[97 0 17],1,0,1,0
[97 1 7],32,8,40,0
[97 1 9],24,7,31,0
[97 1 16],9,6,15,0
[97 2 3],4,2,6,0
[97 2 6],15,5,20,0
[97 2 7],6,1,7,0
[97 2 8],5,4,9,0
[97 2 9],2,2,4,0
[97 2 10],5,1,6,0
[97 2 14],5,0,5,0
[97 2 17],1,0,1,0
[97 3 3],1,0,1,0
[97 3 7],13,0,13,0
[97 3 9],3,0,3,0
[97 3 10],1,0,1,0
[97 3 16],5,0,5,0
[97 4 3],2,0,2,0
[97 4 4],1,0,1,0
[97 4 7],24,5,29,0
[97 4 8],1,0,1,0
[97 4 9],9,1,10,0
[97 4 16],6,3,9,0
[97 5 7],1,0,1,0
[97 5 9],2,0,2,0
[97 6 7],2,1,3,0
[97 6 9],1,0,1,0
[97 7 7],2,0,2,0
[97 7 9],1,0,1,0
[97 8 0],1,0,1,0
[97 8 3],2,0,2,0
[97 8 4],2,0,2,0
[97 8 7],23,4,27,0
[97 8 8],3,0,3,0
[97 8 9],9,3,12,0
[97 8 10],1,0,1,0
[97 8 14],1,0,1,0
[97 8 15],2,0,2,0
[97 8 16],8,0,8,0
[97 8 42],1,0,1,0
[97 9 3],1,0,1,0
[97 9 8],1,0,1,0
[97 9 9],2,0,2,0
[97 9 16],1,0,1,0
[97 10 9],1,0,1,0
[97 11 6],1,0,1,0
[97 11 7],2,1,3,0
[97 11 9],3,0,3,0
[97 11 16],1,0,1,0
[97 12 16],1,0,1,0
[97 13 7],2,0,2,0
[97 13 9],1,0,1,0
[97 14 4],1,0,1,0
[97 14 7],3,1,4,0
[97 14 9],1,1,2,0
[97 14 16],1,0,1,0
[97 15 0],1,0,1,0
[97 15 3],2,1,3,0
[97 15 4],6,0,6,0
[97 15 5],1,0,1,0
[97 15 8],1,0,1,0
[97 15 9],1,0,1,0
[97 15 10],2,0,2,0
[97 15 11],1,0,1,0
[97 15 14],1,1,2,0
[97 15 17],1,0,1,0
[97 16 7],2,0,2,0
[97 16 9],1,0,1,0
[97 17 0],1,0,1,0
[97 17 3],6,0,6,0
[97 17 8],1,0,1,0
[97 17 10],1,0,1,0
[97 17 14],7,1,8,0
[97 18 4],1,0,1,0
[97 18 7],7,1,8,0
[97 18 9],3,0,3,0
[97 18 14],1,0,1,0
[97 18 16],2,0,2,0
[97 19 7],1,0,1,0
[97 19 9],1,0,1,0
[97 20 8],1,0,1,0
[97 20 9],1,0,1,0
[97 21 7],2,2,4,0
[97 21 9],2,1,3,0
[97 21 16],1,0,1,0
[97 22 3],1,0,1,0
[97 22 7],3,0,3,0
[97 22 8],1,0,1,0
[97 22 9],2,0,2,0
[97 22 16],1,1,2,0
[97 23 7],1,0,1,0
[97 24 4],1,0,1,0
[97 24 5],1,0,1,0
[97 24 7],6,2,8,0
[97 24 9],1,0,1,0
[97 24 16],1,0,1,0
[97 25 3],2,0,2,0
[97 25 7],1,0,1,0
[97 26 7],2,0,2,0
[97 26 9],1,0,1,0
[97 32 4],1,0,1,0
[97 32 7],2,2,4,0
[97 32 8],1,0,1,0
[97 33 7],2,2,4,0
[97 34 6],1,0,1,0
[97 34 7],2,0,2,0
[97 34 9],1,0,1,0
[97 35 7],1,0,1,0
[97 36 7],1,1,2,0
[97 38 9],1,0,1,0
[97 42 9],1,0,1,0
[97 43 7],3,0,3,0
[97 43 9],4,0,4,0
[97 43 16],3,0,3,0
[97 44 7],3,0,3,0
[97 44 9],1,0,1,0
[97 44 16],1,0,1,0
[97 46 7],2,0,2,0
[97 47 4],1,0,1,0
[97 47 7],4,0,4,0
[97 47 9],3,1,4,0
[97 48 6],1,0,1,0
[97 48 7],2,0,2,0
[97 48 10],1,1,2,0
[97 48 15],1,0,1,0
[97 49 7],1,0,1,0
[97 50 7],2,0,2,0
[97 50 8],1,0,1,0
[97 50 9],1,0,1,0
[97 50 16],2,0,2,0
[97 51 7],1,0,1,0
[97 52 7],1,0,1,0
[97 55 7],1,2,3,0
[97 56 3],1,0,1,0
[97 56 4],1,0,1,0
[97 56 7],3,0,3,0
[97 56 9],3,0,3,0
[97 56 16],1,0,1,0
[97 57 9],1,0,1,0
[97 57 16],1,0,1,0
[97 58 7],1,0,1,0
[97 59 7],1,0,1,0
[97 59 9],2,0,2,0
[97 60 7],2,1,3,0
[97 61 7],1,0,1,0
[97 67 7],2,0,2,0
[97 68 7],4,2,6,0
[97 70 4],1,0,1,0
[97 75 5],1,0,1,0
[97 76 7],1,0,1,0
[97 76 9],1,0,1,0
[97 76 16],1,0,1,0
[97 78 9],1,0,1,0
[97 82 7],2,1,3,0
[97 82 9],1,0,1,0
[97 82 30],1,0,1,0
[97 83 4],1,0,1,0
[97 83 7],1,0,1,0
[97 83 8],1,0,1,0
[97 84 7],1,1,2,0
[97 85 16],1,0,1,0
[97 87 5],1,0,1,0
[97 87 7],1,1,2,0
[97 89 4],1,0,1,0
[97 89 7],1,0,1,0
[97 91 5],1,0,1,0
[97 91 7],2,1,3,0
[97 91 8],1,0,1,0
[97 91 9],1,0,1,0
[97 91 17],1,0,1,0
[97 97 0],1,0,1,0
[97 97 3],24,7,31,0
[97 97 8],5,2,7,0
[97 97 10],13,0,13,0
[97 97 14],3,0,3,0
[97 97 15],1,2,3,0
[97 97 17],1,2,3,0
[97 98 7],1,0,1,0
[97 99 7],1,0,1,0
[98 0 7],6,2,8,0
[98 0 8],1,1,2,0
[98 0 9],4,2,6,0
[98 0 16],4,2,6,0
[98 0 33],1,0,1,0
[98 1 7],1,1,2,0
[98 1 9],1,0,1,0
[98 1 16],1,0,1,0
[98 3 7],1,0,1,0
[98 14 6],2,0,2,0
[98 46 7],3,0,3,0
[98 46 9],1,0,1,0
[98 46 16],2,0,2,0
[98 50 3],1,1,2,0
[98 97 0],5,1,6,0
[99 0 3],5,0,5,0
[99 0 5],2,1,3,0
[99 0 6],1,0,1,0
[99 0 7],1,0,1,0
[99 0 8],2,0,2,0
[99 0 10],1,0,1,0
[99 0 15],1,0,1,0
[99 6 12],1,0,1,0
[99 7 0],1,0,1,0
[99 7 5],1,0,1,0
[99 7 9],1,0,1,0
[99 7 15],1,0,1,0
[99 17 0],1,0,1,0
[99 21 4],1,0,1,0
[99 26 2],1,0,1,0
[99 26 3],2,0,2,0
[99 26 17],1,0,1,0
[99 40 0],1,0,1,0
[99 40 5],1,0,1,0
[99 40 15],1,0,1,0
[99 41 2],1,0,1,0
[99 56 11],1,0,1,0
[99 57 7],1,0,1,0
[99 76 0],3,1,4,0
[99 82 10],1,0,1,0
[99 89 0],1,0,1,0
[99 89 3],1,0,1,0
[99 99 3],4,0,4,0
[99 99 5],1,0,1,0
[99 99 17],1,0,1,0
[0 0 46],0,1,1,1
[0 3 15],0,1,1,1
[0 4 30],0,1,1,1
[0 4 37],0,1,1,1
[0 4 46],0,1,1,1
[0 5 49],0,1,1,1
[0 6 16],0,1,1,1
[0 7 14],0,2,2,2
[0 10 30],0,1,1,1
[0 12 32],0,1,1,1
[0 13 5],0,1,1,1
[0 16 14],0,1,1,1
[0 17 13],0,1,1,1
[0 17 33],0,1,1,1
[0 18 17],0,1,1,1
[0 19 8],0,1,1,1
[0 19 14],0,1,1,1
[0 20 2],0,1,1,1
[0 20 20],0,1,1,1
[0 21 12],0,1,1,1
[0 21 15],0,1,1,1
[0 24 2],0,1,1,1
[0 25 2],0,1,1,1
[0 26 17],0,1,1,1
[0 26 19],0,1,1,1
[0 28 18],0,2,2,2
[0 28 51],0,3,3,3
[0 29 2],0,1,1,1
[0 29 8],0,2,2,2
[0 30 3],0,2,2,2
[0 30 10],0,1,1,1
[0 31 2],0,1,1,1
[0 31 8],0,2,2,2
[0 31 24],0,1,1,1
[0 32 38],0,1,1,1
[0 32 46],0,1,1,1
[0 32 57],0,1,1,1
[0 33 6],0,1,1,1
[0 37 17],0,1,1,1
[0 39 3],0,1,1,1
[0 39 8],0,1,1,1
[0 40 2],0,1,1,1
[0 40 12],0,1,1,1
[0 41 26],0,1,1,1
[0 42 8],0,1,1,1
[0 43 15],0,1,1,1
[0 43 60],0,1,1,1
[0 47 3],0,2,2,2
[0 48 6],0,1,1,1
[0 49 22],0,2,2,2
[0 51 13],0,1,1,1
[0 52 8],0,2,2,2
[0 52 17],0,1,1,1
[0 54 3],0,1,1,1
[0 54 7],0,1,1,1
[0 56 43],0,1,1,1
[0 57 6],0,2,2,2
[0 57 18],0,1,1,1
[0 61 3],0,1,1,1
[0 62 22],0,1,1,1
[0 63 26],0,1,1,1
[0 64 4],0,1,1,1
[0 64 12],0,1,1,1
[0 64 18],0,1,1,1
[0 65 2],0,1,1,1
[0 65 6],0,1,1,1
[0 65 12],0,1,1,1
[0 68 43],0,1,1,1
[0 69 8],0,1,1,1
[0 69 10],0,1,1,1
[0 69 16],0,1,1,1
[0 69 27],0,1,1,1
[0 70 52],0,1,1,1
[0 72 8],0,1,1,1
[0 72 10],0,1,1,1
[0 75 24],0,1,1,1
[0 76 6],0,1,1,1
[0 76 21],0,1,1,1
[0 76 24],0,2,2,2
[0 77 8],0,1,1,1
[0 77 18],0,3,3,3
[0 77 30],0,1,1,1
[0 78 8],0,1,1,1
[0 78 10],0,1,1,1
[0 82 6],0,1,1,1
[0 83 3],0,2,2,2
[0 83 5],0,1,1,1
[0 84 15],0,1,1,1
[0 86 4],0,1,1,1
[0 86 8],0,2,2,2
[0 93 4],0,1,1,1
[0 93 5],0,1,1,1
[0 93 6],0,1,1,1
[0 94 3],0,1,1,1
[0 94 6],0,1,1,1
[0 94 17],0,1,1,1
[0 95 23],0,1,1,1
[0 97 20],0,1,1,1
[0 97 21],0,1,1,1
[0 97 48],0,1,1,1
[0 98 3],0,1,1,1
[0 98 30],0,1,1,1
[1 1 29],0,1,1,1
[1 2 3],0,2,2,2
[1 2 15],0,1,1,1
[1 2 17],0,1,1,1
[1 12 5],0,1,1,1
[1 28 2],0,1,1,1
[1 38 13],0,1,1,1
[1 42 20],0,1,1,1
[1 58 2],0,1,1,1
[1 74 13],0,1,1,1
[1 94 0],0,1,1,1
[2 3 4],0,1,1,1
[2 4 2],0,2,2,2
[2 4 17],0,1,1,1
[2 12 14],0,1,1,1
[2 12 17],0,2,2,2
[2 13 5],0,1,1,1
[2 14 11],0,1,1,1
[2 15 4],0,1,1,1
[2 17 8],0,3,3,3
[2 17 13],0,1,1,1
[2 18 2],0,1,1,1
[2 34 6],0,1,1,1
[2 40 2],0,1,1,1
[2 43 5],0,2,2,2
[2 47 3],0,1,1,1
[2 48 36],0,1,1,1
[2 55 5],0,1,1,1
[2 91 5],0,2,2,2
[2 91 36],0,1,1,1
[3 3 22],0,1,1,1
[3 3 55],0,1,1,1
[3 12 0],0,4,4,4
[3 12 5],0,1,1,1
[3 17 53],0,1,1,1
[3 21 0],0,1,1,1
[3 50 5],0,1,1,1
[3 55 3],0,2,2,2
[3 55 5],0,1,1,1
[3 56 10],0,1,1,1
[3 68 15],0,1,1,1
[3 83 4],0,1,1,1
[4 2 9],0,1,1,1
[4 4 35],0,3,3,3
[4 4 38],0,2,2,2
[4 4 69],0,2,2,2
[4 9 3],0,1,1,1
[4 15 0],0,1,1,1
[4 17 8],0,1,1,1
[4 17 44],0,1,1,1
[4 45 4],0,2,2,2
[4 47 5],0,1,1,1
[4 48 6],0,1,1,1
[4 59 3],0,1,1,1
[4 82 3],0,1,1,1
[4 97 6],0,1,1,1
[4 97 17],0,1,1,1
[4 98 4],0,1,1,1
[5 1 6],0,1,1,1
[5 5 10],0,1,1,1
[5 5 29],0,2,2,2
[5 7 6],0,1,1,1
[5 11 8],0,1,1,1
[5 24 3],0,1,1,1
[5 26 6],0,1,1,1
[5 28 3],0,1,1,1
[5 28 12],0,1,1,1
[5 28 42],0,1,1,1
[5 37 6],0,1,1,1
[5 66 7],0,2,2,2
[5 66 9],0,1,1,1
[5 66 16],0,2,2,2
[5 71 9],0,1,1,1
[5 71 16],0,1,1,1
[5 72 3],0,1,1,1
[5 72 12],0,1,1,1
[5 74 12],0,1,1,1
[5 74 22],0,1,1,1
[5 81 4],0,1,1,1
[5 86 7],0,1,1,1
[5 93 6],0,1,1,1
[6 0 29],0,1,1,1
[6 15 13],0,1,1,1
[6 16 14],0,1,1,1
[6 19 14],0,1,1,1
[6 26 8],0,1,1,1
[6 36 7],0,1,1,1
[6 36 14],0,1,1,1
[6 46 2],0,1,1,1
[6 46 13],0,1,1,1
[6 58 18],0,1,1,1
[7 5 9],0,1,1,1
[7 11 7],0,1,1,1
[7 20 10],0,1,1,1
[7 20 15],0,1,1,1
[7 20 17],0,1,1,1
[7 22 16],0,1,1,1
[7 23 6],0,1,1,1
[7 28 6],0,1,1,1
[7 28 9],0,1,1,1
[7 31 7],0,1,1,1
[7 38 16],0,1,1,1
[7 52 3],0,1,1,1
[7 54 9],0,1,1,1
[7 54 15],0,1,1,1
[7 61 4],0,1,1,1
[7 65 7],0,1,1,1
[7 68 0],0,1,1,1
[7 71 3],0,2,2,2
[7 78 3],0,1,1,1
[7 90 6],0,1,1,1
[7 98 0],0,1,1,1
[8 0 69],0,1,1,1
[8 8 35],0,2,2,2
[8 18 44],0,1,1,1
[8 21 2],0,5,5,5
[8 47 3],0,1,1,1
[8 47 8],0,1,1,1
[8 47 17],0,1,1,1
[8 56 17],0,2,2,2
[8 69 9],0,1,1,1
[8 70 44],0,1,1,1
[8 76 8],0,1,1,1
[8 79 4],0,2,2,2
[8 82 3],0,1,1,1
[8 91 3],0,1,1,1
[8 97 5],0,1,1,1
[8 97 33],0,1,1,1
[9 2 8],0,1,1,1
[9 2 9],0,1,1,1
[9 4 3],0,1,1,1
[9 4 35],0,1,1,1
[9 8 3],0,1,1,1
[9 8 10],0,1,1,1
[9 11 17],0,1,1,1
[9 15 3],0,2,2,2
[9 15 10],0,1,1,1
[9 21 4],0,1,1,1
[9 42 3],0,1,1,1
[9 45 4],0,2,2,2
[9 45 7],0,2,2,2
[9 45 8],0,1,1,1
[9 76 8],0,1,1,1
[10 0 3],0,1,1,1
[10 7 2],0,1,1,1
[10 7 8],0,1,1,1
[10 10 8],0,1,1,1
[10 13 20],0,1,1,1
[10 22 7],0,1,1,1
[10 23 2],0,1,1,1
[10 23 15],0,1,1,1
[10 28 17],0,1,1,1
[10 30 37],0,1,1,1
[10 36 7],0,1,1,1
[10 41 3],0,1,1,1
[10 41 8],0,1,1,1
[10 51 3],0,1,1,1
[10 54 11],0,1,1,1
[10 54 37],0,1,1,1
[10 69 3],0,1,1,1
[10 81 3],0,1,1,1
[11 4 10],0,1,1,1
[11 6 3],0,1,1,1
[11 7 3],0,1,1,1
[11 8 17],0,2,2,2
[11 9 15],0,1,1,1
[11 14 10],0,1,1,1
[11 15 5],0,1,1,1
[11 24 8],0,1,1,1
[11 25 15],0,1,1,1
[11 32 2],0,1,1,1
[11 32 8],0,1,1,1
[11 34 15],0,1,1,1
[11 34 17],0,1,1,1
[11 43 3],0,1,1,1
[11 48 3],0,1,1,1
[11 48 6],0,1,1,1
[11 48 8],0,1,1,1
[11 51 10],0,1,1,1
[11 52 3],0,1,1,1
[11 55 3],0,1,1,1
[11 56 6],0,1,1,1
[11 86 5],0,1,1,1
[11 97 5],0,1,1,1
[12 0 6],0,1,1,1
[12 2 15],0,1,1,1
[12 22 5],0,1,1,1
[12 54 0],0,2,2,2
[12 98 15],0,1,1,1
[13 0 7],0,1,1,1
[13 6 7],0,1,1,1
[13 7 2],0,2,2,2
[13 7 14],0,1,1,1
[13 14 6],0,1,1,1
[13 21 2],0,1,1,1
[13 28 8],0,1,1,1
[13 28 17],0,1,1,1
[13 38 10],0,1,1,1
[13 43 0],0,1,1,1
[13 49 13],0,1,1,1
[13 51 3],0,1,1,1
[13 52 8],0,1,1,1
[13 58 0],0,1,1,1
[13 59 0],0,1,1,1
[13 63 8],0,1,1,1
[13 79 2],0,1,1,1
[13 84 2],0,1,1,1
[13 84 8],0,1,1,1
[14 2 0],0,1,1,1
[14 3 6],0,1,1,1
[14 17 8],0,1,1,1
[14 43 5],0,2,2,2
[14 82 5],0,1,1,1
[14 82 10],0,1,1,1
[14 86 5],0,2,2,2
[14 87 10],0,1,1,1
[15 4 7],0,1,1,1
[15 12 5],0,1,1,1
[15 18 7],0,2,2,2
[15 19 7],0,1,1,1
[15 32 7],0,1,1,1
[15 43 7],0,1,1,1
[15 44 7],0,1,1,1
[15 45 0],0,1,1,1
[15 83 15],0,1,1,1
[15 91 7],0,1,1,1
[15 94 0],0,1,1,1
[16 3 10],0,1,1,1
[16 36 4],0,1,1,1
[16 40 0],0,1,1,1
[16 41 14],0,1,1,1
[16 46 2],0,5,5,5
[16 51 30],0,1,1,1
[16 57 8],0,1,1,1
[17 2 14],0,1,1,1
[17 4 4],0,1,1,1
[17 9 0],0,1,1,1
[17 9 4],0,1,1,1
[17 11 7],0,1,1,1
[17 15 14],0,1,1,1
[17 24 4],0,1,1,1
[17 42 4],0,1,1,1
[17 42 8],0,1,1,1
[17 56 9],0,1,1,1
[17 97 8],0,1,1,1
[18 0 15],0,1,1,1
[18 0 35],0,1,1,1
[18 2 8],0,1,1,1
[18 11 3],0,1,1,1
[18 11 7],0,1,1,1
[18 15 0],0,1,1,1
[18 18 15],0,1,1,1
[18 18 19],0,1,1,1
[18 21 18],0,1,1,1
[18 36 9],0,1,1,1
[18 56 3],0,1,1,1
[18 56 6],0,1,1,1
[18 56 8],0,1,1,1
[18 94 4],0,2,2,2
[18 94 18],0,1,1,1
[19 0 3],0,1,1,1
[19 0 6],0,1,1,1
[19 5 3],0,1,1,1
[19 6 5],0,1,1,1
[19 6 20],0,1,1,1
[19 15 0],0,1,1,1
[19 26 16],0,1,1,1
[19 36 9],0,1,1,1
[19 40 0],0,2,2,2
[19 40 20],0,1,1,1
[19 56 6],0,1,1,1
[19 88 0],0,1,1,1
[20 0 12],0,1,1,1
[20 7 17],0,1,1,1
[20 13 5],0,1,1,1
[20 13 9],0,2,2,2
[20 31 13],0,2,2,2
[20 40 5],0,1,1,1
[20 51 33],0,1,1,1
[20 61 6],0,1,1,1
[20 64 8],0,1,1,1
[20 72 14],0,1,1,1
[21 4 9],0,2,2,2
[21 18 9],0,1,1,1
[21 21 14],0,2,2,2
[21 21 17],0,1,1,1
[21 24 2],0,1,1,1
[21 32 0],0,2,2,2
[21 40 9],0,1,1,1
[21 43 5],0,1,1,1
[21 76 31],0,1,1,1
[21 98 2],0,1,1,1
[22 0 3],0,2,2,2
[22 3 3],0,1,1,1
[22 7 10],0,1,1,1
[22 8 3],0,1,1,1
[22 14 7],0,1,1,1
[22 26 14],0,1,1,1
[22 68 2],0,1,1,1
[22 71 2],0,1,1,1
[22 73 3],0,1,1,1
[22 82 11],0,1,1,1
[22 97 0],0,2,2,2
[22 97 10],0,1,1,1
[23 0 9],0,1,1,1
[23 0 15],0,1,1,1
[23 4 6],0,1,1,1
[23 7 14],0,1,1,1
[23 10 9],0,2,2,2
[23 10 17],0,1,1,1
[23 17 2],0,1,1,1
[23 35 5],0,1,1,1
[23 37 8],0,1,1,1
[23 55 3],0,1,1,1
[23 66 16],0,1,1,1
[23 78 3],0,1,1,1
[23 80 10],0,1,1,1
[24 0 15],0,1,1,1
[24 1 9],0,1,1,1
[24 1 16],0,3,3,3
[24 2 34],0,1,1,1
[24 4 0],0,1,1,1
[24 4 3],0,1,1,1
[24 4 10],0,1,1,1
[24 5 44],0,1,1,1
[24 11 7],0,1,1,1
[24 21 18],0,1,1,1
[24 22 8],0,1,1,1
[24 35 12],0,1,1,1
[24 43 3],0,1,1,1
[24 52 4],0,1,1,1
[24 59 3],0,2,2,2
[25 0 8],0,1,1,1
[25 4 17],0,1,1,1
[25 7 2],0,1,1,1
[25 25 5],0,1,1,1
[25 25 16],0,1,1,1
[25 26 2],0,1,1,1
[25 28 2],0,1,1,1
[25 32 5],0,1,1,1
[25 33 8],0,1,1,1
[25 34 13],0,1,1,1
[25 40 14],0,1,1,1
[25 49 2],0,1,1,1
[25 49 8],0,1,1,1
[25 54 9],0,1,1,1
[25 55 37],0,1,1,1
[25 59 0],0,2,2,2
[25 72 8],0,1,1,1
[25 88 2],0,1,1,1
[25 95 2],0,1,1,1
[26 0 6],0,5,5,5
[26 2 14],0,1,1,1
[26 17 0],0,1,1,1
[26 19 7],0,1,1,1
[26 21 3],0,1,1,1
[26 22 3],0,1,1,1
[26 26 3],0,1,1,1
[26 28 3],0,1,1,1
[26 28 15],0,1,1,1
[26 29 7],0,1,1,1
[26 40 2],0,1,1,1
[26 43 0],0,1,1,1
[26 64 5],0,1,1,1
[26 67 3],0,1,1,1
[26 73 11],0,2,2,2
[26 89 3],0,2,2,2
[26 91 8],0,1,1,1
[26 93 10],0,1,1,1
[27 58 9],0,1,1,1
[28 1 9],0,2,2,2
[28 5 3],0,1,1,1
[28 7 20],0,1,1,1
[28 13 15],0,1,1,1
[28 29 13],0,1,1,1
[28 37 0],0,1,1,1
[28 51 0],0,2,2,2
[28 51 20],0,1,1,1
[28 54 7],0,1,1,1
[28 54 9],0,1,1,1
[28 61 3],0,1,1,1
[28 64 15],0,1,1,1
[28 73 3],0,1,1,1
[28 73 15],0,1,1,1
[28 81 3],0,2,2,2
[29 0 8],0,1,1,1
[29 7 3],0,1,1,1
[29 23 16],0,1,1,1
[29 24 8],0,1,1,1
[29 28 9],0,1,1,1
[29 40 3],0,1,1,1
[29 49 4],0,1,1,1
[29 49 9],0,1,1,1
[29 51 3],0,1,1,1
[29 61 2],0,1,1,1
[29 71 16],0,1,1,1
[29 78 4],0,1,1,1
[30 0 10],0,1,1,1
[30 0 14],0,1,1,1
[30 5 2],0,1,1,1
[30 5 3],0,1,1,1
[30 20 3],0,1,1,1
[30 20 9],0,1,1,1
[30 20 15],0,1,1,1
[30 29 7],0,1,1,1
[30 29 9],0,1,1,1
[30 30 3],0,1,1,1
[30 31 3],0,1,1,1
[30 53 2],0,1,1,1
[30 54 11],0,1,1,1
[30 71 2],0,1,1,1
[30 72 15],0,1,1,1
[31 0 9],0,1,1,1
[31 20 7],0,3,3,3
[31 20 9],0,2,2,2
[31 20 16],0,2,2,2
[31 23 4],0,1,1,1
[31 30 9],0,1,1,1
[31 35 7],0,1,1,1
[31 37 4],0,1,1,1
[31 41 5],0,1,1,1
[31 53 3],0,1,1,1
[31 55 4],0,1,1,1
[31 86 7],0,1,1,1
[31 93 3],0,2,2,2
[32 0 3],0,2,2,2
[32 3 6],0,1,1,1
[32 5 0],0,1,1,1
[32 5 34],0,1,1,1
[32 8 6],0,1,1,1
[32 14 8],0,1,1,1
[32 29 7],0,1,1,1
[32 45 7],0,1,1,1
[32 74 5],0,1,1,1
[33 0 3],0,1,1,1
[33 26 9],0,1,1,1
[33 29 0],0,1,1,1
[33 29 7],0,1,1,1
[33 32 6],0,1,1,1
[33 38 14],0,1,1,1
[33 46 2],0,1,1,1
[33 46 6],0,1,1,1
[33 46 17],0,1,1,1
[33 51 7],0,1,1,1
[34 2 15],0,1,1,1
[34 2 33],0,1,1,1
[34 9 5],0,2,2,2
[34 11 5],0,3,3,3
[34 14 2],0,1,1,1
[34 14 3],0,1,1,1
[34 14 36],0,1,1,1
[34 17 3],0,1,1,1
[34 17 8],0,1,1,1
[34 25 5],0,1,1,1
[34 25 12],0,1,1,1
[34 48 3],0,1,1,1
[35 0 18],0,1,1,1
[35 2 0],0,1,1,1
[35 5 5],0,1,1,1
[35 30 20],0,1,1,1
[35 35 15],0,1,1,1
[35 40 3],0,1,1,1
[35 49 17],0,1,1,1
[35 63 3],0,1,1,1
[35 63 17],0,1,1,1
[35 66 5],0,1,1,1
[35 72 8],0,1,1,1
[36 18 20],0,1,1,1
[36 27 2],0,1,1,1
[36 59 3],0,1,1,1
[36 77 0],0,1,1,1
[36 97 13],0,1,1,1
[37 5 5],0,1,1,1
[37 28 4],0,1,1,1
[37 30 3],0,1,1,1
[37 30 11],0,1,1,1
[37 31 11],0,2,2,2
[37 31 14],0,1,1,1
[37 31 17],0,1,1,1
[37 75 3],0,1,1,1
[37 78 9],0,1,1,1
[38 5 13],0,1,1,1
[38 7 2],0,1,1,1
[38 7 6],0,1,1,1
[38 7 10],0,1,1,1
[38 9 5],0,1,1,1
[38 20 13],0,1,1,1
[38 25 14],0,1,1,1
[38 28 2],0,1,1,1
[38 28 13],0,1,1,1
[38 28 15],0,1,1,1
[38 51 14],0,1,1,1
[38 54 2],0,2,2,2
[38 64 2],0,1,1,1
[39 13 7],0,1,1,1
[39 65 7],0,1,1,1
[40 2 9],0,1,1,1
[40 19 4],0,1,1,1
[40 20 6],0,1,1,1
[40 29 3],0,1,1,1
[40 40 8],0,1,1,1
[40 49 3],0,1,1,1
[40 52 8],0,1,1,1
[40 64 8],0,1,1,1
[41 0 14],0,1,1,1
[41 0 55],0,1,1,1
[41 1 7],0,1,1,1
[41 8 6],0,1,1,1
[41 10 1],0,1,1,1
[41 10 8],0,1,1,1
[41 12 6],0,1,1,1
[41 12 8],0,1,1,1
[41 14 6],0,1,1,1
[41 15 24],0,1,1,1
[41 20 24],0,1,1,1
[41 24 0],0,1,1,1
[41 26 6],0,1,1,1
[41 27 15],0,1,1,1
[41 27 23],0,1,1,1
[41 29 0],0,1,1,1
[41 41 23],0,1,1,1
[41 51 0],0,2,2,2
[41 51 20],0,1,1,1
[41 51 52],0,1,1,1
[41 57 8],0,1,1,1
[41 65 0],0,1,1,1
[41 65 3],0,2,2,2
[41 65 10],0,1,1,1
[41 67 6],0,1,1,1
[41 97 25],0,1,1,1
[42 0 16],0,1,1,1
[42 9 0],0,1,1,1
[42 9 10],0,1,1,1
[42 14 33],0,1,1,1
[42 17 14],0,1,1,1
[42 48 16],0,1,1,1
[42 69 5],0,1,1,1
[43 0 55],0,1,1,1
[43 1 9],0,1,1,1
[43 13 1],0,1,1,1
[43 13 4],0,1,1,1
[43 14 6],0,2,2,2
[43 14 23],0,1,1,1
[43 15 2],0,1,1,1
[43 15 8],0,1,1,1
[43 56 6],0,1,1,1
[43 70 2],0,1,1,1
[43 97 3],0,1,1,1
[43 97 25],0,1,1,1
[44 2 6],0,1,1,1
[44 15 3],0,1,1,1
[44 34 5],0,1,1,1
[44 76 5],0,1,1,1
[44 99 2],0,1,1,1
[44 99 5],0,1,1,1
[45 22 5],0,1,1,1
[45 32 29],0,1,1,1
[45 34 29],0,1,1,1
[45 55 2],0,1,1,1
[45 68 2],0,1,1,1
[45 72 2],0,1,1,1
[45 78 13],0,1,1,1
[46 0 30],0,1,1,1
[46 2 6],0,1,1,1
[46 57 11],0,1,1,1
[47 0 5],0,2,2,2
[47 2 3],0,1,1,1
[47 3 6],0,1,1,1
[47 4 2],0,1,1,1
[47 4 6],0,1,1,1
[47 5 0],0,1,1,1
[47 22 5],0,1,1,1
[47 34 6],0,1,1,1
[47 41 5],0,1,1,1
[47 47 3],0,2,2,2
[47 47 17],0,1,1,1
[47 59 15],0,1,1,1
[48 0 14],0,2,2,2
[48 1 16],0,1,1,1
[48 2 10],0,1,1,1
[48 11 14],0,1,1,1
[48 15 3],0,1,1,1
[48 15 6],0,1,1,1
[48 15 7],0,1,1,1
[48 15 8],0,1,1,1
[48 25 5],0,1,1,1
[48 25 6],0,1,1,1
[48 48 8],0,1,1,1
[48 91 5],0,2,2,2
[49 0 8],0,1,1,1
[49 0 14],0,1,1,1
[49 7 0],0,1,1,1
[49 9 0],0,1,1,1
[49 10 15],0,1,1,1
[49 13 7],0,1,1,1
[49 16 13],0,1,1,1
[49 25 9],0,1,1,1
[49 29 20],0,1,1,1
[49 40 14],0,1,1,1
[49 62 8],0,1,1,1
[49 63 5],0,1,1,1
[49 71 8],0,1,1,1
[49 81 3],0,1,1,1
[49 81 8],0,1,1,1
[50 5 20],0,2,2,2
[50 8 2],0,1,1,1
[50 17 2],0,2,2,2
[50 17 39],0,1,1,1
[51 0 8],0,1,1,1
[51 0 16],0,4,4,4
[51 0 67],0,1,1,1
[51 5 10],0,3,3,3
[51 11 3],0,1,1,1
[51 11 6],0,1,1,1
[51 20 33],0,1,1,1
[51 41 4],0,1,1,1
[51 41 7],0,1,1,1
[51 72 3],0,1,1,1
[52 7 10],0,1,1,1
[52 23 14],0,1,1,1
[52 52 6],0,1,1,1
[52 54 11],0,1,1,1
[52 63 2],0,1,1,1
[52 63 11],0,1,1,1
[52 67 6],0,1,1,1
[52 80 0],0,1,1,1
[53 31 2],0,1,1,1
[53 80 10],0,1,1,1
[53 90 8],0,1,1,1
[54 5 2],0,1,1,1
[54 20 14],0,1,1,1
[54 25 2],0,1,1,1
[54 28 2],0,1,1,1
[54 30 4],0,1,1,1
[54 38 5],0,1,1,1
[54 54 2],0,1,1,1
[55 7 5],0,1,1,1
[55 29 10],0,1,1,1
[55 31 2],0,1,1,1
[55 31 9],0,1,1,1
[55 32 0],0,1,1,1
[55 35 7],0,1,1,1
[55 38 7],0,1,1,1
[55 44 37],0,1,1,1
[55 55 5],0,1,1,1
[55 93 17],0,1,1,1
[56 3 0],0,1,1,1
[56 8 15],0,2,2,2
[56 11 6],0,1,1,1
[56 14 5],0,1,1,1
[56 17 2],0,1,1,1
[56 50 3],0,1,1,1
[56 56 35],0,1,1,1
[56 59 6],0,1,1,1
[57 2 6],0,1,1,1
[57 15 30],0,1,1,1
[57 16 8],0,1,1,1
[57 26 8],0,1,1,1
[57 28 0],0,1,1,1
[57 36 0],0,1,1,1
[57 41 0],0,2,2,2
[57 46 0],0,1,1,1
[57 86 10],0,1,1,1
[57 88 9],0,1,1,1
[57 98 0],0,1,1,1
[58 15 0],0,1,1,1
[58 19 16],0,1,1,1
[58 58 3],0,1,1,1
[58 58 10],0,1,1,1
[59 1 34],0,1,1,1
[59 6 15],0,1,1,1
[59 8 5],0,1,1,1
[59 14 15],0,1,1,1
[59 25 4],0,1,1,1
[59 48 5],0,1,1,1
[59 50 5],0,1,1,1
[59 89 5],0,1,1,1
[59 97 13],0,1,1,1
[60 18 49],0,1,1,1
[61 5 5],0,1,1,1
[61 5 28],0,1,1,1
[61 7 25],0,1,1,1
[61 7 52],0,1,1,1
[61 8 2],0,1,1,1
[61 8 52],0,1,1,1
[61 20 32],0,3,3,3
[61 29 7],0,1,1,1
[61 40 2],0,1,1,1
[61 51 19],0,1,1,1
[61 52 5],0,1,1,1
[61 71 7],0,1,1,1
[61 89 0],0,1,1,1
[62 52 3],0,1,1,1
[62 97 2],0,1,1,1
[63 18 7],0,1,1,1
[63 23 2],0,1,1,1
[63 28 15],0,1,1,1
[63 29 0],0,1,1,1
[63 35 3],0,1,1,1
[63 38 8],0,1,1,1
[63 65 3],0,1,1,1
[63 75 20],0,1,1,1
[63 90 9],0,1,1,1
[64 0 6],0,3,3,3
[64 28 3],0,2,2,2
[64 28 10],0,2,2,2
[64 28 16],0,1,1,1
[64 64 3],0,1,1,1
[65 0 0],0,2,2,2
[65 0 8],0,1,1,1
[65 0 29],0,1,1,1
[65 26 10],0,1,1,1
[65 30 6],0,1,1,1
[65 40 57],0,1,1,1
[65 41 5],0,2,2,2
[65 51 20],0,1,1,1
[65 67 3],0,1,1,1
[65 72 5],0,1,1,1
[66 5 13],0,1,1,1
[66 23 3],0,1,1,1
[66 52 8],0,1,1,1
[66 57 8],0,1,1,1
[66 66 3],0,3,3,3
[66 93 11],0,3,3,3
[67 13 17],0,1,1,1
[67 18 5],0,1,1,1
[67 21 5],0,1,1,1
[67 26 3],0,1,1,1
[67 29 7],0,1,1,1
[67 30 3],0,1,1,1
[67 52 5],0,1,1,1
[67 59 17],0,1,1,1
[67 65 3],0,1,1,1
[67 67 10],0,1,1,1
[67 76 20],0,1,1,1
[67 77 4],0,1,1,1
[68 56 6],0,1,1,1
[68 68 3],0,1,1,1
[68 97 25],0,2,2,2
[69 0 13],0,1,1,1
[69 7 6],0,1,1,1
[69 15 8],0,1,1,1
[69 57 11],0,1,1,1
[69 97 2],0,2,2,2
[71 5 2],0,1,1,1
[71 7 10],0,1,1,1
[71 7 15],0,1,1,1
[71 23 8],0,1,1,1
[71 30 0],0,1,1,1
[71 49 8],0,1,1,1
[72 5 3],0,1,1,1
[72 7 3],0,1,1,1
[72 20 17],0,1,1,1
[72 25 5],0,1,1,1
[72 40 10],0,1,1,1
[72 45 9],0,1,1,1
[72 51 3],0,2,2,2
[72 51 6],0,1,1,1
[72 51 8],0,1,1,1
[72 54 7],0,1,1,1
[72 67 20],0,1,1,1
[72 97 0],0,1,1,1
[73 0 0],0,1,1,1
[73 0 5],0,1,1,1
[73 2 6],0,1,1,1
[73 7 8],0,2,2,2
[73 20 8],0,1,1,1
[73 28 3],0,1,1,1
[73 28 17],0,1,1,1
[73 59 5],0,1,1,1
[74 7 3],0,1,1,1
[74 15 15],0,1,1,1
[74 30 20],0,1,1,1
[74 35 3],0,1,1,1
[74 74 6],0,1,1,1
[75 5 5],0,1,1,1
[75 54 3],0,1,1,1
[76 0 5],0,1,1,1
[76 3 5],0,1,1,1
[76 21 8],0,1,1,1
[76 89 22],0,1,1,1
[76 99 8],0,1,1,1
[76 99 12],0,1,1,1
[76 99 22],0,1,1,1
[77 1 16],0,1,1,1
[77 8 6],0,1,1,1
[77 19 9],0,1,1,1
[77 55 11],0,1,1,1
[77 67 11],0,1,1,1
[78 0 8],0,1,1,1
[78 20 15],0,1,1,1
[78 37 20],0,1,1,1
[78 53 8],0,1,1,1
[78 59 15],0,1,1,1
[78 75 6],0,1,1,1
[79 57 11],0,1,1,1
[80 0 6],0,1,1,1
[80 0 34],0,1,1,1
[80 7 0],0,1,1,1
[80 11 3],0,1,1,1
[80 28 0],0,1,1,1
[80 28 6],0,1,1,1
[80 31 0],0,2,2,2
[80 52 3],0,1,1,1
[80 52 6],0,1,1,1
[80 53 10],0,1,1,1
[80 67 20],0,1,1,1
[80 90 10],0,1,1,1
[81 0 3],0,1,1,1
[81 7 17],0,1,1,1
[81 10 8],0,1,1,1
[81 23 8],0,1,1,1
[81 30 0],0,1,1,1
[81 71 15],0,1,1,1
[81 96 7],0,1,1,1
[82 1 7],0,1,1,1
[82 1 9],0,5,5,5
[82 4 3],0,1,1,1
[82 11 6],0,1,1,1
[82 14 9],0,5,5,5
[82 28 5],0,1,1,1
[82 48 3],0,1,1,1
[82 75 6],0,1,1,1
[82 97 3],0,1,1,1
[82 97 10],0,1,1,1
[82 97 15],0,1,1,1
[83 3 3],0,1,1,1
[83 15 17],0,1,1,1
[83 50 6],0,1,1,1
[83 50 8],0,1,1,1
[83 83 2],0,1,1,1
[83 97 5],0,1,1,1
[83 98 3],0,1,1,1
[83 98 8],0,1,1,1
[84 0 8],0,1,1,1
[84 0 17],0,1,1,1
[84 52 2],0,1,1,1
[84 54 0],0,1,1,1
[85 5 5],0,1,1,1
[85 6 6],0,1,1,1
[85 7 14],0,1,1,1
[85 57 0],0,1,1,1
[86 5 0],0,2,2,2
[86 11 6],0,1,1,1
[86 14 6],0,1,1,1
[86 15 11],0,1,1,1
[86 15 68],0,1,1,1
[86 18 0],0,1,1,1
[86 23 0],0,1,1,1
[86 51 0],0,1,1,1
[86 52 5],0,1,1,1
[86 65 34],0,2,2,2
[86 77 0],0,1,1,1
[86 77 1],0,2,2,2
[86 86 10],0,1,1,1
[86 86 23],0,1,1,1
[86 86 36],0,2,2,2
[87 1 7],0,1,1,1
[87 15 49],0,1,1,1
[87 97 20],0,1,1,1
[88 6 30],0,1,1,1
[88 19 3],0,1,1,1
[89 18 0],0,2,2,2
[89 26 3],0,1,1,1
[89 26 4],0,1,1,1
[89 40 0],0,1,1,1
[89 57 11],0,1,1,1
[89 76 20],0,1,1,1
[89 89 8],0,1,1,1
[90 54 7],0,1,1,1
[90 63 2],0,1,1,1
[90 80 10],0,1,1,1
[91 0 33],0,1,1,1
[91 11 3],0,1,1,1
[91 11 6],0,1,1,1
[91 11 8],0,1,1,1
[91 48 6],0,2,2,2
[91 97 17],0,1,1,1
[92 0 6],0,2,2,2
[92 0 18],0,1,1,1
[92 8 8],0,1,1,1
[93 5 5],0,1,1,1
[93 5 14],0,1,1,1
[93 23 5],0,1,1,1
[93 25 4],0,1,1,1
[93 30 11],0,1,1,1
[93 54 3],0,1,1,1
[94 0 5],0,1,1,1
[94 15 4],0,1,1,1
[94 50 3],0,1,1,1
[95 5 0],0,2,2,2
[95 49 14],0,1,1,1
[96 4 0],0,1,1,1
[96 10 5],0,1,1,1
[96 95 0],0,1,1,1
[97 2 16],0,1,1,1
[97 4 6],0,1,1,1
[97 4 15],0,1,1,1
[97 4 17],0,1,1,1
[97 14 17],0,1,1,1
[97 15 6],0,1,1,1
[97 17 5],0,1,1,1
[97 32 9],0,1,1,1
[97 60 9],0,1,1,1
[97 68 63],0,1,1,1
[97 82 3],0,1,1,1
[97 84 9],0,1,1,1
[97 97 5],0,1,1,1
[97 97 7],0,1,1,1
[98 0 5],0,2,2,2
[98 0 17],0,1,1,1
[98 2 15],0,1,1,1
[98 6 5],0,1,1,1
[98 12 3],0,1,1,1
[98 12 17],0,1,1,1
[98 33 5],0,1,1,1
[98 42 0],0,1,1,1
[98 46 5],0,1,1,1
[99 0 17],0,1,1,1
[99 21 2],0,1,1,1
[99 21 8],0,1,1,1
[99 21 13],0,1,1,1
[99 76 2],0,1,1,1
[99 76 8],0,1,1,1
[99 76 20],0,1,1,1
[99 99 10],0,1,1,1
[99 99 20],0,1,1,1
