[0 0 0],4,0,4,0
[0 0 2],4,0,4,0
[0 0 3],472,130,602,0
[0 0 4],1,0,1,0
[0 0 5],52,9,61,0
[0 0 6],59,12,71,0
[0 0 8],3,0,3,0
[0 0 9],7,0,7,0
[0 0 10],295,58,353,0
[0 0 11],3,2,5,0
[0 0 12],6,1,7,0
[0 0 14],159,40,199,0
[0 0 15],1,0,1,0
[0 0 18],200,42,242,0
[0 0 19],10,0,10,0
[0 0 23],4,0,4,0
[0 0 24],148,25,173,0
[0 0 25],2,0,2,0
[0 0 26],1,0,1,0
[0 0 27],41,4,45,0
[0 0 28],53,16,69,0
[0 0 29],1,0,1,0
[0 0 30],17,1,18,0
[0 0 32],92,23,115,0
[0 0 33],97,19,116,0
[0 0 34],1,0,1,0
[0 0 36],3,0,3,0
[0 0 37],26,7,33,0
[0 0 43],8,0,8,0
[0 0 44],33,4,37,0
[0 0 45],2,0,2,0
[0 0 47],4,0,4,0
[0 0 48],13,1,14,0
[0 0 52],5,2,7,0
[0 0 57],11,1,12,0
[0 0 60],8,1,9,0
[0 0 61],1,2,3,0
[0 0 65],2,0,2,0
[0 0 67],2,0,2,0
[0 1 14],3,0,3,0
[0 1 15],64,28,92,0
[0 1 22],2,2,4,0
[0 1 23],34,9,43,0
[0 1 29],9,4,13,0
[0 2 0],1,0,1,0
[0 2 3],23,1,24,0
[0 2 6],1,1,2,0
[0 2 10],2,0,2,0
[0 2 14],56,13,69,0
[0 2 18],8,1,9,0
[0 2 19],1,0,1,0
[0 2 22],2,0,2,0
[0 2 24],10,1,11,0
[0 2 25],1,0,1,0
[0 2 28],6,1,7,0
[0 2 63],1,1,2,0
[0 3 0],5,1,6,0
[0 3 3],17,2,19,0
[0 3 6],1,0,1,0
[0 3 10],12,1,13,0
[0 3 14],10,0,10,0
[0 3 18],4,3,7,0
[0 3 22],11,1,12,0
[0 3 24],7,1,8,0
[0 3 28],3,5,8,0
[0 3 33],4,0,4,0
[0 3 34],3,0,3,0
[0 3 35],3,0,3,0
[0 3 37],1,0,1,0
[0 3 44],2,1,3,0
[0 3 46],1,0,1,0
[0 3 50],1,0,1,0
[0 3 58],2,0,2,0
[0 4 0],15,2,17,0
[0 4 3],25,8,33,0
[0 4 6],7,0,7,0
[0 4 8],1,0,1,0
[0 4 10],12,0,12,0
[0 4 14],21,2,23,0
[0 4 18],16,4,20,0
[0 4 22],18,4,22,0
[0 4 24],7,0,7,0
[0 4 28],4,0,4,0
[0 4 32],3,1,4,0
[0 4 33],3,1,4,0
[0 4 34],2,1,3,0
[0 4 35],5,0,5,0
[0 4 37],4,1,5,0
[0 4 38],2,0,2,0
[0 4 50],4,3,7,0
[0 4 60],1,0,1,0
[0 5 0],2,0,2,0
[0 5 3],44,12,56,0
[0 5 5],5,1,6,0
[0 5 6],4,3,7,0
[0 5 9],1,0,1,0
[0 5 10],30,15,45,0
[0 5 14],13,1,14,0
[0 5 16],1,0,1,0
[0 5 18],13,4,17,0
[0 5 24],12,3,15,0
[0 5 28],5,2,7,0
[0 5 30],1,0,1,0
[0 5 32],1,0,1,0
[0 5 33],3,0,3,0
[0 5 34],19,4,23,0
[0 5 37],2,0,2,0
[0 5 38],1,0,1,0
[0 5 40],41,15,56,0
[0 5 43],1,1,2,0
[0 5 58],5,1,6,0
[0 6 1],1124,273,1397,0
[0 6 2],299,91,390,0
[0 6 5],1,0,1,0
[0 6 14],3,0,3,0
[0 6 15],2,1,3,0
[0 6 18],7,1,8,0
[0 6 22],59,12,71,0
[0 6 27],2,0,2,0
[0 6 28],1,0,1,0
[0 6 30],30,2,32,0
[0 6 33],2,0,2,0
[0 7 0],48,13,61,0
[0 7 3],6,6,12,0
[0 7 5],1,0,1,0
[0 7 9],5,1,6,0
[0 7 10],7,0,7,0
[0 7 14],6,0,6,0
[0 7 18],5,1,6,0
[0 7 22],27,7,34,0
[0 7 24],3,2,5,0
[0 7 26],1,1,2,0
[0 7 31],2,2,4,0
[0 7 34],54,14,68,0
[0 7 43],1,0,1,0
[0 7 64],1,0,1,0
[0 8 0],1,0,1,0
[0 8 3],11,7,18,0
[0 8 6],4,2,6,0
[0 8 9],1,0,1,0
[0 8 10],9,4,13,0
[0 8 14],11,4,15,0
[0 8 18],13,1,14,0
[0 8 19],1,0,1,0
[0 8 22],8,7,15,0
[0 8 24],8,1,9,0
[0 8 28],4,0,4,0
[0 8 32],2,0,2,0
[0 8 33],5,0,5,0
[0 8 37],2,0,2,0
[0 8 38],1,0,1,0
[0 8 46],1,1,2,0
[0 8 50],3,4,7,0
[0 8 58],4,0,4,0
[0 9 0],5,0,5,0
[0 9 3],8,5,13,0
[0 9 6],1,0,1,0
[0 9 10],1,1,2,0
[0 9 14],2,2,4,0
[0 9 15],1,0,1,0
[0 9 18],10,1,11,0
[0 9 22],2,0,2,0
[0 9 24],5,0,5,0
[0 9 28],5,1,6,0
[0 9 32],2,0,2,0
[0 9 33],1,0,1,0
[0 9 34],1,0,1,0
[0 9 35],2,0,2,0
[0 9 37],2,0,2,0
[0 9 38],1,0,1,0
[0 9 46],2,2,4,0
[0 9 50],4,0,4,0
[0 9 63],1,0,1,0
[0 10 1],310,87,397,0
[0 10 2],99,40,139,0
[0 10 5],1,0,1,0
[0 10 10],10,3,13,0
[0 10 15],1,0,1,0
[0 10 18],6,2,8,0
[0 10 22],12,6,18,0
[0 10 26],1,0,1,0
[0 10 27],18,2,20,0
[0 10 28],1,2,3,0
[0 10 30],15,1,16,0
[0 11 3],12,4,16,0
[0 11 10],2,0,2,0
[0 11 11],1,0,1,0
[0 11 14],20,6,26,0
[0 11 15],5,0,5,0
[0 11 18],5,1,6,0
[0 11 19],1,0,1,0
[0 11 23],3,0,3,0
[0 11 24],5,0,5,0
[0 11 33],1,0,1,0
[0 12 0],27,3,30,0
[0 12 3],2,0,2,0
[0 12 14],4,0,4,0
[0 12 18],1,1,2,0
[0 12 22],15,4,19,0
[0 12 31],1,0,1,0
[0 12 32],1,0,1,0
[0 12 33],1,0,1,0
[0 12 34],5,4,9,0
[0 12 35],7,2,9,0
[0 12 37],4,0,4,0
[0 12 38],1,0,1,0
[0 12 46],1,0,1,0
[0 12 50],3,0,3,0
[0 13 1],464,107,571,0
[0 13 2],160,34,194,0
[0 13 15],4,3,7,0
[0 13 18],4,2,6,0
[0 13 22],23,5,28,0
[0 13 23],2,0,2,0
[0 13 27],6,0,6,0
[0 13 29],4,0,4,0
[0 13 30],13,3,16,0
[0 13 43],2,0,2,0
[0 14 3],1,0,1,0
[0 14 9],1,0,1,0
[0 14 14],31,8,39,0
[0 14 15],1,0,1,0
[0 14 18],1,0,1,0
[0 14 22],1,0,1,0
[0 14 23],1,0,1,0
[0 14 24],1,0,1,0
[0 15 0],71,13,84,0
[0 15 3],9,0,9,0
[0 15 8],1,0,1,0
[0 15 9],9,3,12,0
[0 15 10],2,0,2,0
[0 15 14],4,4,8,0
[0 15 18],4,1,5,0
[0 15 19],1,0,1,0
[0 15 22],4,1,5,0
[0 15 24],1,0,1,0
[0 15 26],1,0,1,0
[0 15 34],3,0,3,0
[0 15 38],13,3,16,0
[0 15 43],1,0,1,0
[0 15 55],1,0,1,0
[0 16 1],532,125,657,0
[0 16 2],152,30,182,0
[0 16 3],2,0,2,0
[0 16 18],6,1,7,0
[0 16 22],44,7,51,0
[0 16 30],9,1,10,0
[0 17 0],53,12,65,0
[0 17 3],5,1,6,0
[0 17 9],3,0,3,0
[0 17 14],1,0,1,0
[0 17 18],1,1,2,0
[0 17 22],3,0,3,0
[0 17 24],1,0,1,0
[0 17 38],4,0,4,0
[0 17 69],1,0,1,0
[0 18 0],61,16,77,0
[0 18 2],2,1,3,0
[0 18 3],5,3,8,0
[0 18 6],6,0,6,0
[0 18 9],2,0,2,0
[0 18 10],11,4,15,0
[0 18 14],5,0,5,0
[0 18 18],3,3,6,0
[0 18 24],4,0,4,0
[0 18 27],1,0,1,0
[0 18 28],1,0,1,0
[0 18 31],3,0,3,0
[0 18 32],1,0,1,0
[0 18 34],17,0,17,0
[0 18 35],33,7,40,0
[0 18 37],2,0,2,0
[0 18 38],2,0,2,0
[0 18 43],1,1,2,0
[0 18 50],4,2,6,0
[0 18 64],1,0,1,0
[0 19 1],468,99,567,0
[0 19 2],91,30,121,0
[0 19 22],30,7,37,0
[0 19 24],1,0,1,0
[0 19 27],3,4,7,0
[0 19 30],8,0,8,0
[0 19 36],1,2,3,0
[0 20 0],1,1,2,0
[0 20 3],8,5,13,0
[0 20 6],2,0,2,0
[0 20 10],3,1,4,0
[0 20 14],9,0,9,0
[0 20 15],2,0,2,0
[0 20 18],8,1,9,0
[0 20 23],1,0,1,0
[0 20 24],1,0,1,0
[0 20 28],2,1,3,0
[0 20 29],1,0,1,0
[0 20 32],4,0,4,0
[0 20 33],2,0,2,0
[0 20 37],5,0,5,0
[0 20 44],7,0,7,0
[0 21 9],2,0,2,0
[0 21 10],4,2,6,0
[0 21 18],3,0,3,0
[0 21 24],2,1,3,0
[0 21 33],1,1,2,0
[0 22 2],31,4,35,0
[0 22 3],2,0,2,0
[0 22 6],1,0,1,0
[0 22 10],1,1,2,0
[0 22 14],4,4,8,0
[0 22 15],96,9,105,0
[0 22 16],2,0,2,0
[0 22 17],2,0,2,0
[0 22 18],6,0,6,0
[0 22 23],5,2,7,0
[0 22 27],93,15,108,0
[0 22 28],1,1,2,0
[0 22 29],11,2,13,0
[0 22 30],7,1,8,0
[0 22 36],13,1,14,0
[0 23 2],4,3,7,0
[0 23 3],3,1,4,0
[0 23 9],2,0,2,0
[0 23 10],7,2,9,0
[0 23 14],6,0,6,0
[0 23 18],3,0,3,0
[0 23 24],2,0,2,0
[0 23 27],14,0,14,0
[0 23 36],1,0,1,0
[0 23 37],1,0,1,0
[0 23 38],2,0,2,0
[0 23 40],1,1,2,0
[0 24 0],53,26,79,0
[0 24 2],3,1,4,0
[0 24 3],12,0,12,0
[0 24 5],1,0,1,0
[0 24 6],1,0,1,0
[0 24 10],3,0,3,0
[0 24 14],4,2,6,0
[0 24 18],3,0,3,0
[0 24 24],3,1,4,0
[0 24 26],2,0,2,0
[0 24 27],6,2,8,0
[0 24 30],2,1,3,0
[0 24 32],1,0,1,0
[0 24 34],2,3,5,0
[0 24 35],30,10,40,0
[0 24 43],1,0,1,0
[0 24 47],1,0,1,0
[0 24 50],1,0,1,0
[0 24 56],1,0,1,0
[0 24 64],1,0,1,0
[0 25 10],5,0,5,0
[0 25 14],2,2,4,0
[0 25 15],2,1,3,0
[0 25 18],1,3,4,0
[0 25 23],1,3,4,0
[0 26 0],1,0,1,0
[0 26 1],8,2,10,0
[0 26 2],46,19,65,0
[0 26 3],8,0,8,0
[0 26 5],2,0,2,0
[0 26 6],1,0,1,0
[0 26 10],4,2,6,0
[0 26 14],3,0,3,0
[0 26 18],14,1,15,0
[0 26 24],1,0,1,0
[0 26 27],68,15,83,0
[0 26 30],11,1,12,0
[0 26 36],54,17,71,0
[0 26 43],1,0,1,0
[0 26 56],1,0,1,0
[0 27 1],20,6,26,0
[0 27 2],25,1,26,0
[0 27 18],1,0,1,0
[0 27 22],10,0,10,0
[0 28 0],7,4,11,0
[0 28 2],12,4,16,0
[0 28 3],5,1,6,0
[0 28 10],8,1,9,0
[0 28 14],5,1,6,0
[0 28 18],3,1,4,0
[0 28 23],1,0,1,0
[0 28 27],1,1,2,0
[0 28 32],3,0,3,0
[0 28 33],2,0,2,0
[0 28 37],6,1,7,0
[0 28 39],29,9,38,0
[0 28 44],1,0,1,0
[0 29 0],2,8,10,0
[0 29 3],2,0,2,0
[0 29 10],1,0,1,0
[0 29 14],2,0,2,0
[0 29 28],1,0,1,0
[0 29 40],4,0,4,0
[0 30 14],2,0,2,0
[0 30 18],1,1,2,0
[0 30 22],1,0,1,0
[0 30 33],1,0,1,0
[0 30 47],1,0,1,0
[0 31 0],1,0,1,0
[0 31 3],1,0,1,0
[0 31 10],11,2,13,0
[0 31 14],4,2,6,0
[0 31 24],1,0,1,0
[0 31 28],1,0,1,0
[0 31 34],1,0,1,0
[0 31 40],3,2,5,0
[0 32 0],59,26,85,0
[0 32 3],1,1,2,0
[0 32 6],2,1,3,0
[0 32 9],2,0,2,0
[0 32 10],2,0,2,0
[0 32 14],1,0,1,0
[0 32 18],5,1,6,0
[0 32 24],4,0,4,0
[0 32 26],1,0,1,0
[0 32 27],1,0,1,0
[0 32 31],2,1,3,0
[0 32 33],1,0,1,0
[0 32 34],39,5,44,0
[0 32 37],1,0,1,0
[0 32 38],1,0,1,0
[0 32 43],1,1,2,0
[0 32 62],3,0,3,0
[0 33 1],280,69,349,0
[0 33 2],74,21,95,0
[0 33 18],1,0,1,0
[0 33 22],11,1,12,0
[0 33 27],2,1,3,0
[0 33 30],6,0,6,0
[0 33 43],1,0,1,0
[0 34 14],2,0,2,0
[0 34 18],1,0,1,0
[0 34 37],1,0,1,0
[0 35 2],7,1,8,0
[0 35 3],7,2,9,0
[0 35 5],2,0,2,0
[0 35 10],3,1,4,0
[0 35 18],4,3,7,0
[0 35 24],1,0,1,0
[0 35 27],20,2,22,0
[0 35 28],1,0,1,0
[0 35 30],3,0,3,0
[0 35 32],1,0,1,0
[0 35 36],1,0,1,0
[0 36 1],199,61,260,0
[0 36 2],45,13,58,0
[0 36 5],1,0,1,0
[0 36 10],2,2,4,0
[0 36 14],1,0,1,0
[0 36 15],4,0,4,0
[0 36 18],2,0,2,0
[0 36 22],4,1,5,0
[0 36 23],1,0,1,0
[0 36 27],4,1,5,0
[0 36 30],6,1,7,0
[0 37 3],1,1,2,0
[0 37 10],1,0,1,0
[0 37 14],1,1,2,0
[0 37 18],2,1,3,0
[0 37 24],2,0,2,0
[0 38 3],3,0,3,0
[0 38 5],1,0,1,0
[0 38 10],1,0,1,0
[0 38 14],1,0,1,0
[0 38 28],1,0,1,0
[0 38 32],1,0,1,0
[0 39 1],124,23,147,0
[0 39 2],48,6,54,0
[0 39 14],1,0,1,0
[0 39 22],4,0,4,0
[0 39 30],4,0,4,0
[0 40 0],14,3,17,0
[0 40 3],1,0,1,0
[0 40 5],1,0,1,0
[0 40 6],1,0,1,0
[0 40 10],1,0,1,0
[0 40 15],2,0,2,0
[0 40 18],2,0,2,0
[0 40 22],10,2,12,0
[0 40 23],1,0,1,0
[0 40 24],1,0,1,0
[0 40 34],2,0,2,0
[0 40 38],1,0,1,0
[0 40 40],1,0,1,0
[0 40 55],3,0,3,0
[0 40 62],3,0,3,0
[0 41 0],1,0,1,0
[0 41 2],2,0,2,0
[0 41 3],6,0,6,0
[0 41 6],1,0,1,0
[0 41 10],9,1,10,0
[0 41 14],3,1,4,0
[0 41 18],6,2,8,0
[0 41 19],1,0,1,0
[0 41 20],4,0,4,0
[0 41 24],2,0,2,0
[0 41 27],4,1,5,0
[0 41 28],1,0,1,0
[0 41 30],2,0,2,0
[0 41 32],1,1,2,0
[0 41 33],4,1,5,0
[0 41 67],1,0,1,0
[0 42 0],1,2,3,0
[0 42 9],1,0,1,0
[0 42 14],10,6,16,0
[0 42 29],1,0,1,0
[0 42 31],2,0,2,0
[0 42 37],1,0,1,0
[0 43 0],30,14,44,0
[0 43 1],1,0,1,0
[0 43 2],2,0,2,0
[0 43 3],15,3,18,0
[0 43 6],5,0,5,0
[0 43 9],2,2,4,0
[0 43 10],2,0,2,0
[0 43 14],3,0,3,0
[0 43 18],7,0,7,0
[0 43 23],1,0,1,0
[0 43 24],2,1,3,0
[0 43 27],3,0,3,0
[0 43 28],1,0,1,0
[0 43 31],3,0,3,0
[0 43 34],2,1,3,0
[0 43 35],20,6,26,0
[0 43 37],1,0,1,0
[0 43 43],1,0,1,0
[0 43 47],1,0,1,0
[0 43 52],1,0,1,0
[0 44 3],7,0,7,0
[0 44 6],1,0,1,0
[0 44 10],2,0,2,0
[0 44 14],2,0,2,0
[0 44 15],1,0,1,0
[0 44 18],3,0,3,0
[0 44 23],1,0,1,0
[0 44 24],1,1,2,0
[0 44 32],1,0,1,0
[0 44 37],2,0,2,0
[0 45 15],2,1,3,0
[0 46 0],83,18,101,0
[0 46 2],23,3,26,0
[0 46 3],3,0,3,0
[0 46 9],16,3,19,0
[0 46 14],1,0,1,0
[0 46 18],4,0,4,0
[0 46 24],1,0,1,0
[0 46 26],5,3,8,0
[0 46 27],25,3,28,0
[0 46 30],2,0,2,0
[0 46 31],15,1,16,0
[0 46 32],1,0,1,0
[0 46 34],2,0,2,0
[0 46 35],41,4,45,0
[0 46 36],1,1,2,0
[0 46 37],2,0,2,0
[0 46 38],2,0,2,0
[0 46 39],1,0,1,0
[0 46 43],2,1,3,0
[0 46 61],1,0,1,0
[0 46 69],1,0,1,0
[0 47 10],1,0,1,0
[0 47 14],1,1,2,0
[0 47 15],2,0,2,0
[0 47 23],1,1,2,0
[0 47 24],1,0,1,0
[0 47 29],2,0,2,0
[0 48 10],1,0,1,0
[0 48 18],1,0,1,0
[0 49 0],16,3,19,0
[0 49 2],32,12,44,0
[0 49 3],2,0,2,0
[0 49 18],1,1,2,0
[0 49 27],56,19,75,0
[0 49 28],2,0,2,0
[0 49 30],5,0,5,0
[0 49 32],1,0,1,0
[0 49 37],9,5,14,0
[0 49 39],32,14,46,0
[0 49 43],1,0,1,0
[0 49 57],12,6,18,0
[0 49 61],2,1,3,0
[0 50 3],1,0,1,0
[0 50 18],1,0,1,0
[0 50 24],1,0,1,0
[0 51 0],27,19,46,0
[0 51 3],1,2,3,0
[0 51 5],1,0,1,0
[0 51 9],1,2,3,0
[0 51 10],1,0,1,0
[0 51 14],6,5,11,0
[0 51 18],1,2,3,0
[0 51 28],2,0,2,0
[0 51 34],13,9,22,0
[0 51 37],1,0,1,0
[0 51 38],1,0,1,0
[0 51 45],1,0,1,0
[0 51 55],1,2,3,0
[0 51 58],1,0,1,0
[0 51 62],1,1,2,0
[0 52 2],2,2,4,0
[0 52 10],1,0,1,0
[0 52 24],2,0,2,0
[0 52 27],17,2,19,0
[0 52 30],2,0,2,0
[0 52 36],1,0,1,0
[0 53 14],2,1,3,0
[0 53 40],1,0,1,0
[0 54 0],1,0,1,0
[0 54 10],1,0,1,0
[0 54 14],1,0,1,0
[0 54 18],1,0,1,0
[0 54 24],1,0,1,0
[0 55 0],1,0,1,0
[0 55 2],1,0,1,0
[0 55 3],2,1,3,0
[0 55 10],1,0,1,0
[0 55 14],1,1,2,0
[0 55 18],1,0,1,0
[0 55 19],1,0,1,0
[0 55 27],5,0,5,0
[0 55 28],1,0,1,0
[0 55 32],1,0,1,0
[0 55 33],1,0,1,0
[0 55 34],1,0,1,0
[0 55 43],1,0,1,0
[0 56 0],1,0,1,0
[0 56 3],3,0,3,0
[0 56 6],1,0,1,0
[0 56 10],1,0,1,0
[0 56 14],8,4,12,0
[0 56 18],5,0,5,0
[0 56 22],3,0,3,0
[0 56 24],1,0,1,0
[0 56 32],1,0,1,0
[0 56 33],2,0,2,0
[0 57 2],31,14,45,0
[0 57 23],1,0,1,0
[0 57 27],1,0,1,0
[0 57 33],1,0,1,0
[0 57 64],1,0,1,0
[0 58 1],206,54,260,0
[0 58 2],57,18,75,0
[0 58 22],8,7,15,0
[0 58 30],3,0,3,0
[0 59 3],12,0,12,0
[0 59 10],2,1,3,0
[0 59 14],3,1,4,0
[0 59 18],3,1,4,0
[0 59 27],1,0,1,0
[0 59 32],1,0,1,0
[0 59 33],1,0,1,0
[0 60 1],231,55,286,0
[0 60 2],73,10,83,0
[0 60 18],1,0,1,0
[0 60 22],8,0,8,0
[0 60 30],1,0,1,0
[0 61 2],1,0,1,0
[0 61 9],1,0,1,0
[0 61 10],2,0,2,0
[0 61 18],2,0,2,0
[0 61 23],2,0,2,0
[0 61 24],1,0,1,0
[0 61 27],1,0,1,0
[0 61 29],1,0,1,0
[0 61 33],1,0,1,0
[0 61 37],1,0,1,0
[0 61 43],1,0,1,0
[0 62 1],156,41,197,0
[0 62 2],45,15,60,0
[0 62 18],1,0,1,0
[0 62 22],2,0,2,0
[0 62 30],4,0,4,0
[0 63 10],1,1,2,0
[0 63 14],1,0,1,0
[0 63 22],1,0,1,0
[0 63 27],5,1,6,0
[0 64 0],2,1,3,0
[0 64 3],3,0,3,0
[0 64 10],3,0,3,0
[0 64 14],1,2,3,0
[0 64 24],1,0,1,0
[0 64 28],1,0,1,0
[0 64 37],3,2,5,0
[0 64 39],2,2,4,0
[0 65 0],4,0,4,0
[0 65 3],1,0,1,0
[0 65 18],2,0,2,0
[0 65 26],1,0,1,0
[0 65 32],2,0,2,0
[0 65 36],1,0,1,0
[0 65 55],1,1,2,0
[0 65 58],1,0,1,0
[0 65 62],1,1,2,0
[0 65 64],1,1,2,0
[0 66 2],2,0,2,0
[0 66 3],1,0,1,0
[0 66 10],2,0,2,0
[0 66 14],3,0,3,0
[0 66 18],5,0,5,0
[0 66 24],1,0,1,0
[0 66 27],15,3,18,0
[0 66 28],1,0,1,0
[0 66 32],1,0,1,0
[0 66 37],4,0,4,0
[0 66 43],2,0,2,0
[0 66 53],12,2,14,0
[0 67 2],1,1,2,0
[0 67 3],3,0,3,0
[0 67 6],1,1,2,0
[0 67 10],2,0,2,0
[0 67 27],1,0,1,0
[0 67 36],1,1,2,0
[0 68 0],8,3,11,0
[0 68 3],6,0,6,0
[0 68 6],1,0,1,0
[0 68 9],1,0,1,0
[0 68 10],2,0,2,0
[0 68 14],4,0,4,0
[0 68 18],3,0,3,0
[0 68 24],3,0,3,0
[0 68 31],1,0,1,0
[0 68 34],3,0,3,0
[0 68 35],5,1,6,0
[0 68 37],2,0,2,0
[0 68 43],1,0,1,0
[0 68 44],1,0,1,0
[0 68 46],1,0,1,0
[0 68 67],1,0,1,0
[0 69 2],2,1,3,0
[0 69 3],1,1,2,0
[0 69 5],1,0,1,0
[0 69 10],1,0,1,0
[0 69 15],5,2,7,0
[0 69 23],5,0,5,0
[0 69 27],19,9,28,0
[0 69 30],1,2,3,0
[0 69 32],1,0,1,0
[0 69 37],4,0,4,0
[0 69 41],1,0,1,0
[0 69 44],1,1,2,0
[0 69 59],14,2,16,0
[0 70 0],26,2,28,0
[0 70 9],3,0,3,0
[0 70 22],1,0,1,0
[0 70 34],3,0,3,0
[0 70 38],15,1,16,0
[0 71 10],3,0,3,0
[0 71 43],1,0,1,0
[0 71 61],1,1,2,0
[0 72 10],2,0,2,0
[0 72 14],1,0,1,0
[0 72 28],1,0,1,0
[0 73 3],1,0,1,0
[0 73 27],1,1,2,0
[0 73 30],1,0,1,0
[0 74 2],1,0,1,0
[0 74 3],1,0,1,0
[0 74 10],1,0,1,0
[0 74 14],1,0,1,0
[0 74 18],1,0,1,0
[0 75 3],1,1,2,0
[0 75 14],1,0,1,0
[0 75 22],1,1,2,0
[0 75 33],1,0,1,0
[0 76 0],2,0,2,0
[0 76 3],3,1,4,0
[0 76 10],5,1,6,0
[0 76 18],7,0,7,0
[0 76 22],1,0,1,0
[0 76 24],1,1,2,0
[0 76 27],4,1,5,0
[0 76 32],1,0,1,0
[0 76 34],2,1,3,0
[0 76 36],1,0,1,0
[0 76 37],1,0,1,0
[0 76 56],3,2,5,0
[0 76 64],1,0,1,0
[0 77 0],38,16,54,0
[0 77 1],38,7,45,0
[0 77 2],12,1,13,0
[0 77 3],1,1,2,0
[0 77 6],1,0,1,0
[0 77 9],4,0,4,0
[0 77 27],9,2,11,0
[0 77 31],1,0,1,0
[0 77 35],1,0,1,0
[0 77 36],4,0,4,0
[0 77 37],1,0,1,0
[0 77 38],5,0,5,0
[0 78 10],2,0,2,0
[0 78 14],1,0,1,0
[0 78 26],1,0,1,0
[0 78 27],1,0,1,0
[0 79 0],8,5,13,0
[0 79 2],4,2,6,0
[0 79 3],6,0,6,0
[0 79 9],3,0,3,0
[0 79 10],1,0,1,0
[0 79 15],1,0,1,0
[0 79 18],4,0,4,0
[0 79 24],1,0,1,0
[0 79 27],33,2,35,0
[0 79 30],2,0,2,0
[0 79 31],4,0,4,0
[0 79 32],2,0,2,0
[0 79 35],2,2,4,0
[0 79 36],14,1,15,0
[0 79 37],3,0,3,0
[0 79 38],5,1,6,0
[0 79 55],1,0,1,0
[0 80 0],1,1,2,0
[0 80 2],1,0,1,0
[0 80 23],1,0,1,0
[0 80 27],11,4,15,0
[0 80 30],1,0,1,0
[0 80 32],1,0,1,0
[0 80 43],1,0,1,0
[0 81 2],1,0,1,0
[0 81 10],1,0,1,0
[0 81 14],1,0,1,0
[0 81 18],1,0,1,0
[0 81 27],2,1,3,0
[0 81 39],2,1,3,0
[0 82 3],3,0,3,0
[0 82 18],3,1,4,0
[0 82 19],1,0,1,0
[0 82 24],1,0,1,0
[0 83 14],1,0,1,0
[0 83 18],1,1,2,0
[0 83 27],1,0,1,0
[0 83 32],1,0,1,0
[0 83 37],1,0,1,0
[0 84 1],1,0,1,0
[0 84 2],30,3,33,0
[0 84 3],1,0,1,0
[0 84 18],1,1,2,0
[0 84 27],41,9,50,0
[0 84 30],3,1,4,0
[0 84 36],1,0,1,0
[0 84 37],3,1,4,0
[0 84 39],4,3,7,0
[0 85 2],3,1,4,0
[0 85 3],1,0,1,0
[0 85 10],2,0,2,0
[0 85 14],2,0,2,0
[0 85 15],1,0,1,0
[0 85 18],1,0,1,0
[0 85 23],2,0,2,0
[0 85 27],11,1,12,0
[0 85 32],1,0,1,0
[0 85 37],7,1,8,0
[0 85 44],1,0,1,0
[0 85 61],4,0,4,0
[0 85 66],10,0,10,0
[0 85 68],5,0,5,0
[0 86 3],1,0,1,0
[0 86 5],1,0,1,0
[0 86 10],1,0,1,0
[0 86 24],1,0,1,0
[0 86 27],4,3,7,0
[0 86 28],1,0,1,0
[0 86 32],1,0,1,0
[0 86 33],1,0,1,0
[0 86 43],1,0,1,0
[0 87 10],1,0,1,0
[0 87 18],1,0,1,0
[0 87 27],1,0,1,0
[0 87 43],2,0,2,0
[0 87 44],1,0,1,0
[0 88 1],92,15,107,0
[0 88 2],20,1,21,0
[0 88 18],1,0,1,0
[0 88 22],1,0,1,0
[0 88 27],3,0,3,0
[0 88 30],5,0,5,0
[0 89 2],4,1,5,0
[0 89 3],5,1,6,0
[0 89 4],1,0,1,0
[0 89 6],2,0,2,0
[0 89 10],1,2,3,0
[0 89 18],2,0,2,0
[0 89 24],1,0,1,0
[0 89 27],2,0,2,0
[0 89 30],1,0,1,0
[0 89 35],1,0,1,0
[0 89 36],2,0,2,0
[0 89 56],5,1,6,0
[0 90 24],1,0,1,0
[0 91 3],1,0,1,0
[0 91 10],2,0,2,0
[0 91 18],3,0,3,0
[0 91 24],2,0,2,0
[0 91 28],3,0,3,0
[0 91 37],1,0,1,0
[0 91 43],1,0,1,0
[0 91 58],1,0,1,0
[0 92 0],24,4,28,0
[0 92 1],6,3,9,0
[0 92 2],5,3,8,0
[0 92 3],3,0,3,0
[0 92 6],2,0,2,0
[0 92 10],1,0,1,0
[0 92 18],2,0,2,0
[0 92 27],15,0,15,0
[0 92 28],1,0,1,0
[0 92 30],2,0,2,0
[0 92 31],3,0,3,0
[0 92 35],4,0,4,0
[0 92 36],3,1,4,0
[0 92 38],2,1,3,0
[0 92 41],1,0,1,0
[0 93 1],1,0,1,0
[0 93 18],2,0,2,0
[0 93 33],1,0,1,0
[0 94 0],1,0,1,0
[0 95 1],78,24,102,0
[0 95 2],21,10,31,0
[0 95 30],3,0,3,0
[0 96 2],22,2,24,0
[0 97 0],238,60,298,0
[0 97 3],10,1,11,0
[0 97 9],34,6,40,0
[0 97 14],2,0,2,0
[0 97 18],7,3,10,0
[0 97 20],1,0,1,0
[0 97 21],2,0,2,0
[0 97 22],15,5,20,0
[0 97 24],4,1,5,0
[0 97 26],14,1,15,0
[0 97 28],4,0,4,0
[0 97 32],2,1,3,0
[0 97 33],1,0,1,0
[0 97 34],5,0,5,0
[0 97 37],3,1,4,0
[0 97 38],20,8,28,0
[0 97 43],4,0,4,0
[0 97 48],9,3,12,0
[0 97 51],1,0,1,0
[0 97 69],1,1,2,0
[0 98 0],9,1,10,0
[0 98 9],9,4,13,0
[0 98 18],1,0,1,0
[0 98 26],2,0,2,0
[0 98 31],3,1,4,0
[0 98 34],2,0,2,0
[0 98 38],1,1,2,0
[0 98 39],1,0,1,0
[0 98 58],1,0,1,0
[0 98 69],1,1,2,0
[0 99 0],2,0,2,0
[0 99 2],4,0,4,0
[0 99 3],3,1,4,0
[0 99 6],1,0,1,0
[0 99 10],4,0,4,0
[0 99 14],1,0,1,0
[0 99 18],1,0,1,0
[0 99 22],1,0,1,0
[0 99 24],1,0,1,0
[0 99 27],4,2,6,0
[0 99 32],1,0,1,0
[0 99 33],2,0,2,0
[0 99 36],1,0,1,0
[0 99 37],1,0,1,0
[0 99 56],4,0,4,0
[1 0 2],1,0,1,0
[1 0 9],227,52,279,0
[1 0 10],9,0,9,0
[1 0 26],35,5,40,0
[1 1 2],31,14,45,0
[1 1 10],2,0,2,0
[1 1 22],93,19,112,0
[1 1 30],3,0,3,0
[1 1 49],1,0,1,0
[1 2 9],193,36,229,0
[1 2 10],29,11,40,0
[1 2 26],41,9,50,0
[1 2 28],2,0,2,0
[1 2 31],2,0,2,0
[1 3 9],34,4,38,0
[1 3 10],2,0,2,0
[1 3 26],12,2,14,0
[1 4 9],63,15,78,0
[1 4 10],1,1,2,0
[1 4 15],1,0,1,0
[1 4 26],18,3,21,0
[1 4 28],1,0,1,0
[1 5 9],2,1,3,0
[1 6 9],9,1,10,0
[1 6 26],5,0,5,0
[1 7 9],4,1,5,0
[1 8 9],66,17,83,0
[1 8 26],9,1,10,0
[1 9 9],55,6,61,0
[1 9 10],4,1,5,0
[1 9 26],14,3,17,0
[1 9 31],1,0,1,0
[1 10 9],1,0,1,0
[1 11 9],79,21,100,0
[1 11 10],9,3,12,0
[1 11 26],10,2,12,0
[1 12 9],43,8,51,0
[1 12 26],16,0,16,0
[1 12 31],1,0,1,0
[1 13 9],5,0,5,0
[1 14 9],68,14,82,0
[1 14 10],13,3,16,0
[1 14 26],19,1,20,0
[1 14 28],1,0,1,0
[1 14 32],1,0,1,0
[1 15 9],20,8,28,0
[1 15 26],8,2,10,0
[1 16 9],6,0,6,0
[1 16 26],5,0,5,0
[1 17 9],32,9,41,0
[1 17 26],10,2,12,0
[1 18 9],6,2,8,0
[1 18 26],2,0,2,0
[1 19 9],2,2,4,0
[1 19 26],3,0,3,0
[1 21 9],7,2,9,0
[1 21 26],1,0,1,0
[1 22 9],14,3,17,0
[1 22 26],3,1,4,0
[1 23 9],1,0,1,0
[1 24 9],10,2,12,0
[1 24 26],1,1,2,0
[1 25 9],7,4,11,0
[1 25 10],3,0,3,0
[1 25 26],1,0,1,0
[1 25 31],1,0,1,0
[1 25 32],1,0,1,0
[1 26 9],5,0,5,0
[1 27 26],1,0,1,0
[1 32 9],6,0,6,0
[1 32 26],2,0,2,0
[1 33 26],5,0,5,0
[1 34 9],23,8,31,0
[1 34 10],10,1,11,0
[1 34 26],2,1,3,0
[1 34 42],1,0,1,0
[1 35 9],1,0,1,0
[1 36 9],1,1,2,0
[1 36 26],1,0,1,0
[1 37 26],1,0,1,0
[1 38 9],4,3,7,0
[1 39 9],3,0,3,0
[1 42 9],61,12,73,0
[1 42 10],3,1,4,0
[1 42 23],1,0,1,0
[1 42 26],9,5,14,0
[1 43 9],9,1,10,0
[1 44 9],19,1,20,0
[1 44 10],3,0,3,0
[1 44 26],3,1,4,0
[1 45 9],19,8,27,0
[1 45 26],3,2,5,0
[1 45 28],1,0,1,0
[1 46 9],1,0,1,0
[1 47 9],10,2,12,0
[1 47 26],3,0,3,0
[1 48 9],9,2,11,0
[1 49 9],2,0,2,0
[1 50 9],12,5,17,0
[1 50 10],2,1,3,0
[1 50 26],8,0,8,0
[1 55 9],1,1,2,0
[1 56 9],16,4,20,0
[1 56 26],2,3,5,0
[1 57 9],1,0,1,0
[1 58 26],2,0,2,0
[1 59 9],19,4,23,0
[1 59 26],3,0,3,0
[1 60 9],1,0,1,0
[1 60 26],2,1,3,0
[1 62 9],2,2,4,0
[1 62 10],1,0,1,0
[1 62 26],3,0,3,0
[1 67 9],1,0,1,0
[1 67 26],2,0,2,0
[1 69 2],4,1,5,0
[1 69 9],10,2,12,0
[1 69 10],3,0,3,0
[1 69 18],1,1,2,0
[1 69 26],3,0,3,0
[1 69 31],1,0,1,0
[1 70 9],11,2,13,0
[1 70 23],1,0,1,0
[1 70 26],5,0,5,0
[1 72 9],1,0,1,0
[1 73 9],1,0,1,0
[1 76 9],2,0,2,0
[1 76 26],1,0,1,0
[1 77 9],2,1,3,0
[1 77 26],2,0,2,0
[1 79 9],3,1,4,0
[1 79 26],1,0,1,0
[1 82 9],1,0,1,0
[1 83 9],8,1,9,0
[1 83 26],2,0,2,0
[1 85 9],2,0,2,0
[1 87 9],1,2,3,0
[1 89 26],3,0,3,0
[1 91 9],3,0,3,0
[1 91 10],1,0,1,0
[1 91 26],2,1,3,0
[1 92 9],2,0,2,0
[1 92 26],1,0,1,0
[1 94 9],3,0,3,0
[1 94 26],1,1,2,0
[1 95 9],1,0,1,0
[1 97 9],74,23,97,0
[1 97 26],29,9,38,0
[1 98 9],5,1,6,0
[1 98 26],1,0,1,0
[2 0 3],2,1,3,0
[2 0 10],65,14,79,0
[2 0 14],2,2,4,0
[2 0 18],2,0,2,0
[2 0 24],4,0,4,0
[2 0 27],1,0,1,0
[2 0 32],1,0,1,0
[2 0 33],2,0,2,0
[2 0 52],1,0,1,0
[2 1 3],3,0,3,0
[2 1 14],15,2,17,0
[2 1 15],96,23,119,0
[2 1 23],35,10,45,0
[2 1 28],1,0,1,0
[2 1 29],14,6,20,0
[2 1 45],7,1,8,0
[2 2 3],53,8,61,0
[2 2 9],2,0,2,0
[2 2 10],17,4,21,0
[2 2 14],11,2,13,0
[2 2 18],4,4,8,0
[2 2 23],1,0,1,0
[2 2 24],5,2,7,0
[2 2 28],5,0,5,0
[2 2 32],15,4,19,0
[2 2 33],13,1,14,0
[2 3 3],3,0,3,0
[2 3 10],11,4,15,0
[2 3 14],1,0,1,0
[2 3 18],1,0,1,0
[2 3 32],1,0,1,0
[2 3 33],1,1,2,0
[2 4 3],9,1,10,0
[2 4 10],35,8,43,0
[2 4 18],1,1,2,0
[2 4 24],3,1,4,0
[2 4 28],1,1,2,0
[2 4 48],1,0,1,0
[2 8 3],5,1,6,0
[2 8 9],1,0,1,0
[2 8 10],19,7,26,0
[2 8 14],1,0,1,0
[2 8 18],3,3,6,0
[2 8 24],2,0,2,0
[2 8 28],1,0,1,0
[2 9 3],5,1,6,0
[2 9 9],1,2,3,0
[2 9 10],19,7,26,0
[2 9 14],1,0,1,0
[2 9 18],3,0,3,0
[2 9 24],2,2,4,0
[2 9 28],2,0,2,0
[2 9 33],1,0,1,0
[2 11 3],7,2,9,0
[2 11 10],35,14,49,0
[2 11 14],2,0,2,0
[2 11 18],3,0,3,0
[2 11 24],3,1,4,0
[2 11 28],3,0,3,0
[2 11 32],2,0,2,0
[2 11 33],2,1,3,0
[2 11 52],1,0,1,0
[2 12 3],4,1,5,0
[2 12 9],2,0,2,0
[2 12 10],16,1,17,0
[2 12 18],3,0,3,0
[2 12 24],1,0,1,0
[2 12 47],1,0,1,0
[2 12 48],1,0,1,0
[2 14 3],5,3,8,0
[2 14 10],32,4,36,0
[2 14 14],4,1,5,0
[2 14 18],4,0,4,0
[2 14 32],1,0,1,0
[2 15 0],6,0,6,0
[2 15 3],2,1,3,0
[2 15 9],2,0,2,0
[2 15 10],4,1,5,0
[2 15 14],1,0,1,0
[2 15 28],1,0,1,0
[2 17 3],9,1,10,0
[2 17 9],3,0,3,0
[2 17 10],3,1,4,0
[2 17 24],2,0,2,0
[2 17 28],1,2,3,0
[2 18 3],1,0,1,0
[2 18 10],1,1,2,0
[2 18 18],1,0,1,0
[2 22 10],5,0,5,0
[2 22 18],1,0,1,0
[2 24 10],3,1,4,0
[2 24 18],1,0,1,0
[2 25 2],23,4,27,0
[2 25 10],6,0,6,0
[2 25 23],2,0,2,0
[2 25 30],1,1,2,0
[2 32 10],2,0,2,0
[2 34 2],24,1,25,0
[2 34 3],6,0,6,0
[2 34 10],4,1,5,0
[2 34 15],1,0,1,0
[2 34 18],1,1,2,0
[2 34 23],3,1,4,0
[2 34 28],2,0,2,0
[2 34 32],2,0,2,0
[2 34 41],2,3,5,0
[2 38 3],1,0,1,0
[2 38 10],1,0,1,0
[2 41 10],1,0,1,0
[2 42 0],9,0,9,0
[2 42 14],7,2,9,0
[2 42 18],1,0,1,0
[2 42 22],1,0,1,0
[2 42 23],1,0,1,0
[2 42 28],1,1,2,0
[2 44 10],4,0,4,0
[2 44 14],1,0,1,0
[2 44 18],1,0,1,0
[2 44 23],1,0,1,0
[2 45 2],61,13,74,0
[2 45 3],1,0,1,0
[2 45 9],1,0,1,0
[2 45 10],1,0,1,0
[2 45 15],2,1,3,0
[2 45 23],3,0,3,0
[2 47 10],4,1,5,0
[2 47 18],1,0,1,0
[2 48 10],6,3,9,0
[2 48 30],1,0,1,0
[2 50 10],3,5,8,0
[2 50 15],1,0,1,0
[2 50 32],1,0,1,0
[2 54 0],1,1,2,0
[2 56 10],5,0,5,0
[2 59 3],1,0,1,0
[2 59 10],2,0,2,0
[2 59 28],1,0,1,0
[2 68 3],1,0,1,0
[2 68 10],1,0,1,0
[2 69 23],1,0,1,0
[2 70 3],1,0,1,0
[2 75 10],1,0,1,0
[2 76 28],1,0,1,0
[2 82 18],1,0,1,0
[2 83 10],1,0,1,0
[2 84 10],1,0,1,0
[2 94 10],2,0,2,0
[2 97 0],8,0,8,0
[2 97 3],21,5,26,0
[2 97 9],2,3,5,0
[2 97 10],8,2,10,0
[2 97 14],1,0,1,0
[2 97 18],6,3,9,0
[2 97 24],7,2,9,0
[2 97 26],2,0,2,0
[2 97 28],7,1,8,0
[2 97 31],1,0,1,0
[2 97 32],2,0,2,0
[2 97 33],1,0,1,0
[2 97 43],1,0,1,0
[2 97 48],2,0,2,0
[3 0 2],1,0,1,0
[3 0 3],5,1,6,0
[3 0 10],11,0,11,0
[3 0 14],2,0,2,0
[3 0 18],6,1,7,0
[3 0 24],1,1,2,0
[3 0 32],2,0,2,0
[3 0 33],1,0,1,0
[3 0 36],2,0,2,0
[3 1 14],2,0,2,0
[3 1 15],10,2,12,0
[3 1 23],6,0,6,0
[3 1 29],5,0,5,0
[3 2 3],3,3,6,0
[3 2 7],1,1,2,0
[3 2 14],24,6,30,0
[3 2 18],1,1,2,0
[3 2 24],1,0,1,0
[3 2 28],2,0,2,0
[3 2 40],1,0,1,0
[3 3 3],13,0,13,0
[3 3 7],2,0,2,0
[3 3 10],7,7,14,0
[3 3 14],2,1,3,0
[3 3 18],1,0,1,0
[3 3 24],1,0,1,0
[3 3 28],2,0,2,0
[3 3 32],2,0,2,0
[3 3 33],1,0,1,0
[3 4 3],6,0,6,0
[3 4 10],4,1,5,0
[3 4 14],4,1,5,0
[3 4 18],2,0,2,0
[3 4 24],3,0,3,0
[3 4 32],1,0,1,0
[3 4 33],2,0,2,0
[3 8 3],7,2,9,0
[3 8 7],2,1,3,0
[3 8 10],6,2,8,0
[3 8 14],5,1,6,0
[3 8 18],6,3,9,0
[3 8 24],1,0,1,0
[3 8 28],1,0,1,0
[3 8 32],1,0,1,0
[3 8 33],3,1,4,0
[3 11 3],2,1,3,0
[3 11 7],1,0,1,0
[3 11 10],3,0,3,0
[3 11 14],3,0,3,0
[3 11 15],2,0,2,0
[3 11 18],1,0,1,0
[3 11 24],1,0,1,0
[3 11 28],1,0,1,0
[3 12 2],1,0,1,0
[3 12 56],2,0,2,0
[3 14 10],2,1,3,0
[3 14 14],2,1,3,0
[3 14 28],1,0,1,0
[3 15 0],3,0,3,0
[3 15 3],1,1,2,0
[3 15 7],2,0,2,0
[3 15 9],2,0,2,0
[3 15 10],1,0,1,0
[3 15 18],1,0,1,0
[3 15 22],1,0,1,0
[3 15 24],2,0,2,0
[3 15 54],1,0,1,0
[3 17 0],19,5,24,0
[3 17 9],3,0,3,0
[3 17 18],1,0,1,0
[3 17 22],1,0,1,0
[3 17 24],1,0,1,0
[3 17 26],3,0,3,0
[3 17 54],1,0,1,0
[3 18 3],1,0,1,0
[3 18 7],1,0,1,0
[3 18 10],1,0,1,0
[3 18 47],1,0,1,0
[3 21 2],40,5,45,0
[3 21 9],1,0,1,0
[3 21 18],1,0,1,0
[3 21 30],1,0,1,0
[3 21 36],1,0,1,0
[3 22 10],1,1,2,0
[3 23 2],3,1,4,0
[3 24 10],1,0,1,0
[3 24 14],1,0,1,0
[3 24 18],1,0,1,0
[3 26 10],1,0,1,0
[3 34 10],1,0,1,0
[3 34 32],1,0,1,0
[3 40 2],2,0,2,0
[3 42 0],1,0,1,0
[3 42 14],1,0,1,0
[3 42 24],2,0,2,0
[3 44 3],1,0,1,0
[3 44 10],2,0,2,0
[3 44 14],3,0,3,0
[3 44 15],1,0,1,0
[3 44 18],2,0,2,0
[3 44 23],1,0,1,0
[3 44 24],1,0,1,0
[3 44 32],1,0,1,0
[3 45 2],1,0,1,0
[3 45 15],1,0,1,0
[3 48 3],1,0,1,0
[3 48 14],1,0,1,0
[3 50 3],1,0,1,0
[3 50 7],1,0,1,0
[3 50 14],1,0,1,0
[3 50 15],1,1,2,0
[3 50 18],3,0,3,0
[3 50 23],2,0,2,0
[3 50 29],1,0,1,0
[3 55 49],1,0,1,0
[3 56 3],1,0,1,0
[3 56 10],3,0,3,0
[3 56 14],1,0,1,0
[3 67 2],1,0,1,0
[3 68 10],1,0,1,0
[3 69 23],1,0,1,0
[3 82 3],1,0,1,0
[3 83 10],1,0,1,0
[3 83 24],1,0,1,0
[3 89 10],1,0,1,0
[3 91 3],1,0,1,0
[3 91 10],1,0,1,0
[3 94 33],1,0,1,0
[3 97 0],57,12,69,0
[3 97 3],3,1,4,0
[3 97 9],8,1,9,0
[3 97 22],1,1,2,0
[3 97 24],2,0,2,0
[3 97 26],1,1,2,0
[3 97 28],1,0,1,0
[3 97 54],3,0,3,0
[3 98 0],1,0,1,0
[3 98 2],1,0,1,0
[4 0 2],2,2,4,0
[4 0 3],6,2,8,0
[4 0 7],1,0,1,0
[4 0 10],15,2,17,0
[4 0 11],1,0,1,0
[4 0 14],7,0,7,0
[4 0 16],1,0,1,0
[4 0 18],13,1,14,0
[4 0 24],4,0,4,0
[4 0 28],2,0,2,0
[4 0 30],1,1,2,0
[4 0 32],2,0,2,0
[4 0 33],1,0,1,0
[4 0 36],1,0,1,0
[4 1 14],1,0,1,0
[4 1 15],17,5,22,0
[4 1 23],16,1,17,0
[4 1 29],3,0,3,0
[4 2 3],15,1,16,0
[4 2 7],1,0,1,0
[4 2 14],27,8,35,0
[4 2 18],3,1,4,0
[4 2 24],6,0,6,0
[4 2 28],1,0,1,0
[4 2 32],1,1,2,0
[4 2 48],1,0,1,0
[4 3 3],6,0,6,0
[4 3 10],5,1,6,0
[4 3 14],1,0,1,0
[4 3 18],4,0,4,0
[4 3 28],1,0,1,0
[4 3 32],2,0,2,0
[4 3 33],1,0,1,0
[4 4 3],13,10,23,0
[4 4 10],23,4,27,0
[4 4 14],10,3,13,0
[4 4 18],8,1,9,0
[4 4 24],3,2,5,0
[4 4 28],2,0,2,0
[4 4 32],1,1,2,0
[4 4 33],2,1,3,0
[4 6 18],1,0,1,0
[4 8 3],9,3,12,0
[4 8 10],16,6,22,0
[4 8 14],13,6,19,0
[4 8 18],5,5,10,0
[4 8 24],1,5,6,0
[4 8 28],1,0,1,0
[4 8 32],3,1,4,0
[4 8 33],2,1,3,0
[4 8 47],2,0,2,0
[4 11 3],2,0,2,0
[4 11 10],2,1,3,0
[4 11 14],1,1,2,0
[4 11 15],1,2,3,0
[4 11 18],1,0,1,0
[4 11 32],1,1,2,0
[4 12 10],1,0,1,0
[4 14 3],2,1,3,0
[4 14 10],1,0,1,0
[4 14 14],5,3,8,0
[4 15 7],2,0,2,0
[4 15 18],1,0,1,0
[4 15 24],1,0,1,0
[4 17 0],64,17,81,0
[4 17 9],4,3,7,0
[4 17 22],1,1,2,0
[4 17 26],2,3,5,0
[4 17 28],1,0,1,0
[4 17 31],1,0,1,0
[4 17 40],1,0,1,0
[4 17 51],3,1,4,0
[4 18 10],1,0,1,0
[4 18 33],1,0,1,0
[4 21 0],1,0,1,0
[4 21 2],51,13,64,0
[4 21 9],1,2,3,0
[4 21 30],1,0,1,0
[4 21 31],2,0,2,0
[4 23 2],6,0,6,0
[4 24 2],1,0,1,0
[4 24 3],1,1,2,0
[4 24 18],3,0,3,0
[4 32 10],1,0,1,0
[4 38 14],1,0,1,0
[4 43 10],2,0,2,0
[4 44 10],1,0,1,0
[4 45 23],1,0,1,0
[4 47 18],1,0,1,0
[4 47 23],2,0,2,0
[4 48 3],1,0,1,0
[4 48 18],2,0,2,0
[4 56 3],4,0,4,0
[4 56 9],1,0,1,0
[4 56 10],3,1,4,0
[4 56 14],1,0,1,0
[4 56 18],3,0,3,0
[4 59 10],1,0,1,0
[4 59 14],1,0,1,0
[4 59 18],1,0,1,0
[4 59 24],1,0,1,0
[4 61 2],1,0,1,0
[4 67 15],1,0,1,0
[4 78 10],1,0,1,0
[4 82 10],1,0,1,0
[4 82 18],1,0,1,0
[4 83 10],1,1,2,0
[4 83 18],1,0,1,0
[4 83 32],1,0,1,0
[4 89 3],1,0,1,0
[4 96 2],1,0,1,0
[4 97 0],112,27,139,0
[4 97 3],7,4,11,0
[4 97 9],11,1,12,0
[4 97 18],7,1,8,0
[4 97 22],6,2,8,0
[4 97 24],1,0,1,0
[4 97 26],4,1,5,0
[4 97 28],4,0,4,0
[4 97 31],2,0,2,0
[4 97 48],1,0,1,0
[4 97 51],2,1,3,0
[4 97 54],1,0,1,0
[5 0 2],1,0,1,0
[5 0 3],10,2,12,0
[5 0 10],14,2,16,0
[5 0 14],12,4,16,0
[5 0 15],1,2,3,0
[5 0 18],5,4,9,0
[5 0 24],3,1,4,0
[5 0 28],6,0,6,0
[5 0 32],1,0,1,0
[5 0 33],1,0,1,0
[5 3 0],1,0,1,0
[5 4 10],1,0,1,0
[5 5 3],1,0,1,0
[5 5 10],1,0,1,0
[5 5 14],1,0,1,0
[5 6 18],2,0,2,0
[5 7 2],2,3,5,0
[5 7 3],8,6,14,0
[5 7 9],1,0,1,0
[5 7 18],3,2,5,0
[5 7 24],9,0,9,0
[5 7 28],1,0,1,0
[5 9 3],1,0,1,0
[5 9 24],1,0,1,0
[5 10 2],9,1,10,0
[5 10 15],11,0,11,0
[5 10 23],3,0,3,0
[5 10 29],4,0,4,0
[5 11 14],1,0,1,0
[5 12 3],1,0,1,0
[5 12 14],1,0,1,0
[5 14 14],1,0,1,0
[5 15 0],1,0,1,0
[5 15 31],1,0,1,0
[5 20 2],3,2,5,0
[5 20 3],1,0,1,0
[5 20 14],1,0,1,0
[5 20 15],3,1,4,0
[5 20 18],2,0,2,0
[5 20 23],3,1,4,0
[5 20 27],1,0,1,0
[5 20 28],1,0,1,0
[5 20 29],1,2,3,0
[5 22 2],1,1,2,0
[5 22 3],1,0,1,0
[5 22 15],5,1,6,0
[5 22 29],2,0,2,0
[5 23 0],1,0,1,0
[5 23 2],6,0,6,0
[5 23 15],9,2,11,0
[5 23 18],1,0,1,0
[5 23 23],3,0,3,0
[5 23 29],3,1,4,0
[5 24 29],1,0,1,0
[5 25 29],1,0,1,0
[5 26 2],1,0,1,0
[5 26 9],1,0,1,0
[5 26 15],2,0,2,0
[5 26 26],1,0,1,0
[5 28 2],4,2,6,0
[5 28 15],13,2,15,0
[5 28 18],2,0,2,0
[5 28 23],6,0,6,0
[5 28 29],9,2,11,0
[5 29 10],1,0,1,0
[5 29 48],1,0,1,0
[5 30 14],1,0,1,0
[5 32 9],1,0,1,0
[5 32 18],1,0,1,0
[5 35 2],3,2,5,0
[5 35 15],9,0,9,0
[5 35 18],1,0,1,0
[5 35 23],3,1,4,0
[5 35 29],1,0,1,0
[5 37 3],2,0,2,0
[5 37 47],1,0,1,0
[5 38 2],3,0,3,0
[5 38 23],1,0,1,0
[5 38 29],1,0,1,0
[5 40 3],3,1,4,0
[5 40 18],1,0,1,0
[5 40 24],1,0,1,0
[5 40 28],2,1,3,0
[5 41 9],1,0,1,0
[5 41 14],1,0,1,0
[5 44 28],1,0,1,0
[5 49 2],1,0,1,0
[5 49 15],2,0,2,0
[5 49 23],1,0,1,0
[5 51 3],9,4,13,0
[5 51 14],12,5,17,0
[5 51 18],5,4,9,0
[5 51 28],1,0,1,0
[5 52 2],2,0,2,0
[5 52 15],9,0,9,0
[5 52 23],2,1,3,0
[5 52 29],1,0,1,0
[5 53 3],1,0,1,0
[5 55 2],1,0,1,0
[5 56 3],1,0,1,0
[5 59 23],1,0,1,0
[5 61 2],1,0,1,0
[5 61 3],1,0,1,0
[5 61 29],1,0,1,0
[5 63 2],2,0,2,0
[5 63 15],1,1,2,0
[5 63 18],1,0,1,0
[5 65 18],1,0,1,0
[5 65 28],1,0,1,0
[5 66 2],2,1,3,0
[5 67 2],3,1,4,0
[5 67 9],1,0,1,0
[5 67 14],1,0,1,0
[5 67 18],1,0,1,0
[5 67 23],1,0,1,0
[5 67 26],1,0,1,0
[5 71 2],1,0,1,0
[5 71 36],1,0,1,0
[5 72 2],1,0,1,0
[5 72 14],1,0,1,0
[5 72 15],2,0,2,0
[5 73 2],2,0,2,0
[5 73 15],1,0,1,0
[5 74 2],2,1,3,0
[5 74 15],3,0,3,0
[5 74 23],3,0,3,0
[5 74 29],2,0,2,0
[5 74 49],1,0,1,0
[5 75 14],1,1,2,0
[5 78 2],2,1,3,0
[5 78 23],1,0,1,0
[5 80 15],1,0,1,0
[5 84 2],1,0,1,0
[5 84 3],1,0,1,0
[5 97 0],5,0,5,0
[5 97 3],2,0,2,0
[5 97 9],1,0,1,0
[6 0 0],266,60,326,0
[6 0 10],3,0,3,0
[6 0 14],3,0,3,0
[6 0 18],5,0,5,0
[6 0 26],3,1,4,0
[6 0 30],3,0,3,0
[6 1 15],3,1,4,0
[6 1 23],2,0,2,0
[6 2 3],1,0,1,0
[6 5 0],1,0,1,0
[6 5 3],1,0,1,0
[6 5 9],1,0,1,0
[6 5 18],1,0,1,0
[6 6 3],1,0,1,0
[6 6 9],1,0,1,0
[6 6 10],3,0,3,0
[6 6 14],2,0,2,0
[6 6 15],2,0,2,0
[6 6 18],1,1,2,0
[6 6 23],1,0,1,0
[6 6 24],1,0,1,0
[6 6 26],2,0,2,0
[6 6 28],2,0,2,0
[6 6 33],2,0,2,0
[6 7 0],2,1,3,0
[6 7 14],1,0,1,0
[6 9 18],1,0,1,0
[6 10 18],1,1,2,0
[6 10 23],1,0,1,0
[6 13 15],2,0,2,0
[6 13 23],2,1,3,0
[6 13 33],1,0,1,0
[6 16 9],31,5,36,0
[6 16 15],1,0,1,0
[6 16 18],1,0,1,0
[6 16 26],6,2,8,0
[6 16 46],2,1,3,0
[6 19 15],6,0,6,0
[6 19 29],4,0,4,0
[6 19 43],1,0,1,0
[6 21 26],1,0,1,0
[6 22 14],1,0,1,0
[6 22 15],1,0,1,0
[6 22 18],1,0,1,0
[6 26 10],1,0,1,0
[6 31 0],1,0,1,0
[6 32 0],2,0,2,0
[6 32 9],1,0,1,0
[6 32 14],1,0,1,0
[6 33 9],7,0,7,0
[6 33 26],2,1,3,0
[6 36 10],1,0,1,0
[6 36 23],1,1,2,0
[6 41 0],1,0,1,0
[6 44 3],1,0,1,0
[6 45 15],1,0,1,0
[6 58 9],18,5,23,0
[6 58 18],1,0,1,0
[6 58 26],4,3,7,0
[6 60 9],11,0,11,0
[6 60 22],1,0,1,0
[6 60 26],2,1,3,0
[6 61 3],1,0,1,0
[6 62 23],1,0,1,0
[6 62 27],1,0,1,0
[6 67 9],1,0,1,0
[6 84 15],1,0,1,0
[6 86 0],1,1,2,0
[6 88 2],1,0,1,0
[6 88 15],3,2,5,0
[6 97 9],2,0,2,0
[6 98 14],1,0,1,0
[7 0 3],4,5,9,0
[7 0 10],21,9,30,0
[7 0 14],6,2,8,0
[7 0 15],15,4,19,0
[7 0 18],3,0,3,0
[7 0 23],3,0,3,0
[7 0 24],2,0,2,0
[7 0 27],1,0,1,0
[7 0 28],4,0,4,0
[7 0 29],13,2,15,0
[7 0 32],1,0,1,0
[7 0 36],1,0,1,0
[7 1 15],2,0,2,0
[7 1 23],2,0,2,0
[7 2 14],2,0,2,0
[7 2 18],1,0,1,0
[7 5 3],40,9,49,0
[7 5 10],12,5,17,0
[7 5 14],8,3,11,0
[7 5 15],12,0,12,0
[7 5 18],10,2,12,0
[7 5 24],18,4,22,0
[7 5 28],4,1,5,0
[7 5 32],1,0,1,0
[7 5 40],7,8,15,0
[7 5 43],1,0,1,0
[7 7 3],4,6,10,0
[7 7 10],1,0,1,0
[7 7 14],1,0,1,0
[7 7 18],2,1,3,0
[7 7 24],3,1,4,0
[7 7 28],7,2,9,0
[7 8 14],1,1,2,0
[7 10 9],1,0,1,0
[7 10 18],1,0,1,0
[7 11 3],1,0,1,0
[7 11 14],1,0,1,0
[7 11 24],1,0,1,0
[7 12 0],2,0,2,0
[7 15 0],4,1,5,0
[7 15 22],1,0,1,0
[7 19 15],1,0,1,0
[7 20 3],1,1,2,0
[7 20 10],1,0,1,0
[7 20 14],1,2,3,0
[7 20 18],1,0,1,0
[7 20 60],1,0,1,0
[7 22 3],2,1,3,0
[7 22 15],4,0,4,0
[7 22 28],1,0,1,0
[7 24 9],1,0,1,0
[7 24 18],1,0,1,0
[7 24 33],1,0,1,0
[7 25 2],1,0,1,0
[7 25 14],1,0,1,0
[7 26 2],2,0,2,0
[7 26 18],1,0,1,0
[7 28 3],1,0,1,0
[7 28 10],2,1,3,0
[7 28 32],2,0,2,0
[7 29 0],1,0,1,0
[7 29 3],4,1,5,0
[7 29 9],1,0,1,0
[7 29 10],2,1,3,0
[7 29 14],9,4,13,0
[7 29 15],3,2,5,0
[7 29 18],5,1,6,0
[7 29 28],3,0,3,0
[7 29 30],1,0,1,0
[7 29 32],2,0,2,0
[7 29 33],1,0,1,0
[7 29 40],4,0,4,0
[7 30 3],1,0,1,0
[7 30 14],1,0,1,0
[7 31 3],2,0,2,0
[7 31 10],1,0,1,0
[7 31 45],1,0,1,0
[7 32 3],1,0,1,0
[7 32 18],2,0,2,0
[7 32 28],2,0,2,0
[7 35 15],1,0,1,0
[7 35 29],1,0,1,0
[7 38 3],2,0,2,0
[7 38 10],1,0,1,0
[7 38 14],1,0,1,0
[7 38 15],2,0,2,0
[7 38 18],1,0,1,0
[7 38 33],1,0,1,0
[7 40 3],1,0,1,0
[7 40 10],1,0,1,0
[7 40 18],2,0,2,0
[7 40 24],2,0,2,0
[7 40 28],1,0,1,0
[7 40 29],1,0,1,0
[7 40 33],1,0,1,0
[7 41 10],1,0,1,0
[7 44 15],1,0,1,0
[7 44 29],2,0,2,0
[7 49 14],1,0,1,0
[7 51 3],3,0,3,0
[7 51 10],2,0,2,0
[7 51 18],2,1,3,0
[7 51 24],1,1,2,0
[7 51 28],2,1,3,0
[7 52 14],1,0,1,0
[7 54 3],1,0,1,0
[7 54 18],1,0,1,0
[7 54 24],1,0,1,0
[7 61 18],1,0,1,0
[7 61 32],1,0,1,0
[7 65 2],2,2,4,0
[7 65 29],1,0,1,0
[7 70 0],3,0,3,0
[7 71 10],1,0,1,0
[7 71 18],1,0,1,0
[7 73 32],1,0,1,0
[7 74 3],1,1,2,0
[7 75 3],3,0,3,0
[7 75 32],1,0,1,0
[7 85 10],1,0,1,0
[7 86 49],1,0,1,0
[7 97 0],7,0,7,0
[7 97 9],2,0,2,0
[7 97 22],1,0,1,0
[7 99 9],1,0,1,0
[8 0 2],2,2,4,0
[8 0 3],11,2,13,0
[8 0 10],25,12,37,0
[8 0 14],3,2,5,0
[8 0 18],7,0,7,0
[8 0 23],1,0,1,0
[8 0 24],2,1,3,0
[8 0 28],1,0,1,0
[8 0 32],4,1,5,0
[8 0 33],2,0,2,0
[8 0 51],1,0,1,0
[8 1 15],13,7,20,0
[8 1 23],14,4,18,0
[8 1 29],7,1,8,0
[8 1 45],1,0,1,0
[8 2 3],9,2,11,0
[8 2 7],2,2,4,0
[8 2 10],3,0,3,0
[8 2 14],32,9,41,0
[8 2 18],8,4,12,0
[8 2 23],1,0,1,0
[8 2 24],3,1,4,0
[8 2 28],1,0,1,0
[8 2 63],1,0,1,0
[8 3 3],5,3,8,0
[8 3 7],2,1,3,0
[8 3 10],12,5,17,0
[8 3 14],3,2,5,0
[8 3 18],10,2,12,0
[8 3 24],5,1,6,0
[8 3 28],1,0,1,0
[8 3 32],1,0,1,0
[8 3 33],2,0,2,0
[8 4 3],14,6,20,0
[8 4 7],1,1,2,0
[8 4 10],30,9,39,0
[8 4 14],13,4,17,0
[8 4 18],4,5,9,0
[8 4 24],7,3,10,0
[8 4 28],2,0,2,0
[8 4 32],5,1,6,0
[8 4 33],5,0,5,0
[8 4 47],2,0,2,0
[8 5 10],1,0,1,0
[8 7 10],1,0,1,0
[8 8 3],19,7,26,0
[8 8 10],42,10,52,0
[8 8 13],1,0,1,0
[8 8 14],27,8,35,0
[8 8 18],11,1,12,0
[8 8 24],6,1,7,0
[8 8 28],3,0,3,0
[8 8 32],2,1,3,0
[8 8 33],2,1,3,0
[8 8 65],2,0,2,0
[8 9 3],1,1,2,0
[8 9 10],2,0,2,0
[8 9 14],1,1,2,0
[8 9 18],2,0,2,0
[8 9 33],1,0,1,0
[8 11 3],6,0,6,0
[8 11 10],2,1,3,0
[8 11 14],4,0,4,0
[8 11 18],1,1,2,0
[8 11 24],3,1,4,0
[8 11 28],2,0,2,0
[8 11 32],2,1,3,0
[8 12 10],1,0,1,0
[8 12 18],3,0,3,0
[8 14 3],1,0,1,0
[8 14 14],1,0,1,0
[8 14 18],2,0,2,0
[8 15 0],3,2,5,0
[8 15 3],1,0,1,0
[8 15 10],3,0,3,0
[8 15 14],1,0,1,0
[8 15 26],1,0,1,0
[8 15 28],2,0,2,0
[8 17 0],80,28,108,0
[8 17 9],5,3,8,0
[8 17 22],2,1,3,0
[8 17 26],2,0,2,0
[8 17 51],1,0,1,0
[8 17 54],1,0,1,0
[8 18 3],4,0,4,0
[8 18 7],3,0,3,0
[8 18 10],8,2,10,0
[8 18 14],1,0,1,0
[8 18 18],1,0,1,0
[8 18 24],1,0,1,0
[8 18 47],1,0,1,0
[8 20 15],1,0,1,0
[8 21 0],1,0,1,0
[8 21 2],56,16,72,0
[8 22 33],1,0,1,0
[8 23 0],1,0,1,0
[8 23 2],4,2,6,0
[8 24 3],6,1,7,0
[8 24 10],3,0,3,0
[8 24 18],1,0,1,0
[8 25 10],1,1,2,0
[8 25 23],1,0,1,0
[8 26 3],2,0,2,0
[8 32 10],1,1,2,0
[8 34 32],1,0,1,0
[8 41 2],1,0,1,0
[8 41 10],1,1,2,0
[8 42 14],1,0,1,0
[8 43 3],1,1,2,0
[8 43 10],1,0,1,0
[8 43 32],1,0,1,0
[8 44 3],1,0,1,0
[8 44 10],1,0,1,0
[8 44 14],2,0,2,0
[8 44 18],1,0,1,0
[8 44 29],1,0,1,0
[8 44 32],1,0,1,0
[8 45 2],1,0,1,0
[8 47 14],1,0,1,0
[8 47 15],1,1,2,0
[8 47 23],1,0,1,0
[8 48 3],2,0,2,0
[8 48 10],2,0,2,0
[8 48 28],1,0,1,0
[8 49 14],1,0,1,0
[8 50 10],1,0,1,0
[8 52 0],1,0,1,0
[8 56 3],2,0,2,0
[8 56 10],6,3,9,0
[8 56 14],6,2,8,0
[8 56 18],4,2,6,0
[8 56 24],1,0,1,0
[8 56 32],2,1,3,0
[8 59 10],1,2,3,0
[8 68 10],3,0,3,0
[8 68 24],1,0,1,0
[8 70 0],1,1,2,0
[8 74 28],1,0,1,0
[8 76 10],1,0,1,0
[8 76 33],1,0,1,0
[8 83 3],1,0,1,0
[8 85 10],1,0,1,0
[8 86 2],1,0,1,0
[8 86 31],1,0,1,0
[8 91 7],2,0,2,0
[8 91 10],3,2,5,0
[8 97 0],147,38,185,0
[8 97 3],5,2,7,0
[8 97 7],1,0,1,0
[8 97 9],16,2,18,0
[8 97 18],1,3,4,0
[8 97 22],9,0,9,0
[8 97 24],5,1,6,0
[8 97 26],4,0,4,0
[8 97 28],3,0,3,0
[8 97 31],1,0,1,0
[8 97 33],2,0,2,0
[8 97 51],1,0,1,0
[8 97 54],6,0,6,0
[9 0 2],3,0,3,0
[9 0 3],2,2,4,0
[9 0 10],1,0,1,0
[9 0 18],3,0,3,0
[9 0 28],3,0,3,0
[9 0 32],1,0,1,0
[9 0 33],1,1,2,0
[9 0 36],2,0,2,0
[9 1 14],4,1,5,0
[9 1 15],13,7,20,0
[9 1 18],1,0,1,0
[9 1 23],13,3,16,0
[9 1 29],6,0,6,0
[9 1 45],1,0,1,0
[9 2 3],3,3,6,0
[9 2 14],8,1,9,0
[9 2 24],4,0,4,0
[9 2 28],1,0,1,0
[9 2 32],1,0,1,0
[9 4 10],2,0,2,0
[9 5 24],1,0,1,0
[9 6 18],1,0,1,0
[9 8 10],1,0,1,0
[9 8 32],1,0,1,0
[9 9 3],9,3,12,0
[9 9 10],2,2,4,0
[9 9 14],2,0,2,0
[9 9 18],3,0,3,0
[9 9 24],3,0,3,0
[9 9 29],1,0,1,0
[9 9 56],1,0,1,0
[9 10 18],1,0,1,0
[9 11 10],1,0,1,0
[9 11 18],1,0,1,0
[9 11 32],1,0,1,0
[9 14 3],4,0,4,0
[9 14 10],1,0,1,0
[9 14 14],1,0,1,0
[9 14 23],1,1,2,0
[9 14 24],2,2,4,0
[9 14 32],1,0,1,0
[9 14 33],2,0,2,0
[9 15 9],1,1,2,0
[9 16 18],1,0,1,0
[9 17 0],1,0,1,0
[9 17 3],2,0,2,0
[9 17 26],1,0,1,0
[9 24 18],1,0,1,0
[9 25 14],1,0,1,0
[9 25 18],1,0,1,0
[9 25 23],1,0,1,0
[9 25 28],1,0,1,0
[9 32 7],1,0,1,0
[9 32 10],1,0,1,0
[9 32 24],1,0,1,0
[9 32 32],1,0,1,0
[9 33 18],1,0,1,0
[9 34 18],1,0,1,0
[9 42 14],1,1,2,0
[9 47 15],1,0,1,0
[9 47 33],1,0,1,0
[9 54 0],1,0,1,0
[9 59 18],1,0,1,0
[9 89 36],1,0,1,0
[9 94 2],1,0,1,0
[9 96 2],1,0,1,0
[9 97 0],3,0,3,0
[9 97 9],5,1,6,0
[9 97 18],1,0,1,0
[9 97 24],1,0,1,0
[9 97 26],1,0,1,0
[10 0 0],94,34,128,0
[10 0 10],1,0,1,0
[10 0 14],5,2,7,0
[10 0 18],6,3,9,0
[10 0 23],1,0,1,0
[10 0 24],1,0,1,0
[10 0 26],1,0,1,0
[10 0 30],3,0,3,0
[10 0 32],1,0,1,0
[10 1 23],1,1,2,0
[10 5 0],76,26,102,0
[10 5 9],3,1,4,0
[10 5 10],1,0,1,0
[10 5 14],1,0,1,0
[10 5 26],1,0,1,0
[10 5 31],2,1,3,0
[10 6 0],1,0,1,0
[10 6 9],4,1,5,0
[10 6 18],1,2,3,0
[10 7 14],1,0,1,0
[10 9 18],1,0,1,0
[10 10 2],2,0,2,0
[10 10 3],2,3,5,0
[10 10 24],3,0,3,0
[10 10 28],4,1,5,0
[10 13 15],1,0,1,0
[10 13 18],1,1,2,0
[10 13 23],3,2,5,0
[10 16 9],1,0,1,0
[10 19 9],1,1,2,0
[10 20 18],1,0,1,0
[10 22 32],1,0,1,0
[10 23 0],1,0,1,0
[10 23 3],2,2,4,0
[10 23 10],4,2,6,0
[10 23 14],2,1,3,0
[10 23 18],2,0,2,0
[10 23 24],1,1,2,0
[10 23 28],3,0,3,0
[10 26 3],1,0,1,0
[10 28 3],3,0,3,0
[10 28 10],1,0,1,0
[10 28 18],1,0,1,0
[10 28 23],1,0,1,0
[10 28 32],1,0,1,0
[10 29 0],6,5,11,0
[10 30 0],2,0,2,0
[10 30 15],1,0,1,0
[10 30 22],1,0,1,0
[10 30 42],1,0,1,0
[10 31 0],6,1,7,0
[10 31 9],1,0,1,0
[10 32 9],1,0,1,0
[10 35 3],4,0,4,0
[10 35 14],1,0,1,0
[10 35 18],2,2,4,0
[10 35 24],1,0,1,0
[10 35 33],1,1,2,0
[10 36 23],1,0,1,0
[10 37 3],1,0,1,0
[10 37 32],1,0,1,0
[10 40 18],1,0,1,0
[10 40 28],1,0,1,0
[10 49 3],1,0,1,0
[10 52 3],2,0,2,0
[10 53 3],1,0,1,0
[10 54 0],3,0,3,0
[10 54 9],1,0,1,0
[10 54 28],1,0,1,0
[10 57 22],6,0,6,0
[10 63 3],1,0,1,0
[10 63 28],1,0,1,0
[10 64 3],2,0,2,0
[10 64 24],1,0,1,0
[10 65 18],1,0,1,0
[10 66 3],1,0,1,0
[10 66 26],1,0,1,0
[10 72 2],1,0,1,0
[10 74 3],1,0,1,0
[10 76 9],1,0,1,0
[10 81 28],1,0,1,0
[10 84 3],1,0,1,0
[10 88 9],2,0,2,0
[10 90 24],1,0,1,0
[10 95 9],1,0,1,0
[10 96 0],19,3,22,0
[10 96 14],1,0,1,0
[10 96 34],1,0,1,0
[10 97 9],1,0,1,0
[11 0 3],12,2,14,0
[11 0 9],8,0,8,0
[11 0 10],49,6,55,0
[11 0 14],4,0,4,0
[11 0 18],4,0,4,0
[11 0 24],8,0,8,0
[11 0 26],2,0,2,0
[11 0 32],1,1,2,0
[11 0 33],2,0,2,0
[11 0 42],1,0,1,0
[11 0 48],1,0,1,0
[11 0 52],2,0,2,0
[11 1 14],9,1,10,0
[11 1 15],39,15,54,0
[11 1 23],14,2,16,0
[11 1 28],1,0,1,0
[11 1 29],3,1,4,0
[11 1 32],1,0,1,0
[11 1 45],2,0,2,0
[11 2 3],18,4,22,0
[11 2 9],1,0,1,0
[11 2 10],9,3,12,0
[11 2 14],42,10,52,0
[11 2 15],2,0,2,0
[11 2 18],6,1,7,0
[11 2 24],7,5,12,0
[11 2 28],4,0,4,0
[11 2 32],2,0,2,0
[11 2 52],2,0,2,0
[11 3 3],3,0,3,0
[11 3 9],2,0,2,0
[11 3 10],8,3,11,0
[11 3 14],1,0,1,0
[11 3 24],1,0,1,0
[11 3 26],3,0,3,0
[11 3 28],1,0,1,0
[11 4 3],3,0,3,0
[11 4 9],4,1,5,0
[11 4 10],12,6,18,0
[11 4 14],1,0,1,0
[11 4 26],1,0,1,0
[11 4 28],1,0,1,0
[11 4 32],2,0,2,0
[11 4 33],1,1,2,0
[11 5 0],1,0,1,0
[11 5 9],1,0,1,0
[11 5 10],3,0,3,0
[11 6 0],1,0,1,0
[11 7 10],1,0,1,0
[11 7 24],1,0,1,0
[11 8 3],4,1,5,0
[11 8 9],7,0,7,0
[11 8 10],11,2,13,0
[11 8 14],3,2,5,0
[11 8 18],2,0,2,0
[11 8 24],1,1,2,0
[11 8 28],1,0,1,0
[11 9 3],2,1,3,0
[11 9 10],10,2,12,0
[11 9 14],1,0,1,0
[11 9 18],2,1,3,0
[11 9 24],3,1,4,0
[11 11 3],14,5,19,0
[11 11 10],4,0,4,0
[11 11 14],2,0,2,0
[11 11 24],4,1,5,0
[11 11 32],1,0,1,0
[11 11 41],1,0,1,0
[11 12 9],1,0,1,0
[11 12 10],3,1,4,0
[11 12 14],1,0,1,0
[11 12 18],3,0,3,0
[11 12 24],1,0,1,0
[11 14 10],1,0,1,0
[11 15 0],14,6,20,0
[11 15 9],9,0,9,0
[11 15 14],1,0,1,0
[11 15 18],1,0,1,0
[11 15 22],3,0,3,0
[11 15 26],1,0,1,0
[11 15 31],1,0,1,0
[11 15 41],1,0,1,0
[11 17 3],5,0,5,0
[11 17 9],1,0,1,0
[11 17 10],1,0,1,0
[11 17 22],1,0,1,0
[11 17 26],1,0,1,0
[11 17 28],1,1,2,0
[11 18 9],1,0,1,0
[11 18 10],3,0,3,0
[11 20 3],1,0,1,0
[11 20 18],2,0,2,0
[11 20 32],1,0,1,0
[11 21 10],1,0,1,0
[11 22 9],1,0,1,0
[11 22 10],4,1,5,0
[11 22 14],1,0,1,0
[11 22 26],1,0,1,0
[11 24 10],1,1,2,0
[11 25 2],1,0,1,0
[11 25 3],1,0,1,0
[11 25 10],1,1,2,0
[11 25 23],2,0,2,0
[11 32 3],2,1,3,0
[11 32 10],4,1,5,0
[11 32 14],1,0,1,0
[11 32 24],1,0,1,0
[11 32 33],3,0,3,0
[11 32 48],1,0,1,0
[11 34 3],3,2,5,0
[11 34 10],1,0,1,0
[11 34 14],1,1,2,0
[11 34 18],1,0,1,0
[11 34 23],1,0,1,0
[11 36 10],1,0,1,0
[11 40 14],1,0,1,0
[11 42 0],6,2,8,0
[11 42 3],1,1,2,0
[11 42 14],1,0,1,0
[11 42 33],1,0,1,0
[11 43 10],2,1,3,0
[11 45 14],1,1,2,0
[11 46 10],1,0,1,0
[11 46 52],1,0,1,0
[11 47 10],3,0,3,0
[11 47 24],1,0,1,0
[11 48 9],1,1,2,0
[11 48 10],2,1,3,0
[11 49 3],1,0,1,0
[11 50 10],1,0,1,0
[11 50 14],1,0,1,0
[11 55 10],1,0,1,0
[11 55 18],1,0,1,0
[11 56 3],2,0,2,0
[11 56 9],2,0,2,0
[11 59 3],2,0,2,0
[11 59 10],1,1,2,0
[11 68 3],1,0,1,0
[11 68 9],1,0,1,0
[11 68 10],3,0,3,0
[11 68 52],1,0,1,0
[11 69 10],1,0,1,0
[11 69 15],1,0,1,0
[11 70 22],1,0,1,0
[11 72 10],1,0,1,0
[11 76 18],1,0,1,0
[11 78 2],1,0,1,0
[11 78 9],1,0,1,0
[11 78 22],4,2,6,0
[11 78 46],1,0,1,0
[11 82 10],1,1,2,0
[11 83 14],1,0,1,0
[11 86 3],1,0,1,0
[11 87 18],1,0,1,0
[11 87 52],1,0,1,0
[11 91 10],1,1,2,0
[11 97 0],20,5,25,0
[11 97 3],3,3,6,0
[11 97 9],17,2,19,0
[11 97 14],2,0,2,0
[11 97 18],2,2,4,0
[11 97 22],4,1,5,0
[11 97 24],5,1,6,0
[11 97 26],2,0,2,0
[11 97 28],1,2,3,0
[11 98 10],1,0,1,0
[12 0 2],3,1,4,0
[12 0 10],8,1,9,0
[12 0 15],2,0,2,0
[12 0 18],1,0,1,0
[12 0 30],1,0,1,0
[12 0 36],4,0,4,0
[12 1 14],1,1,2,0
[12 1 15],14,1,15,0
[12 1 23],10,2,12,0
[12 1 29],4,2,6,0
[12 2 3],6,0,6,0
[12 2 7],3,0,3,0
[12 2 10],2,0,2,0
[12 2 14],11,0,11,0
[12 2 18],4,0,4,0
[12 2 23],1,0,1,0
[12 2 24],1,0,1,0
[12 2 47],1,0,1,0
[12 3 0],1,0,1,0
[12 3 10],2,1,3,0
[12 8 10],1,0,1,0
[12 8 14],2,0,2,0
[12 9 32],1,0,1,0
[12 11 3],1,0,1,0
[12 11 10],2,0,2,0
[12 12 3],28,1,29,0
[12 12 10],11,3,14,0
[12 12 14],10,2,12,0
[12 12 18],4,0,4,0
[12 12 24],8,0,8,0
[12 12 32],4,0,4,0
[12 12 33],5,2,7,0
[12 12 48],1,0,1,0
[12 12 65],1,0,1,0
[12 14 10],1,0,1,0
[12 14 14],2,0,2,0
[12 14 18],1,0,1,0
[12 15 0],1,0,1,0
[12 20 0],2,0,2,0
[12 21 2],4,0,4,0
[12 21 3],1,0,1,0
[12 32 18],1,0,1,0
[12 42 0],3,0,3,0
[12 42 14],2,1,3,0
[12 42 18],1,0,1,0
[12 45 2],1,1,2,0
[12 45 10],1,0,1,0
[12 45 33],1,0,1,0
[12 61 10],1,0,1,0
[12 70 0],10,0,10,0
[12 82 14],1,0,1,0
[12 85 2],1,0,1,0
[12 94 2],2,1,3,0
[12 97 9],1,0,1,0
[12 98 10],1,0,1,0
[13 0 0],142,24,166,0
[13 0 9],13,2,15,0
[13 0 10],2,0,2,0
[13 0 14],1,0,1,0
[13 0 18],4,2,6,0
[13 0 26],2,2,4,0
[13 0 30],2,0,2,0
[13 0 31],3,1,4,0
[13 0 32],1,0,1,0
[13 0 42],4,1,5,0
[13 1 23],3,0,3,0
[13 5 0],3,1,4,0
[13 6 9],17,3,20,0
[13 6 26],1,1,2,0
[13 6 32],2,0,2,0
[13 6 33],1,0,1,0
[13 7 0],1,0,1,0
[13 10 9],9,0,9,0
[13 10 18],1,2,3,0
[13 10 26],1,0,1,0
[13 13 3],10,0,10,0
[13 13 9],2,0,2,0
[13 13 18],5,0,5,0
[13 13 24],2,0,2,0
[13 13 28],1,0,1,0
[13 13 29],1,0,1,0
[13 13 32],1,0,1,0
[13 16 9],5,1,6,0
[13 16 26],1,0,1,0
[13 19 9],4,1,5,0
[13 19 18],2,0,2,0
[13 19 26],3,0,3,0
[13 20 0],1,2,3,0
[13 20 15],1,0,1,0
[13 22 3],1,0,1,0
[13 22 9],1,0,1,0
[13 22 15],1,0,1,0
[13 23 9],1,0,1,0
[13 24 9],1,0,1,0
[13 33 9],1,0,1,0
[13 33 26],1,0,1,0
[13 33 32],1,0,1,0
[13 35 3],1,0,1,0
[13 35 18],1,0,1,0
[13 39 9],3,0,3,0
[13 39 26],2,0,2,0
[13 40 0],1,1,2,0
[13 43 9],2,0,2,0
[13 46 9],2,0,2,0
[13 49 3],1,0,1,0
[13 49 9],1,0,1,0
[13 51 14],1,0,1,0
[13 57 22],1,0,1,0
[13 58 9],1,0,1,0
[13 58 32],1,0,1,0
[13 60 18],1,0,1,0
[13 60 26],1,0,1,0
[13 62 9],4,0,4,0
[13 62 26],1,0,1,0
[13 62 28],1,0,1,0
[13 66 9],1,0,1,0
[13 77 9],2,0,2,0
[13 88 2],1,0,1,0
[13 88 3],1,0,1,0
[13 88 9],2,0,2,0
[13 97 9],2,0,2,0
[14 0 3],1,0,1,0
[14 0 9],2,0,2,0
[14 0 10],61,8,69,0
[14 0 14],1,0,1,0
[14 0 18],1,0,1,0
[14 0 32],1,1,2,0
[14 1 14],14,0,14,0
[14 1 15],26,12,38,0
[14 1 22],1,0,1,0
[14 1 23],19,2,21,0
[14 1 28],1,0,1,0
[14 1 29],4,1,5,0
[14 1 45],5,0,5,0
[14 2 3],7,1,8,0
[14 2 9],1,0,1,0
[14 2 10],19,6,25,0
[14 2 14],30,4,34,0
[14 2 18],2,0,2,0
[14 2 24],2,0,2,0
[14 2 28],2,0,2,0
[14 2 32],1,3,4,0
[14 2 33],1,0,1,0
[14 2 48],1,0,1,0
[14 2 52],1,0,1,0
[14 3 10],9,3,12,0
[14 3 26],1,0,1,0
[14 3 28],1,0,1,0
[14 4 3],1,0,1,0
[14 4 9],1,0,1,0
[14 4 10],7,2,9,0
[14 4 24],1,0,1,0
[14 4 26],1,0,1,0
[14 4 32],2,0,2,0
[14 5 10],1,0,1,0
[14 6 10],1,0,1,0
[14 7 10],1,0,1,0
[14 8 9],3,0,3,0
[14 8 10],4,3,7,0
[14 8 18],1,0,1,0
[14 9 3],5,0,5,0
[14 9 9],2,0,2,0
[14 9 10],15,3,18,0
[14 9 14],2,0,2,0
[14 9 15],1,0,1,0
[14 9 24],2,1,3,0
[14 9 28],1,0,1,0
[14 9 32],2,0,2,0
[14 9 33],1,0,1,0
[14 12 10],5,0,5,0
[14 12 14],1,0,1,0
[14 13 10],2,0,2,0
[14 14 48],1,0,1,0
[14 15 0],3,1,4,0
[14 15 3],1,0,1,0
[14 15 9],5,1,6,0
[14 15 10],8,1,9,0
[14 15 18],1,0,1,0
[14 15 22],1,0,1,0
[14 15 24],1,0,1,0
[14 15 31],3,0,3,0
[14 15 52],2,0,2,0
[14 17 0],1,0,1,0
[14 17 3],4,0,4,0
[14 17 10],1,0,1,0
[14 17 24],3,0,3,0
[14 18 9],1,0,1,0
[14 18 10],3,1,4,0
[14 19 10],1,0,1,0
[14 21 10],2,0,2,0
[14 22 9],1,0,1,0
[14 22 10],2,0,2,0
[14 24 10],2,0,2,0
[14 24 60],1,0,1,0
[14 32 10],2,0,2,0
[14 32 14],1,0,1,0
[14 34 10],4,0,4,0
[14 34 14],3,1,4,0
[14 34 15],2,0,2,0
[14 34 18],1,0,1,0
[14 34 28],1,0,1,0
[14 38 10],1,0,1,0
[14 39 18],1,0,1,0
[14 41 10],1,0,1,0
[14 42 0],9,2,11,0
[14 42 3],1,0,1,0
[14 42 14],8,3,11,0
[14 42 18],1,0,1,0
[14 42 23],3,0,3,0
[14 42 31],2,2,4,0
[14 42 42],1,0,1,0
[14 44 10],2,0,2,0
[14 46 10],1,0,1,0
[14 47 15],1,0,1,0
[14 48 10],3,1,4,0
[14 48 52],1,0,1,0
[14 50 10],2,0,2,0
[14 50 15],1,0,1,0
[14 56 10],1,0,1,0
[14 59 10],1,0,1,0
[14 61 10],1,0,1,0
[14 68 10],1,2,3,0
[14 69 10],2,0,2,0
[14 70 10],1,0,1,0
[14 79 10],1,0,1,0
[14 83 10],1,0,1,0
[14 87 9],1,0,1,0
[14 87 10],5,0,5,0
[14 87 52],3,0,3,0
[14 97 0],6,1,7,0
[14 97 3],1,2,3,0
[14 97 9],3,1,4,0
[14 97 10],1,1,2,0
[14 97 18],1,0,1,0
[14 97 24],2,1,3,0
[14 97 26],1,0,1,0
[14 97 28],1,0,1,0
[14 98 10],2,0,2,0
[15 0 3],1,0,1,0
[15 0 10],18,0,18,0
[15 0 14],1,0,1,0
[15 0 15],19,4,23,0
[15 0 18],2,0,2,0
[15 0 23],9,2,11,0
[15 0 29],5,0,5,0
[15 1 15],12,4,16,0
[15 1 23],7,0,7,0
[15 1 29],2,0,2,0
[15 2 14],9,1,10,0
[15 2 18],1,1,2,0
[15 2 23],1,0,1,0
[15 2 24],1,0,1,0
[15 2 48],1,0,1,0
[15 3 3],1,0,1,0
[15 3 15],3,0,3,0
[15 3 23],1,0,1,0
[15 4 3],1,0,1,0
[15 4 18],1,0,1,0
[15 4 24],1,0,1,0
[15 5 10],1,0,1,0
[15 5 15],1,0,1,0
[15 6 15],1,0,1,0
[15 6 23],1,0,1,0
[15 7 15],1,0,1,0
[15 8 3],1,0,1,0
[15 8 14],1,0,1,0
[15 8 15],1,0,1,0
[15 8 23],1,0,1,0
[15 8 24],1,0,1,0
[15 9 15],1,0,1,0
[15 9 18],1,0,1,0
[15 11 3],2,0,2,0
[15 11 10],2,0,2,0
[15 11 14],1,0,1,0
[15 11 15],5,2,7,0
[15 11 23],2,0,2,0
[15 12 15],2,0,2,0
[15 14 3],2,0,2,0
[15 14 14],1,0,1,0
[15 14 15],3,1,4,0
[15 14 18],1,0,1,0
[15 14 23],4,0,4,0
[15 15 2],1,0,1,0
[15 17 3],9,0,9,0
[15 17 18],1,0,1,0
[15 17 24],3,0,3,0
[15 17 33],1,0,1,0
[15 17 47],1,0,1,0
[15 18 10],2,0,2,0
[15 21 15],1,0,1,0
[15 22 15],1,0,1,0
[15 24 15],1,0,1,0
[15 24 23],2,0,2,0
[15 27 15],1,0,1,0
[15 32 10],6,2,8,0
[15 32 16],1,0,1,0
[15 32 18],1,0,1,0
[15 33 15],2,0,2,0
[15 34 29],1,0,1,0
[15 38 10],1,0,1,0
[15 41 10],1,0,1,0
[15 41 15],1,0,1,0
[15 42 0],4,1,5,0
[15 42 14],1,0,1,0
[15 48 14],1,0,1,0
[15 48 18],1,0,1,0
[15 48 22],1,0,1,0
[15 48 24],1,0,1,0
[15 50 3],1,1,2,0
[15 51 10],1,0,1,0
[15 57 23],1,0,1,0
[15 58 15],1,0,1,0
[15 59 15],3,1,4,0
[15 61 10],1,0,1,0
[15 68 23],1,0,1,0
[15 70 9],1,0,1,0
[15 74 22],2,0,2,0
[15 78 14],1,0,1,0
[15 85 10],1,0,1,0
[15 85 15],1,0,1,0
[15 85 29],1,0,1,0
[15 86 15],1,0,1,0
[15 86 23],1,0,1,0
[15 87 3],1,0,1,0
[15 87 29],1,0,1,0
[15 91 28],1,0,1,0
[15 91 29],1,0,1,0
[15 97 0],11,1,12,0
[15 97 3],12,3,15,0
[15 97 9],1,0,1,0
[15 97 18],2,1,3,0
[15 97 24],7,1,8,0
[15 97 28],3,0,3,0
[15 98 18],1,0,1,0
[16 0 0],119,17,136,0
[16 0 10],1,0,1,0
[16 0 18],5,1,6,0
[16 0 23],1,0,1,0
[16 0 30],1,0,1,0
[16 2 3],2,0,2,0
[16 6 15],2,0,2,0
[16 6 18],1,1,2,0
[16 6 23],14,1,15,0
[16 6 28],1,0,1,0
[16 6 29],5,0,5,0
[16 6 33],1,0,1,0
[16 8 14],1,0,1,0
[16 9 18],1,0,1,0
[16 10 23],1,0,1,0
[16 12 43],1,0,1,0
[16 13 15],2,0,2,0
[16 13 23],2,0,2,0
[16 16 3],1,0,1,0
[16 19 15],2,0,2,0
[16 19 23],8,1,9,0
[16 19 29],2,0,2,0
[16 22 15],1,0,1,0
[16 22 18],1,0,1,0
[16 27 9],2,2,4,0
[16 27 28],1,0,1,0
[16 27 31],1,0,1,0
[16 28 33],1,0,1,0
[16 29 3],1,0,1,0
[16 29 43],1,0,1,0
[16 33 9],6,0,6,0
[16 33 18],1,0,1,0
[16 33 26],2,0,2,0
[16 33 43],1,0,1,0
[16 39 15],1,0,1,0
[16 39 23],3,0,3,0
[16 39 29],1,0,1,0
[16 41 10],1,0,1,0
[16 58 3],1,0,1,0
[16 77 9],1,0,1,0
[16 97 0],1,0,1,0
[16 97 9],1,1,2,0
[17 0 2],1,0,1,0
[17 0 3],1,0,1,0
[17 0 15],6,4,10,0
[17 0 18],2,0,2,0
[17 0 23],1,1,2,0
[17 0 28],1,0,1,0
[17 0 29],1,0,1,0
[17 1 15],8,6,14,0
[17 1 23],3,2,5,0
[17 1 29],5,1,6,0
[17 2 3],5,0,5,0
[17 2 10],1,0,1,0
[17 2 14],2,0,2,0
[17 2 15],4,3,7,0
[17 2 18],1,0,1,0
[17 2 23],1,0,1,0
[17 3 2],1,0,1,0
[17 3 15],9,0,9,0
[17 3 23],1,0,1,0
[17 3 29],2,0,2,0
[17 4 15],12,4,16,0
[17 4 23],5,0,5,0
[17 4 29],4,3,7,0
[17 6 15],2,0,2,0
[17 8 2],1,1,2,0
[17 8 15],8,3,11,0
[17 8 23],4,0,4,0
[17 8 29],3,0,3,0
[17 9 14],1,0,1,0
[17 9 15],1,0,1,0
[17 10 15],1,0,1,0
[17 11 14],1,0,1,0
[17 11 32],1,0,1,0
[17 14 3],2,0,2,0
[17 14 14],2,1,3,0
[17 14 15],1,0,1,0
[17 15 3],3,0,3,0
[17 15 15],1,0,1,0
[17 15 18],1,0,1,0
[17 15 22],1,0,1,0
[17 15 24],1,0,1,0
[17 15 32],1,0,1,0
[17 16 15],2,1,3,0
[17 18 2],1,0,1,0
[17 18 15],6,2,8,0
[17 18 23],1,0,1,0
[17 18 29],2,0,2,0
[17 19 15],2,0,2,0
[17 21 15],4,1,5,0
[17 21 29],1,0,1,0
[17 24 3],1,0,1,0
[17 24 15],5,2,7,0
[17 24 29],2,0,2,0
[17 25 23],2,0,2,0
[17 32 10],1,0,1,0
[17 33 15],1,0,1,0
[17 34 14],1,0,1,0
[17 34 28],1,0,1,0
[17 36 15],1,2,3,0
[17 39 15],1,0,1,0
[17 42 0],1,0,1,0
[17 42 14],1,0,1,0
[17 43 15],1,1,2,0
[17 43 18],1,0,1,0
[17 44 15],1,0,1,0
[17 45 15],1,0,1,0
[17 45 23],1,0,1,0
[17 47 15],1,0,1,0
[17 48 2],1,0,1,0
[17 48 15],1,0,1,0
[17 50 15],1,1,2,0
[17 50 29],1,0,1,0
[17 56 15],2,1,3,0
[17 59 15],1,0,1,0
[17 60 15],1,0,1,0
[17 61 10],1,0,1,0
[17 91 28],1,1,2,0
[17 97 3],6,1,7,0
[17 97 28],1,1,2,0
[17 97 32],1,0,1,0
[18 0 2],11,1,12,0
[18 0 3],7,2,9,0
[18 0 10],8,1,9,0
[18 0 11],1,0,1,0
[18 0 14],3,1,4,0
[18 0 15],7,0,7,0
[18 0 18],1,0,1,0
[18 0 23],2,0,2,0
[18 0 24],1,0,1,0
[18 0 29],1,0,1,0
[18 0 36],21,3,24,0
[18 1 15],3,1,4,0
[18 1 23],1,1,2,0
[18 2 3],6,0,6,0
[18 2 7],1,0,1,0
[18 2 14],4,0,4,0
[18 2 22],1,0,1,0
[18 2 28],2,0,2,0
[18 2 63],1,0,1,0
[18 3 3],3,0,3,0
[18 3 47],1,0,1,0
[18 4 3],1,0,1,0
[18 4 10],1,0,1,0
[18 4 14],2,0,2,0
[18 4 32],1,0,1,0
[18 5 0],1,0,1,0
[18 7 32],1,0,1,0
[18 8 3],2,1,3,0
[18 8 7],2,0,2,0
[18 8 10],2,0,2,0
[18 8 14],5,0,5,0
[18 8 18],3,0,3,0
[18 8 28],1,0,1,0
[18 8 32],1,0,1,0
[18 11 14],2,0,2,0
[18 11 18],1,0,1,0
[18 11 27],1,0,1,0
[18 14 3],1,0,1,0
[18 14 14],1,0,1,0
[18 15 10],1,0,1,0
[18 15 14],1,0,1,0
[18 15 54],1,0,1,0
[18 17 0],31,5,36,0
[18 17 9],1,0,1,0
[18 17 31],1,0,1,0
[18 17 54],1,0,1,0
[18 18 3],8,4,12,0
[18 18 7],2,0,2,0
[18 18 10],4,1,5,0
[18 18 14],3,1,4,0
[18 18 18],4,1,5,0
[18 18 24],1,1,2,0
[18 21 2],32,10,42,0
[18 24 3],2,0,2,0
[18 24 10],1,1,2,0
[18 24 14],1,0,1,0
[18 24 18],2,0,2,0
[18 26 2],1,1,2,0
[18 31 18],1,0,1,0
[18 36 2],3,2,5,0
[18 36 15],1,0,1,0
[18 42 14],1,0,1,0
[18 42 18],1,0,1,0
[18 45 2],1,0,1,0
[18 48 18],1,0,1,0
[18 48 24],1,0,1,0
[18 55 2],13,0,13,0
[18 55 49],2,0,2,0
[18 61 15],1,0,1,0
[18 68 10],1,0,1,0
[18 76 18],1,0,1,0
[18 83 14],1,0,1,0
[18 83 18],1,0,1,0
[18 97 0],32,9,41,0
[18 97 9],4,0,4,0
[18 97 18],1,0,1,0
[18 97 22],3,1,4,0
[18 97 24],1,0,1,0
[18 97 26],2,0,2,0
[18 97 35],2,0,2,0
[18 97 38],1,0,1,0
[18 97 54],2,0,2,0
[19 0 0],100,23,123,0
[19 0 10],1,1,2,0
[19 0 18],2,1,3,0
[19 0 24],1,1,2,0
[19 0 32],1,0,1,0
[19 0 42],8,3,11,0
[19 1 23],1,0,1,0
[19 6 26],5,0,5,0
[19 7 0],10,0,10,0
[19 10 18],1,0,1,0
[19 13 15],1,1,2,0
[19 13 18],2,0,2,0
[19 13 23],3,0,3,0
[19 13 29],3,0,3,0
[19 16 9],12,1,13,0
[19 16 26],3,1,4,0
[19 18 0],2,0,2,0
[19 18 18],1,0,1,0
[19 19 24],2,0,2,0
[19 22 15],1,0,1,0
[19 26 10],1,0,1,0
[19 28 9],1,0,1,0
[19 29 33],1,0,1,0
[19 33 9],1,0,1,0
[19 36 15],1,0,1,0
[19 36 18],1,0,1,0
[19 36 29],1,0,1,0
[19 39 3],1,0,1,0
[19 39 32],1,0,1,0
[19 41 0],1,0,1,0
[19 46 3],1,0,1,0
[19 58 9],1,1,2,0
[19 60 9],2,0,2,0
[19 60 26],2,0,2,0
[19 70 9],1,0,1,0
[19 77 9],1,1,2,0
[19 79 9],1,0,1,0
[19 86 0],1,0,1,0
[19 88 26],2,0,2,0
[19 89 18],1,0,1,0
[19 92 10],1,0,1,0
[20 0 3],3,1,4,0
[20 0 9],2,0,2,0
[20 0 10],6,1,7,0
[20 0 14],5,2,7,0
[20 0 18],1,0,1,0
[20 0 32],2,0,2,0
[20 5 0],12,7,19,0
[20 5 3],1,0,1,0
[20 5 9],5,1,6,0
[20 5 10],2,1,3,0
[20 5 31],4,3,7,0
[20 5 32],1,0,1,0
[20 5 34],1,0,1,0
[20 6 9],1,0,1,0
[20 7 3],1,0,1,0
[20 7 14],2,0,2,0
[20 7 18],1,0,1,0
[20 7 32],1,0,1,0
[20 11 3],1,0,1,0
[20 11 18],1,0,1,0
[20 11 33],1,0,1,0
[20 13 9],2,0,2,0
[20 20 0],1,0,1,0
[20 20 3],10,4,14,0
[20 20 9],1,0,1,0
[20 20 18],1,0,1,0
[20 20 24],3,1,4,0
[20 20 32],1,0,1,0
[20 20 33],2,0,2,0
[20 25 2],1,1,2,0
[20 25 9],1,0,1,0
[20 25 23],1,0,1,0
[20 26 3],1,0,1,0
[20 26 32],1,0,1,0
[20 28 3],7,5,12,0
[20 28 9],1,0,1,0
[20 28 10],3,1,4,0
[20 28 18],2,1,3,0
[20 28 28],1,0,1,0
[20 28 32],1,0,1,0
[20 29 0],38,6,44,0
[20 29 9],1,1,2,0
[20 29 10],1,0,1,0
[20 29 31],3,1,4,0
[20 30 0],5,1,6,0
[20 30 9],2,0,2,0
[20 30 22],1,0,1,0
[20 30 31],1,1,2,0
[20 31 0],1,1,2,0
[20 31 9],1,2,3,0
[20 35 18],1,0,1,0
[20 37 18],1,0,1,0
[20 38 3],1,0,1,0
[20 38 18],1,0,1,0
[20 38 23],1,0,1,0
[20 38 33],2,0,2,0
[20 40 9],2,0,2,0
[20 40 14],2,0,2,0
[20 40 18],1,0,1,0
[20 40 28],1,0,1,0
[20 41 10],1,0,1,0
[20 41 14],1,0,1,0
[20 41 18],1,0,1,0
[20 41 28],1,0,1,0
[20 49 3],1,0,1,0
[20 49 18],1,0,1,0
[20 49 33],1,0,1,0
[20 51 3],1,1,2,0
[20 51 9],1,0,1,0
[20 51 14],1,1,2,0
[20 51 18],1,1,2,0
[20 52 18],1,0,1,0
[20 54 0],7,0,7,0
[20 54 23],1,1,2,0
[20 54 31],1,0,1,0
[20 54 33],1,0,1,0
[20 55 31],1,0,1,0
[20 61 3],1,0,1,0
[20 61 10],2,0,2,0
[20 61 32],1,0,1,0
[20 64 3],2,0,2,0
[20 64 9],4,0,4,0
[20 64 24],1,0,1,0
[20 64 33],1,0,1,0
[20 71 3],4,3,7,0
[20 71 9],11,3,14,0
[20 71 10],5,3,8,0
[20 71 18],5,0,5,0
[20 71 28],1,0,1,0
[20 72 3],1,0,1,0
[20 72 18],1,0,1,0
[20 72 33],1,0,1,0
[20 75 0],1,0,1,0
[20 78 14],1,0,1,0
[20 80 9],5,0,5,0
[20 81 2],1,0,1,0
[20 81 3],2,2,4,0
[20 81 9],4,0,4,0
[20 81 18],2,0,2,0
[20 81 24],1,1,2,0
[20 85 9],2,0,2,0
[20 85 33],1,0,1,0
[20 97 0],1,0,1,0
[20 97 9],1,0,1,0
[20 97 18],1,0,1,0
[21 0 3],2,0,2,0
[21 0 10],2,0,2,0
[21 0 14],2,1,3,0
[21 0 15],1,0,1,0
[21 0 18],3,0,3,0
[21 0 24],1,0,1,0
[21 0 32],1,1,2,0
[21 1 15],2,0,2,0
[21 1 23],4,1,5,0
[21 2 24],1,0,1,0
[21 3 0],34,8,42,0
[21 3 15],5,0,5,0
[21 3 23],6,1,7,0
[21 3 29],1,0,1,0
[21 4 0],27,14,41,0
[21 4 15],10,5,15,0
[21 4 32],2,0,2,0
[21 4 41],1,0,1,0
[21 7 0],1,0,1,0
[21 8 0],37,6,43,0
[21 8 15],7,4,11,0
[21 8 18],1,0,1,0
[21 8 23],1,2,3,0
[21 9 0],2,1,3,0
[21 11 14],1,0,1,0
[21 12 0],6,2,8,0
[21 12 14],1,0,1,0
[21 12 22],1,0,1,0
[21 14 14],2,0,2,0
[21 15 0],2,0,2,0
[21 17 0],16,9,25,0
[21 17 9],1,1,2,0
[21 18 0],25,9,34,0
[21 18 15],1,0,1,0
[21 18 29],2,0,2,0
[21 21 0],3,1,4,0
[21 21 2],5,0,5,0
[21 21 3],2,2,4,0
[21 21 9],1,0,1,0
[21 21 10],2,0,2,0
[21 21 14],3,1,4,0
[21 21 18],1,0,1,0
[21 21 24],2,0,2,0
[21 21 32],1,2,3,0
[21 21 46],1,0,1,0
[21 24 0],25,4,29,0
[21 24 18],1,0,1,0
[21 24 23],1,0,1,0
[21 26 3],1,0,1,0
[21 26 15],1,0,1,0
[21 27 14],1,0,1,0
[21 32 3],1,0,1,0
[21 32 18],2,0,2,0
[21 32 28],1,0,1,0
[21 36 33],1,0,1,0
[21 44 0],1,0,1,0
[21 44 23],1,0,1,0
[21 44 24],1,0,1,0
[21 44 29],3,0,3,0
[21 44 41],1,0,1,0
[21 46 0],3,1,4,0
[21 46 15],2,0,2,0
[21 46 29],1,0,1,0
[21 50 0],7,1,8,0
[21 50 15],4,0,4,0
[21 50 23],1,1,2,0
[21 55 23],1,0,1,0
[21 56 0],10,3,13,0
[21 56 15],1,1,2,0
[21 56 18],1,0,1,0
[21 61 15],1,0,1,0
[21 67 15],1,0,1,0
[21 76 0],3,2,5,0
[21 76 15],1,1,2,0
[21 76 24],1,0,1,0
[21 83 3],1,0,1,0
[21 89 0],1,0,1,0
[21 89 33],1,0,1,0
[21 94 15],1,0,1,0
[21 94 23],1,0,1,0
[21 97 0],30,7,37,0
[21 97 9],6,0,6,0
[21 97 43],1,0,1,0
[21 99 0],2,0,2,0
[22 0 9],33,10,43,0
[22 0 10],11,4,15,0
[22 0 18],3,0,3,0
[22 0 24],1,0,1,0
[22 0 26],18,7,25,0
[22 0 30],1,0,1,0
[22 0 31],3,0,3,0
[22 0 32],1,0,1,0
[22 0 42],35,8,43,0
[22 1 15],4,2,6,0
[22 1 23],2,1,3,0
[22 1 45],1,0,1,0
[22 2 3],2,0,2,0
[22 2 14],3,1,4,0
[22 2 18],1,0,1,0
[22 2 28],1,0,1,0
[22 5 0],2,0,2,0
[22 5 2],1,0,1,0
[22 5 3],2,0,2,0
[22 5 9],3,0,3,0
[22 5 26],3,1,4,0
[22 5 42],4,0,4,0
[22 6 18],1,0,1,0
[22 7 3],1,0,1,0
[22 7 9],1,0,1,0
[22 7 18],2,0,2,0
[22 7 26],1,0,1,0
[22 8 14],1,1,2,0
[22 8 32],1,0,1,0
[22 10 3],1,0,1,0
[22 10 9],1,1,2,0
[22 10 14],1,0,1,0
[22 11 3],1,0,1,0
[22 11 14],2,0,2,0
[22 11 15],1,0,1,0
[22 11 23],1,0,1,0
[22 13 0],1,0,1,0
[22 13 9],2,0,2,0
[22 13 26],1,0,1,0
[22 14 14],1,0,1,0
[22 17 0],1,0,1,0
[22 19 9],1,0,1,0
[22 22 3],18,0,18,0
[22 22 10],7,0,7,0
[22 22 14],2,0,2,0
[22 22 18],6,0,6,0
[22 22 24],1,3,4,0
[22 22 32],1,1,2,0
[22 22 33],2,1,3,0
[22 24 9],1,0,1,0
[22 24 18],1,0,1,0
[22 26 9],1,0,1,0
[22 26 14],1,0,1,0
[22 26 18],2,0,2,0
[22 26 42],1,0,1,0
[22 31 0],1,0,1,0
[22 32 9],1,0,1,0
[22 32 26],1,0,1,0
[22 39 10],1,0,1,0
[22 39 26],3,0,3,0
[22 45 3],3,1,4,0
[22 47 24],1,0,1,0
[22 55 9],1,0,1,0
[22 55 46],1,0,1,0
[22 57 22],2,0,2,0
[22 59 2],1,0,1,0
[22 59 41],1,0,1,0
[22 60 18],1,0,1,0
[22 65 9],1,0,1,0
[22 70 0],1,0,1,0
[22 70 9],4,0,4,0
[22 70 22],5,1,6,0
[22 70 26],1,1,2,0
[22 76 0],1,0,1,0
[22 76 9],1,0,1,0
[22 76 26],1,0,1,0
[22 76 42],1,0,1,0
[22 79 42],1,0,1,0
[22 97 3],1,0,1,0
[22 97 9],9,0,9,0
[22 97 22],1,0,1,0
[22 97 26],2,1,3,0
[23 0 3],5,1,6,0
[23 0 10],1,0,1,0
[23 0 14],12,2,14,0
[23 0 15],2,0,2,0
[23 0 18],3,0,3,0
[23 0 24],2,0,2,0
[23 0 28],2,0,2,0
[23 0 29],1,0,1,0
[23 0 48],1,0,1,0
[23 3 0],7,0,7,0
[23 4 0],17,2,19,0
[23 5 0],94,28,122,0
[23 5 9],3,1,4,0
[23 5 26],3,0,3,0
[23 5 31],5,1,6,0
[23 7 0],1,0,1,0
[23 7 14],1,0,1,0
[23 8 0],11,2,13,0
[23 10 3],1,0,1,0
[23 10 18],3,0,3,0
[23 10 28],1,0,1,0
[23 10 32],1,0,1,0
[23 13 3],1,0,1,0
[23 13 23],1,0,1,0
[23 18 0],2,0,2,0
[23 20 14],1,0,1,0
[23 23 0],1,0,1,0
[23 23 3],4,0,4,0
[23 23 9],1,0,1,0
[23 23 10],1,0,1,0
[23 23 18],1,0,1,0
[23 23 24],1,0,1,0
[23 23 29],1,0,1,0
[23 25 3],1,0,1,0
[23 25 23],1,0,1,0
[23 26 18],1,0,1,0
[23 28 18],1,0,1,0
[23 29 0],1,1,2,0
[23 31 0],13,6,19,0
[23 31 9],1,0,1,0
[23 31 31],2,0,2,0
[23 32 0],1,0,1,0
[23 35 3],1,0,1,0
[23 37 0],1,0,1,0
[23 52 3],2,0,2,0
[23 52 10],1,0,1,0
[23 52 15],2,0,2,0
[23 52 18],1,1,2,0
[23 52 24],3,0,3,0
[23 52 28],1,0,1,0
[23 54 0],2,0,2,0
[23 56 0],3,0,3,0
[23 57 22],3,0,3,0
[23 59 15],1,0,1,0
[23 61 18],1,0,1,0
[23 63 2],1,0,1,0
[23 63 3],5,0,5,0
[23 63 10],1,0,1,0
[23 66 2],5,0,5,0
[23 66 3],1,1,2,0
[23 66 15],3,1,4,0
[23 66 18],5,0,5,0
[23 66 23],1,0,1,0
[23 66 24],1,0,1,0
[23 66 36],1,0,1,0
[23 67 0],1,0,1,0
[23 67 15],1,0,1,0
[23 67 29],1,0,1,0
[23 71 3],1,0,1,0
[23 73 3],2,0,2,0
[23 90 3],1,0,1,0
[23 93 22],1,0,1,0
[23 97 9],3,0,3,0
[24 0 2],1,1,2,0
[24 0 3],5,0,5,0
[24 0 10],5,1,6,0
[24 0 14],3,1,4,0
[24 0 15],5,5,10,0
[24 0 18],7,1,8,0
[24 0 23],2,0,2,0
[24 0 24],4,0,4,0
[24 0 28],1,0,1,0
[24 0 29],2,0,2,0
[24 0 33],1,0,1,0
[24 0 36],6,1,7,0
[24 1 15],1,3,4,0
[24 2 3],2,0,2,0
[24 2 10],1,0,1,0
[24 2 14],5,1,6,0
[24 2 18],1,1,2,0
[24 2 23],1,0,1,0
[24 2 24],2,0,2,0
[24 2 58],1,0,1,0
[24 3 3],1,0,1,0
[24 3 14],2,0,2,0
[24 3 24],1,0,1,0
[24 3 46],1,0,1,0
[24 4 10],1,0,1,0
[24 4 14],2,0,2,0
[24 4 18],3,0,3,0
[24 4 28],1,0,1,0
[24 4 54],1,0,1,0
[24 5 3],1,1,2,0
[24 5 9],1,0,1,0
[24 5 10],1,0,1,0
[24 5 18],1,0,1,0
[24 7 3],1,0,1,0
[24 7 9],1,0,1,0
[24 7 18],1,0,1,0
[24 7 31],1,0,1,0
[24 8 3],4,0,4,0
[24 8 10],1,0,1,0
[24 8 14],1,0,1,0
[24 8 24],1,0,1,0
[24 8 32],1,0,1,0
[24 8 33],1,0,1,0
[24 8 48],1,0,1,0
[24 9 14],1,0,1,0
[24 9 46],1,0,1,0
[24 10 18],1,0,1,0
[24 11 14],4,0,4,0
[24 11 18],1,1,2,0
[24 11 58],1,0,1,0
[24 12 18],1,0,1,0
[24 13 23],1,0,1,0
[24 14 14],1,0,1,0
[24 14 15],2,0,2,0
[24 15 0],6,0,6,0
[24 15 9],2,0,2,0
[24 15 18],1,0,1,0
[24 15 22],1,0,1,0
[24 17 0],21,6,27,0
[24 17 3],1,0,1,0
[24 17 9],1,0,1,0
[24 17 18],1,0,1,0
[24 17 26],2,0,2,0
[24 17 54],1,0,1,0
[24 18 3],1,0,1,0
[24 18 14],1,0,1,0
[24 18 28],1,0,1,0
[24 20 3],1,0,1,0
[24 20 10],1,0,1,0
[24 21 2],47,8,55,0
[24 21 9],1,0,1,0
[24 22 15],1,0,1,0
[24 22 29],1,0,1,0
[24 23 2],2,0,2,0
[24 24 3],4,2,6,0
[24 24 10],1,1,2,0
[24 24 14],1,0,1,0
[24 24 18],1,0,1,0
[24 24 23],1,0,1,0
[24 24 24],1,0,1,0
[24 24 32],3,0,3,0
[24 24 33],3,0,3,0
[24 24 43],1,0,1,0
[24 25 15],1,0,1,0
[24 25 18],1,0,1,0
[24 26 2],1,1,2,0
[24 26 18],1,0,1,0
[24 29 10],1,0,1,0
[24 32 18],2,0,2,0
[24 32 28],1,0,1,0
[24 35 2],1,0,1,0
[24 35 10],1,0,1,0
[24 36 2],1,0,1,0
[24 41 2],1,0,1,0
[24 46 10],1,0,1,0
[24 47 15],1,0,1,0
[24 51 24],2,0,2,0
[24 52 33],1,0,1,0
[24 55 3],1,1,2,0
[24 56 18],1,1,2,0
[24 59 0],2,0,2,0
[24 59 10],1,0,1,0
[24 61 3],1,0,1,0
[24 65 24],1,0,1,0
[24 67 2],11,1,12,0
[24 67 49],1,0,1,0
[24 70 0],3,0,3,0
[24 72 10],1,0,1,0
[24 76 41],1,0,1,0
[24 78 10],1,0,1,0
[24 82 3],1,0,1,0
[24 82 10],1,0,1,0
[24 97 0],33,8,41,0
[24 97 9],7,1,8,0
[24 97 18],1,0,1,0
[24 97 22],4,0,4,0
[24 97 24],1,0,1,0
[24 97 38],3,0,3,0
[25 0 9],12,4,16,0
[25 0 10],5,1,6,0
[25 0 14],2,0,2,0
[25 0 15],1,0,1,0
[25 0 24],1,0,1,0
[25 0 33],1,0,1,0
[25 1 14],1,0,1,0
[25 1 15],9,0,9,0
[25 1 23],3,1,4,0
[25 1 28],1,0,1,0
[25 1 29],1,0,1,0
[25 1 33],1,0,1,0
[25 1 45],1,0,1,0
[25 2 0],47,9,56,0
[25 2 9],3,0,3,0
[25 2 14],6,2,8,0
[25 2 18],1,0,1,0
[25 2 26],1,0,1,0
[25 2 41],5,0,5,0
[25 4 9],2,0,2,0
[25 5 0],2,1,3,0
[25 5 9],1,1,2,0
[25 5 31],1,0,1,0
[25 7 0],2,0,2,0
[25 7 34],1,0,1,0
[25 7 55],1,0,1,0
[25 8 9],1,0,1,0
[25 8 14],2,0,2,0
[25 9 9],1,0,1,0
[25 9 10],1,0,1,0
[25 9 18],1,0,1,0
[25 10 2],1,0,1,0
[25 11 0],1,0,1,0
[25 11 9],1,0,1,0
[25 11 14],1,1,2,0
[25 15 9],2,0,2,0
[25 17 9],4,0,4,0
[25 20 0],1,1,2,0
[25 20 3],1,0,1,0
[25 20 9],3,1,4,0
[25 20 14],1,0,1,0
[25 20 28],1,0,1,0
[25 25 3],2,2,4,0
[25 25 26],1,0,1,0
[25 28 18],1,0,1,0
[25 29 0],3,0,3,0
[25 29 9],1,0,1,0
[25 34 0],58,14,72,0
[25 34 18],1,0,1,0
[25 34 22],3,1,4,0
[25 34 23],1,0,1,0
[25 34 31],1,0,1,0
[25 34 41],5,2,7,0
[25 34 46],1,1,2,0
[25 36 9],1,0,1,0
[25 37 3],1,0,1,0
[25 37 9],2,0,2,0
[25 37 10],1,0,1,0
[25 38 3],2,0,2,0
[25 38 9],1,0,1,0
[25 38 14],1,0,1,0
[25 40 3],1,0,1,0
[25 45 0],1,0,1,0
[25 45 15],3,0,3,0
[25 45 23],2,1,3,0
[25 48 9],1,0,1,0
[25 54 0],4,1,5,0
[25 54 28],1,0,1,0
[25 55 22],2,0,2,0
[25 57 2],3,1,4,0
[25 63 18],1,0,1,0
[25 68 3],1,0,1,0
[25 72 3],1,0,1,0
[25 93 0],1,2,3,0
[25 96 2],5,0,5,0
[25 97 0],3,0,3,0
[25 97 9],3,1,4,0
[25 97 14],1,0,1,0
[25 97 18],1,0,1,0
[25 97 32],1,0,1,0
[26 0 0],7,0,7,0
[26 0 3],18,1,19,0
[26 0 9],1,0,1,0
[26 0 10],5,2,7,0
[26 0 18],10,2,12,0
[26 0 24],5,4,9,0
[26 0 28],2,0,2,0
[26 0 30],5,3,8,0
[26 0 55],1,0,1,0
[26 1 23],1,1,2,0
[26 3 0],1,0,1,0
[26 3 22],1,0,1,0
[26 5 0],9,3,12,0
[26 5 15],4,1,5,0
[26 5 41],1,0,1,0
[26 6 14],1,0,1,0
[26 6 18],1,0,1,0
[26 6 33],1,0,1,0
[26 7 0],6,0,6,0
[26 7 3],1,0,1,0
[26 8 3],1,0,1,0
[26 9 3],1,0,1,0
[26 9 14],1,0,1,0
[26 9 48],2,0,2,0
[26 10 10],1,0,1,0
[26 12 18],1,0,1,0
[26 12 22],1,0,1,0
[26 13 18],1,0,1,0
[26 13 32],1,0,1,0
[26 15 0],2,0,2,0
[26 15 22],1,0,1,0
[26 16 18],1,1,2,0
[26 16 24],1,0,1,0
[26 18 0],3,0,3,0
[26 19 0],1,0,1,0
[26 19 14],1,1,2,0
[26 20 3],1,0,1,0
[26 20 33],2,0,2,0
[26 21 9],1,0,1,0
[26 22 15],2,1,3,0
[26 22 29],1,0,1,0
[26 23 18],1,0,1,0
[26 23 32],1,0,1,0
[26 24 0],5,1,6,0
[26 24 14],1,0,1,0
[26 26 9],1,0,1,0
[26 26 10],2,0,2,0
[26 26 18],1,0,1,0
[26 28 10],2,0,2,0
[26 28 18],1,0,1,0
[26 29 0],4,0,4,0
[26 30 3],1,0,1,0
[26 30 14],1,0,1,0
[26 30 23],1,0,1,0
[26 31 0],3,0,3,0
[26 32 0],9,1,10,0
[26 32 3],1,0,1,0
[26 32 15],1,0,1,0
[26 35 3],2,0,2,0
[26 35 18],1,0,1,0
[26 40 0],5,5,10,0
[26 40 10],1,1,2,0
[26 40 18],1,0,1,0
[26 41 3],1,0,1,0
[26 49 3],1,0,1,0
[26 49 24],1,0,1,0
[26 51 0],1,0,1,0
[26 51 10],2,0,2,0
[26 53 15],1,0,1,0
[26 53 18],1,0,1,0
[26 53 23],1,0,1,0
[26 54 0],2,0,2,0
[26 54 24],1,0,1,0
[26 54 45],1,0,1,0
[26 55 0],3,0,3,0
[26 55 3],1,0,1,0
[26 55 24],1,0,1,0
[26 56 18],1,0,1,0
[26 57 3],1,0,1,0
[26 57 22],6,0,6,0
[26 58 9],1,0,1,0
[26 60 9],1,0,1,0
[26 67 22],2,1,3,0
[26 70 0],5,0,5,0
[26 75 0],1,0,1,0
[26 75 31],1,0,1,0
[26 75 46],1,0,1,0
[26 76 0],5,0,5,0
[26 76 3],1,0,1,0
[26 76 14],1,0,1,0
[26 76 18],2,0,2,0
[26 78 14],1,0,1,0
[26 82 0],1,0,1,0
[26 82 22],1,0,1,0
[26 89 18],1,0,1,0
[26 89 55],1,0,1,0
[26 90 3],1,0,1,0
[26 90 33],1,0,1,0
[26 93 28],1,0,1,0
[26 97 0],13,5,18,0
[26 97 9],3,3,6,0
[26 97 26],1,0,1,0
[26 97 34],1,0,1,0
[26 99 0],1,0,1,0
[26 99 18],1,0,1,0
[26 99 24],1,0,1,0
[26 99 29],1,0,1,0
[27 0 0],12,2,14,0
[27 0 18],1,0,1,0
[27 1 15],1,0,1,0
[27 6 15],2,0,2,0
[27 6 23],1,0,1,0
[27 16 15],1,0,1,0
[27 16 23],1,0,1,0
[27 17 0],1,0,1,0
[27 17 9],1,0,1,0
[27 18 0],1,0,1,0
[27 18 15],1,0,1,0
[27 21 10],1,0,1,0
[27 21 33],1,0,1,0
[27 22 15],1,0,1,0
[27 23 31],1,0,1,0
[27 27 3],3,0,3,0
[27 27 32],1,0,1,0
[27 27 33],1,0,1,0
[27 41 9],1,0,1,0
[27 46 0],3,0,3,0
[27 61 9],1,0,1,0
[27 97 0],3,1,4,0
[27 97 9],1,0,1,0
[28 0 0],3,1,4,0
[28 0 3],3,1,4,0
[28 0 10],1,0,1,0
[28 0 14],12,1,13,0
[28 0 18],1,1,2,0
[28 0 28],3,1,4,0
[28 0 30],1,1,2,0
[28 0 32],3,0,3,0
[28 5 0],42,13,55,0
[28 5 9],3,2,5,0
[28 5 18],2,0,2,0
[28 5 26],2,0,2,0
[28 5 31],7,1,8,0
[28 7 0],2,1,3,0
[28 7 3],1,0,1,0
[28 7 14],1,0,1,0
[28 7 18],3,0,3,0
[28 7 28],1,0,1,0
[28 7 55],1,0,1,0
[28 10 9],1,0,1,0
[28 10 18],1,0,1,0
[28 10 33],1,0,1,0
[28 16 18],1,0,1,0
[28 19 18],1,0,1,0
[28 20 2],2,0,2,0
[28 20 3],11,8,19,0
[28 20 14],2,1,3,0
[28 20 18],1,0,1,0
[28 20 24],2,1,3,0
[28 20 28],2,0,2,0
[28 20 29],1,0,1,0
[28 23 18],1,0,1,0
[28 26 18],1,0,1,0
[28 28 3],1,3,4,0
[28 28 18],3,0,3,0
[28 28 24],1,0,1,0
[28 28 28],1,0,1,0
[28 29 0],29,13,42,0
[28 29 3],1,0,1,0
[28 29 9],1,0,1,0
[28 29 31],1,1,2,0
[28 30 14],1,0,1,0
[28 32 0],1,0,1,0
[28 33 28],1,0,1,0
[28 35 3],2,0,2,0
[28 35 18],1,0,1,0
[28 35 33],1,0,1,0
[28 38 3],1,0,1,0
[28 38 18],1,0,1,0
[28 38 28],1,0,1,0
[28 40 0],5,1,6,0
[28 40 31],1,0,1,0
[28 49 3],1,1,2,0
[28 49 18],1,0,1,0
[28 49 33],1,0,1,0
[28 51 10],1,0,1,0
[28 52 18],2,0,2,0
[28 54 0],1,0,1,0
[28 55 31],1,0,1,0
[28 58 9],1,0,1,0
[28 61 33],1,0,1,0
[28 64 3],1,2,3,0
[28 64 18],1,1,2,0
[28 64 24],2,2,4,0
[28 71 2],6,2,8,0
[28 71 3],1,2,3,0
[28 71 10],1,0,1,0
[28 71 18],1,0,1,0
[28 71 28],1,0,1,0
[28 71 33],1,0,1,0
[28 73 0],1,0,1,0
[28 73 9],1,0,1,0
[28 73 14],1,0,1,0
[28 81 9],1,0,1,0
[28 81 18],3,0,3,0
[28 81 24],1,0,1,0
[28 81 32],1,0,1,0
[28 84 3],1,0,1,0
[28 84 18],1,0,1,0
[29 0 14],4,0,4,0
[29 0 24],1,0,1,0
[29 0 28],1,0,1,0
[29 7 2],2,0,2,0
[29 7 9],1,0,1,0
[29 7 14],1,0,1,0
[29 7 18],4,0,4,0
[29 7 24],1,0,1,0
[29 7 27],1,0,1,0
[29 10 2],1,0,1,0
[29 10 15],1,0,1,0
[29 10 29],1,1,2,0
[29 20 2],4,0,4,0
[29 20 15],5,0,5,0
[29 20 29],2,1,3,0
[29 24 10],1,0,1,0
[29 26 2],1,0,1,0
[29 28 2],2,0,2,0
[29 28 15],5,1,6,0
[29 28 29],1,1,2,0
[29 29 10],1,0,1,0
[29 35 15],2,0,2,0
[29 38 2],2,0,2,0
[29 38 15],1,0,1,0
[29 38 23],1,0,1,0
[29 40 10],1,0,1,0
[29 40 24],1,0,1,0
[29 49 15],2,0,2,0
[29 52 15],1,0,1,0
[29 52 29],1,0,1,0
[29 57 29],1,0,1,0
[29 61 15],1,0,1,0
[29 61 29],1,0,1,0
[29 64 2],1,0,1,0
[29 64 3],1,0,1,0
[29 64 9],2,0,2,0
[29 64 15],4,0,4,0
[29 64 23],2,0,2,0
[29 64 29],2,0,2,0
[29 71 2],2,0,2,0
[29 71 15],3,2,5,0
[29 72 3],1,0,1,0
[29 74 23],1,0,1,0
[29 80 15],1,0,1,0
[29 81 15],4,0,4,0
[29 81 27],1,0,1,0
[29 85 3],1,0,1,0
[30 0 3],1,2,3,0
[30 0 9],1,0,1,0
[30 0 10],3,1,4,0
[30 0 33],1,0,1,0
[30 7 10],1,0,1,0
[30 10 2],1,1,2,0
[30 10 30],1,0,1,0
[30 11 3],1,1,2,0
[30 11 18],1,0,1,0
[30 20 9],1,0,1,0
[30 20 15],1,0,1,0
[30 20 27],1,0,1,0
[30 20 29],1,0,1,0
[30 26 9],1,0,1,0
[30 28 10],1,0,1,0
[30 29 24],1,0,1,0
[30 31 2],2,0,2,0
[30 31 9],1,1,2,0
[30 31 15],4,0,4,0
[30 31 23],2,0,2,0
[30 31 29],1,0,1,0
[30 35 26],1,0,1,0
[30 37 3],1,0,1,0
[30 37 9],1,0,1,0
[30 37 15],1,1,2,0
[30 40 3],1,0,1,0
[30 53 15],5,0,5,0
[30 53 28],1,0,1,0
[30 54 18],1,0,1,0
[30 57 15],1,0,1,0
[30 72 3],1,0,1,0
[30 72 18],1,0,1,0
[30 74 3],1,0,1,0
[30 74 18],1,0,1,0
[30 75 9],2,0,2,0
[30 75 26],1,0,1,0
[30 78 9],1,1,2,0
[30 80 2],1,0,1,0
[30 82 3],1,0,1,0
[30 86 10],1,0,1,0
[30 90 9],1,0,1,0
[30 90 18],1,0,1,0
[30 93 9],2,1,3,0
[30 93 26],1,0,1,0
[31 0 10],1,1,2,0
[31 0 14],2,1,3,0
[31 0 28],1,0,1,0
[31 0 33],1,0,1,0
[31 3 0],1,0,1,0
[31 5 0],1,0,1,0
[31 5 10],1,0,1,0
[31 5 18],1,0,1,0
[31 7 14],1,0,1,0
[31 7 28],2,0,2,0
[31 23 23],1,0,1,0
[31 23 30],1,0,1,0
[31 23 49],1,0,1,0
[31 30 0],1,0,1,0
[31 30 3],1,0,1,0
[31 30 9],1,0,1,0
[31 30 15],1,0,1,0
[31 30 26],1,0,1,0
[31 31 0],1,0,1,0
[31 31 10],1,0,1,0
[31 37 3],4,2,6,0
[31 37 28],2,1,3,0
[31 37 47],1,0,1,0
[31 37 48],1,0,1,0
[31 52 23],1,0,1,0
[31 53 2],3,0,3,0
[31 53 15],1,0,1,0
[31 53 23],2,1,3,0
[31 63 23],1,0,1,0
[31 67 2],1,0,1,0
[31 73 15],1,0,1,0
[31 73 29],1,0,1,0
[31 75 3],1,1,2,0
[31 75 18],1,0,1,0
[31 78 2],2,0,2,0
[31 82 9],1,0,1,0
[31 90 15],1,0,1,0
[31 93 9],1,2,3,0
[31 93 14],1,1,2,0
[31 93 26],1,0,1,0
[31 93 28],1,0,1,0
[31 93 33],1,0,1,0
[31 97 0],1,0,1,0
[32 0 2],5,1,6,0
[32 0 10],4,2,6,0
[32 0 14],3,0,3,0
[32 0 15],7,8,15,0
[32 0 18],2,0,2,0
[32 0 23],5,1,6,0
[32 0 27],1,0,1,0
[32 0 28],1,0,1,0
[32 0 29],2,1,3,0
[32 0 30],1,0,1,0
[32 1 15],1,0,1,0
[32 1 23],2,0,2,0
[32 2 3],1,1,2,0
[32 2 14],5,3,8,0
[32 2 28],1,0,1,0
[32 4 18],1,0,1,0
[32 5 3],2,0,2,0
[32 5 10],3,0,3,0
[32 5 14],1,0,1,0
[32 5 15],1,0,1,0
[32 5 23],1,0,1,0
[32 5 24],1,0,1,0
[32 5 28],1,0,1,0
[32 6 23],1,0,1,0
[32 7 3],1,0,1,0
[32 7 28],1,0,1,0
[32 9 3],2,0,2,0
[32 9 10],1,1,2,0
[32 9 14],1,0,1,0
[32 9 33],1,0,1,0
[32 10 23],1,0,1,0
[32 11 3],2,0,2,0
[32 11 10],1,0,1,0
[32 11 15],1,0,1,0
[32 11 32],1,1,2,0
[32 11 48],1,0,1,0
[32 12 22],1,0,1,0
[32 14 14],1,0,1,0
[32 15 0],1,2,3,0
[32 15 9],1,0,1,0
[32 15 14],3,1,4,0
[32 15 18],1,0,1,0
[32 15 22],1,0,1,0
[32 15 26],1,1,2,0
[32 17 0],2,0,2,0
[32 21 3],1,0,1,0
[32 21 18],1,0,1,0
[32 22 23],1,0,1,0
[32 24 18],1,0,1,0
[32 32 3],3,2,5,0
[32 32 10],1,0,1,0
[32 32 14],1,0,1,0
[32 32 24],3,0,3,0
[32 32 28],2,0,2,0
[32 33 9],1,0,1,0
[32 40 24],1,0,1,0
[32 41 2],1,0,1,0
[32 41 29],1,0,1,0
[32 42 14],1,0,1,0
[32 47 10],1,0,1,0
[32 48 3],1,0,1,0
[32 48 14],1,0,1,0
[32 55 33],1,0,1,0
[32 57 23],1,0,1,0
[32 59 10],1,0,1,0
[32 61 9],1,0,1,0
[32 61 23],1,0,1,0
[32 68 0],1,0,1,0
[32 76 3],1,0,1,0
[32 76 18],1,0,1,0
[32 76 24],1,0,1,0
[32 78 3],1,0,1,0
[32 82 3],1,0,1,0
[32 82 33],1,0,1,0
[32 97 0],21,7,28,0
[32 97 9],3,1,4,0
[32 97 18],1,1,2,0
[33 0 0],59,13,72,0
[33 0 15],1,1,2,0
[33 0 33],1,0,1,0
[33 1 15],1,0,1,0
[33 5 15],1,0,1,0
[33 6 9],1,0,1,0
[33 6 23],1,0,1,0
[33 7 15],1,0,1,0
[33 9 18],1,0,1,0
[33 13 33],1,0,1,0
[33 14 14],1,0,1,0
[33 15 0],3,0,3,0
[33 15 18],1,0,1,0
[33 15 22],1,0,1,0
[33 16 15],2,0,2,0
[33 16 18],1,0,1,0
[33 16 23],3,0,3,0
[33 16 24],1,0,1,0
[33 19 15],1,0,1,0
[33 19 23],1,0,1,0
[33 23 24],1,0,1,0
[33 28 15],1,0,1,0
[33 32 15],1,0,1,0
[33 32 23],1,0,1,0
[33 33 3],1,0,1,0
[33 39 23],1,0,1,0
[33 41 28],1,0,1,0
[33 46 0],7,4,11,0
[33 46 26],2,0,2,0
[33 46 31],2,0,2,0
[33 46 43],1,1,2,0
[33 55 3],1,0,1,0
[33 55 14],1,0,1,0
[33 58 15],3,1,4,0
[33 58 23],1,0,1,0
[33 60 29],1,0,1,0
[33 61 32],1,0,1,0
[33 76 0],1,0,1,0
[33 77 9],1,0,1,0
[33 77 41],2,0,2,0
[33 79 9],1,0,1,0
[33 92 9],1,0,1,0
[33 97 0],8,4,12,0
[33 97 9],2,0,2,0
[33 97 43],1,2,3,0
[34 0 9],1,0,1,0
[34 0 10],3,1,4,0
[34 0 32],1,0,1,0
[34 1 14],5,1,6,0
[34 1 15],14,2,16,0
[34 1 22],1,0,1,0
[34 1 23],3,1,4,0
[34 1 29],3,1,4,0
[34 1 45],2,0,2,0
[34 2 0],15,1,16,0
[34 2 3],6,1,7,0
[34 2 9],6,1,7,0
[34 2 10],3,0,3,0
[34 2 18],3,1,4,0
[34 2 24],1,0,1,0
[34 2 31],6,0,6,0
[34 2 41],13,5,18,0
[34 2 52],2,0,2,0
[34 3 10],1,1,2,0
[34 4 9],1,0,1,0
[34 4 10],1,0,1,0
[34 8 14],1,0,1,0
[34 8 33],1,0,1,0
[34 9 14],1,0,1,0
[34 9 18],1,0,1,0
[34 11 3],1,1,2,0
[34 11 18],3,0,3,0
[34 12 0],1,0,1,0
[34 14 10],2,0,2,0
[34 14 18],1,0,1,0
[34 15 0],1,0,1,0
[34 15 9],1,0,1,0
[34 17 9],3,0,3,0
[34 17 10],1,0,1,0
[34 25 2],36,10,46,0
[34 25 9],2,0,2,0
[34 25 18],2,0,2,0
[34 25 30],2,1,3,0
[34 25 49],2,0,2,0
[34 38 10],1,0,1,0
[34 41 10],1,0,1,0
[34 42 0],1,1,2,0
[34 42 14],2,0,2,0
[34 44 10],2,0,2,0
[34 45 2],9,0,9,0
[34 45 23],1,0,1,0
[34 47 3],1,0,1,0
[34 48 10],1,0,1,0
[34 92 32],1,0,1,0
[34 97 0],3,0,3,0
[34 97 9],2,1,3,0
[34 97 10],1,0,1,0
[35 0 3],5,0,5,0
[35 0 9],1,0,1,0
[35 0 10],7,0,7,0
[35 0 14],9,3,12,0
[35 0 15],1,0,1,0
[35 0 18],6,0,6,0
[35 0 24],2,1,3,0
[35 0 28],2,0,2,0
[35 0 32],2,1,3,0
[35 0 33],1,1,2,0
[35 5 0],67,26,93,0
[35 5 9],1,0,1,0
[35 5 18],1,0,1,0
[35 5 26],2,0,2,0
[35 5 31],2,1,3,0
[35 7 0],1,0,1,0
[35 10 3],3,0,3,0
[35 10 9],1,0,1,0
[35 10 10],1,0,1,0
[35 10 18],2,2,4,0
[35 10 24],2,0,2,0
[35 10 32],1,1,2,0
[35 13 3],1,0,1,0
[35 13 18],1,0,1,0
[35 13 24],1,0,1,0
[35 18 0],1,0,1,0
[35 19 33],1,0,1,0
[35 20 0],1,0,1,0
[35 20 3],1,0,1,0
[35 20 14],1,0,1,0
[35 20 18],1,0,1,0
[35 23 3],2,1,3,0
[35 23 10],1,0,1,0
[35 23 28],1,0,1,0
[35 24 0],3,0,3,0
[35 26 3],2,0,2,0
[35 26 10],1,0,1,0
[35 26 22],2,0,2,0
[35 26 43],1,0,1,0
[35 28 3],5,0,5,0
[35 28 10],2,0,2,0
[35 28 18],3,0,3,0
[35 28 28],1,0,1,0
[35 28 32],1,1,2,0
[35 29 0],9,0,9,0
[35 29 9],1,0,1,0
[35 30 0],1,0,1,0
[35 31 0],13,2,15,0
[35 31 10],1,0,1,0
[35 31 31],1,0,1,0
[35 32 0],1,0,1,0
[35 32 18],1,0,1,0
[35 35 3],3,0,3,0
[35 35 10],1,0,1,0
[35 35 18],2,0,2,0
[35 35 24],1,0,1,0
[35 36 23],1,0,1,0
[35 38 15],1,0,1,0
[35 38 23],1,0,1,0
[35 40 0],1,0,1,0
[35 40 18],1,0,1,0
[35 52 24],1,0,1,0
[35 54 0],10,2,12,0
[35 54 9],1,0,1,0
[35 54 18],1,0,1,0
[35 57 22],1,0,1,0
[35 57 24],1,0,1,0
[35 57 28],1,0,1,0
[35 61 9],2,0,2,0
[35 61 18],1,0,1,0
[35 63 28],1,0,1,0
[35 64 24],1,0,1,0
[35 66 3],1,0,1,0
[35 67 10],1,0,1,0
[35 67 22],1,0,1,0
[35 70 0],1,0,1,0
[35 71 10],1,0,1,0
[35 72 2],1,0,1,0
[35 73 9],1,0,1,0
[35 73 10],1,0,1,0
[35 73 18],1,0,1,0
[35 73 23],3,0,3,0
[35 74 3],1,0,1,0
[35 75 22],2,0,2,0
[35 81 3],1,0,1,0
[35 84 3],1,0,1,0
[35 84 18],1,0,1,0
[35 97 0],3,0,3,0
[36 0 0],66,16,82,0
[36 0 9],2,0,2,0
[36 0 10],1,0,1,0
[36 0 14],2,2,4,0
[36 0 18],1,0,1,0
[36 0 24],1,0,1,0
[36 0 26],2,0,2,0
[36 0 28],1,0,1,0
[36 0 30],1,0,1,0
[36 0 31],3,0,3,0
[36 0 33],2,0,2,0
[36 0 42],1,0,1,0
[36 6 9],3,1,4,0
[36 6 14],1,0,1,0
[36 6 33],1,0,1,0
[36 10 9],2,1,3,0
[36 11 3],1,0,1,0
[36 15 3],1,0,1,0
[36 16 9],1,0,1,0
[36 16 23],1,0,1,0
[36 18 0],8,0,8,0
[36 18 9],1,1,2,0
[36 18 26],1,0,1,0
[36 19 9],5,1,6,0
[36 19 26],1,0,1,0
[36 21 9],1,0,1,0
[36 24 0],6,1,7,0
[36 24 9],2,1,3,0
[36 24 26],1,0,1,0
[36 33 9],1,0,1,0
[36 39 9],1,0,1,0
[36 39 26],1,0,1,0
[36 48 14],1,0,1,0
[36 58 33],1,0,1,0
[36 62 9],3,0,3,0
[36 62 14],1,0,1,0
[36 77 9],1,1,2,0
[36 92 23],1,0,1,0
[36 97 9],1,4,5,0
[37 0 3],2,0,2,0
[37 0 10],7,0,7,0
[37 0 14],1,0,1,0
[37 0 18],1,0,1,0
[37 0 24],1,0,1,0
[37 0 28],1,0,1,0
[37 0 32],1,1,2,0
[37 1 15],1,0,1,0
[37 5 26],1,0,1,0
[37 20 18],1,0,1,0
[37 25 2],1,0,1,0
[37 25 23],1,0,1,0
[37 30 15],1,0,1,0
[37 30 23],1,0,1,0
[37 31 0],1,1,2,0
[37 31 3],4,2,6,0
[37 31 24],1,0,1,0
[37 31 48],1,0,1,0
[37 53 3],1,1,2,0
[37 53 32],1,0,1,0
[37 53 47],1,0,1,0
[37 54 15],1,0,1,0
[37 63 23],2,0,2,0
[37 72 3],1,0,1,0
[37 75 32],1,0,1,0
[37 78 2],1,1,2,0
[37 93 0],1,0,1,0
[37 93 3],1,0,1,0
[37 93 9],1,0,1,0
[38 0 3],2,0,2,0
[38 0 9],1,0,1,0
[38 0 10],6,2,8,0
[38 0 18],3,0,3,0
[38 0 24],1,0,1,0
[38 0 28],3,0,3,0
[38 1 15],2,0,2,0
[38 1 22],1,0,1,0
[38 2 0],3,0,3,0
[38 2 3],3,0,3,0
[38 2 14],1,1,2,0
[38 2 24],1,0,1,0
[38 4 3],1,0,1,0
[38 4 9],2,1,3,0
[38 4 10],3,0,3,0
[38 4 24],1,0,1,0
[38 4 32],1,0,1,0
[38 5 0],32,6,38,0
[38 5 9],3,0,3,0
[38 5 10],1,1,2,0
[38 5 18],1,0,1,0
[38 5 31],2,1,3,0
[38 7 3],4,0,4,0
[38 7 10],4,1,5,0
[38 7 18],3,0,3,0
[38 7 32],1,0,1,0
[38 7 33],1,0,1,0
[38 8 3],1,0,1,0
[38 8 10],1,0,1,0
[38 8 24],1,0,1,0
[38 11 10],1,0,1,0
[38 11 32],1,0,1,0
[38 15 14],1,0,1,0
[38 20 0],1,0,1,0
[38 20 3],4,0,4,0
[38 20 9],1,1,2,0
[38 20 14],1,0,1,0
[38 20 18],2,0,2,0
[38 20 24],2,0,2,0
[38 20 32],3,0,3,0
[38 20 33],1,0,1,0
[38 22 10],1,0,1,0
[38 23 18],1,0,1,0
[38 24 24],1,0,1,0
[38 25 3],2,0,2,0
[38 25 10],1,0,1,0
[38 28 10],1,1,2,0
[38 28 18],1,0,1,0
[38 28 28],1,0,1,0
[38 28 33],1,0,1,0
[38 29 0],14,2,16,0
[38 29 3],1,0,1,0
[38 29 26],1,1,2,0
[38 30 0],1,1,2,0
[38 30 14],1,0,1,0
[38 34 14],2,0,2,0
[38 35 28],1,0,1,0
[38 38 3],5,0,5,0
[38 38 10],1,0,1,0
[38 38 18],2,0,2,0
[38 38 28],3,0,3,0
[38 40 3],6,1,7,0
[38 40 9],1,0,1,0
[38 40 10],1,0,1,0
[38 40 18],1,0,1,0
[38 40 24],4,2,6,0
[38 40 47],1,0,1,0
[38 45 14],1,0,1,0
[38 48 9],1,0,1,0
[38 49 24],1,0,1,0
[38 51 3],6,4,10,0
[38 51 10],1,2,3,0
[38 51 18],2,1,3,0
[38 51 24],3,1,4,0
[38 51 33],1,0,1,0
[38 54 0],1,0,1,0
[38 55 3],1,0,1,0
[38 59 0],7,1,8,0
[38 64 3],1,1,2,0
[38 64 10],1,0,1,0
[38 65 10],2,0,2,0
[38 65 24],1,0,1,0
[38 72 10],1,0,1,0
[38 72 18],1,0,1,0
[38 97 0],1,0,1,0
[38 97 3],1,1,2,0
[38 97 9],5,0,5,0
[38 97 24],2,0,2,0
[38 97 26],1,0,1,0
[38 97 28],1,0,1,0
[39 0 0],22,3,25,0
[39 0 10],2,0,2,0
[39 0 42],1,0,1,0
[39 1 23],2,0,2,0
[39 6 26],1,0,1,0
[39 7 0],1,1,2,0
[39 13 23],1,0,1,0
[39 15 28],1,0,1,0
[39 16 9],5,0,5,0
[39 16 26],1,0,1,0
[39 19 10],1,0,1,0
[39 22 15],2,0,2,0
[39 26 26],1,0,1,0
[39 33 9],2,0,2,0
[39 39 10],1,0,1,0
[39 39 18],2,0,2,0
[39 60 9],1,0,1,0
[39 60 26],2,0,2,0
[39 77 10],1,0,1,0
[39 88 3],2,0,2,0
[39 92 9],1,0,1,0
[40 0 2],2,0,2,0
[40 0 3],1,0,1,0
[40 0 9],1,0,1,0
[40 0 14],1,0,1,0
[40 0 15],1,1,2,0
[40 0 18],1,0,1,0
[40 3 10],1,0,1,0
[40 5 3],1,0,1,0
[40 5 18],1,0,1,0
[40 7 18],1,0,1,0
[40 7 28],1,0,1,0
[40 7 32],1,0,1,0
[40 11 10],1,0,1,0
[40 11 14],1,0,1,0
[40 20 23],1,0,1,0
[40 26 14],1,0,1,0
[40 29 9],1,0,1,0
[40 29 18],1,1,2,0
[40 32 2],1,0,1,0
[40 35 2],1,0,1,0
[40 38 3],2,0,2,0
[40 38 15],1,0,1,0
[40 38 18],2,0,2,0
[40 38 24],1,0,1,0
[40 40 0],1,0,1,0
[40 54 15],1,0,1,0
[40 54 29],1,0,1,0
[40 55 18],1,0,1,0
[40 59 2],1,0,1,0
[40 65 2],11,4,15,0
[40 65 9],1,0,1,0
[40 65 15],1,0,1,0
[40 65 18],1,0,1,0
[40 65 29],3,0,3,0
[40 65 30],1,0,1,0
[40 84 15],1,0,1,0
[40 89 14],1,0,1,0
[40 99 14],1,0,1,0
[41 0 0],3,2,5,0
[41 0 3],5,7,12,0
[41 0 5],1,0,1,0
[41 0 6],1,0,1,0
[41 0 9],4,0,4,0
[41 0 10],4,1,5,0
[41 0 14],5,1,6,0
[41 0 18],2,6,8,0
[41 0 24],2,0,2,0
[41 0 32],4,1,5,0
[41 0 33],2,2,4,0
[41 0 34],2,0,2,0
[41 2 14],1,1,2,0
[41 5 3],3,0,3,0
[41 5 10],2,0,2,0
[41 5 18],1,0,1,0
[41 6 1],1,0,1,0
[41 6 2],1,0,1,0
[41 7 0],2,0,2,0
[41 7 14],1,0,1,0
[41 7 22],1,0,1,0
[41 8 35],1,0,1,0
[41 8 46],1,0,1,0
[41 11 3],1,0,1,0
[41 11 37],1,0,1,0
[41 12 0],6,3,9,0
[41 12 22],2,2,4,0
[41 12 30],1,0,1,0
[41 12 35],1,0,1,0
[41 12 38],1,0,1,0
[41 13 1],1,0,1,0
[41 13 29],1,0,1,0
[41 15 0],3,0,3,0
[41 15 9],2,0,2,0
[41 15 14],1,0,1,0
[41 16 28],1,0,1,0
[41 17 0],1,0,1,0
[41 18 35],1,0,1,0
[41 19 1],1,0,1,0
[41 20 3],1,0,1,0
[41 20 18],1,0,1,0
[41 20 44],1,1,2,0
[41 22 3],1,0,1,0
[41 22 15],2,0,2,0
[41 23 0],1,0,1,0
[41 26 3],1,0,1,0
[41 26 18],1,0,1,0
[41 28 0],1,0,1,0
[41 28 14],2,0,2,0
[41 28 39],1,0,1,0
[41 32 0],1,0,1,0
[41 32 18],1,0,1,0
[41 32 34],1,0,1,0
[41 33 24],1,0,1,0
[41 40 0],2,1,3,0
[41 40 14],1,0,1,0
[41 40 28],1,0,1,0
[41 40 34],1,0,1,0
[41 41 3],4,2,6,0
[41 41 10],2,0,2,0
[41 41 18],3,2,5,0
[41 41 33],1,0,1,0
[41 46 0],1,0,1,0
[41 48 14],1,0,1,0
[41 54 22],1,0,1,0
[41 54 34],1,0,1,0
[41 61 3],1,0,1,0
[41 61 18],1,0,1,0
[41 61 24],1,0,1,0
[41 61 47],1,0,1,0
[41 67 0],1,0,1,0
[41 67 22],1,1,2,0
[41 67 34],2,0,2,0
[41 70 0],1,1,2,0
[41 74 3],1,0,1,0
[41 74 33],1,0,1,0
[41 79 0],1,1,2,0
[41 85 27],1,0,1,0
[41 86 2],1,0,1,0
[41 89 3],1,0,1,0
[41 89 4],1,0,1,0
[41 89 24],1,0,1,0
[41 93 3],1,0,1,0
[41 93 28],1,0,1,0
[41 93 37],1,0,1,0
[41 97 0],9,1,10,0
[41 97 9],1,0,1,0
[41 97 48],1,0,1,0
[41 99 23],1,0,1,0
[42 0 9],1,0,1,0
[42 0 10],22,7,29,0
[42 1 14],1,1,2,0
[42 1 15],25,5,30,0
[42 1 22],1,0,1,0
[42 1 23],25,4,29,0
[42 1 29],7,2,9,0
[42 1 45],8,0,8,0
[42 2 9],2,0,2,0
[42 2 10],10,3,13,0
[42 2 33],2,0,2,0
[42 3 10],3,1,4,0
[42 3 33],1,0,1,0
[42 4 10],1,0,1,0
[42 8 10],1,1,2,0
[42 9 10],5,0,5,0
[42 11 2],1,0,1,0
[42 11 10],2,1,3,0
[42 12 10],10,1,11,0
[42 14 2],1,1,2,0
[42 14 9],1,0,1,0
[42 14 10],6,3,9,0
[42 14 24],1,0,1,0
[42 15 2],1,0,1,0
[42 15 9],1,0,1,0
[42 15 10],1,0,1,0
[42 17 9],1,0,1,0
[42 17 10],2,0,2,0
[42 18 3],1,0,1,0
[42 18 10],1,2,3,0
[42 18 18],1,0,1,0
[42 22 10],3,0,3,0
[42 32 14],1,0,1,0
[42 34 10],3,0,3,0
[42 36 10],1,0,1,0
[42 42 10],1,1,2,0
[42 42 14],2,1,3,0
[42 42 23],1,0,1,0
[42 42 24],1,0,1,0
[42 44 10],1,0,1,0
[42 44 23],1,0,1,0
[42 48 2],1,0,1,0
[42 48 10],1,0,1,0
[42 50 10],1,1,2,0
[42 56 10],1,0,1,0
[42 69 9],1,0,1,0
[42 70 3],1,0,1,0
[42 77 10],1,0,1,0
[42 94 10],1,0,1,0
[42 97 9],1,1,2,0
[43 0 2],1,0,1,0
[43 0 3],8,1,9,0
[43 0 10],1,1,2,0
[43 0 14],1,1,2,0
[43 0 15],4,2,6,0
[43 0 18],2,1,3,0
[43 0 23],1,0,1,0
[43 0 24],3,0,3,0
[43 0 28],1,0,1,0
[43 0 29],2,0,2,0
[43 0 36],7,0,7,0
[43 1 15],2,0,2,0
[43 2 3],1,0,1,0
[43 2 14],3,2,5,0
[43 2 18],1,0,1,0
[43 2 24],1,0,1,0
[43 2 46],1,0,1,0
[43 4 14],1,0,1,0
[43 5 24],1,0,1,0
[43 8 14],1,0,1,0
[43 8 60],1,0,1,0
[43 9 56],1,0,1,0
[43 11 14],1,0,1,0
[43 11 19],1,0,1,0
[43 13 23],1,0,1,0
[43 15 0],3,0,3,0
[43 15 3],1,0,1,0
[43 15 31],1,0,1,0
[43 15 37],2,0,2,0
[43 15 38],3,0,3,0
[43 15 53],1,0,1,0
[43 15 67],1,0,1,0
[43 17 0],1,1,2,0
[43 17 18],1,0,1,0
[43 21 14],1,0,1,0
[43 26 36],1,0,1,0
[43 31 0],1,0,1,0
[43 41 10],1,0,1,0
[43 43 3],7,3,10,0
[43 43 10],1,2,3,0
[43 43 18],2,0,2,0
[43 43 19],2,0,2,0
[43 43 24],4,0,4,0
[43 43 32],2,0,2,0
[43 43 33],1,0,1,0
[43 45 23],1,0,1,0
[43 76 14],1,0,1,0
[43 76 56],3,3,6,0
[43 97 0],14,3,17,0
[43 97 9],8,1,9,0
[43 97 22],1,0,1,0
[43 97 26],1,0,1,0
[43 97 37],1,0,1,0
[44 0 3],1,0,1,0
[44 0 9],1,0,1,0
[44 0 10],1,0,1,0
[44 0 14],1,0,1,0
[44 0 33],1,0,1,0
[44 1 15],8,1,9,0
[44 1 22],7,1,8,0
[44 1 23],6,1,7,0
[44 1 29],3,0,3,0
[44 1 31],1,0,1,0
[44 1 59],2,0,2,0
[44 2 3],2,0,2,0
[44 2 7],1,0,1,0
[44 2 9],2,0,2,0
[44 2 10],1,0,1,0
[44 2 18],2,0,2,0
[44 2 24],1,0,1,0
[44 2 28],1,0,1,0
[44 3 14],1,0,1,0
[44 3 18],1,0,1,0
[44 4 10],1,0,1,0
[44 6 9],1,0,1,0
[44 8 3],2,0,2,0
[44 8 9],1,0,1,0
[44 8 18],1,0,1,0
[44 8 33],1,0,1,0
[44 11 9],1,0,1,0
[44 12 9],1,0,1,0
[44 13 9],1,0,1,0
[44 14 14],1,0,1,0
[44 15 0],1,1,2,0
[44 15 9],1,0,1,0
[44 15 18],1,0,1,0
[44 16 9],1,0,1,0
[44 17 0],3,0,3,0
[44 21 2],6,0,6,0
[44 21 9],2,0,2,0
[44 34 14],2,0,2,0
[44 34 18],1,0,1,0
[44 42 14],1,0,1,0
[44 44 3],1,0,1,0
[44 44 10],1,0,1,0
[44 44 14],2,0,2,0
[44 44 18],1,0,1,0
[44 44 24],3,0,3,0
[44 45 2],1,0,1,0
[44 50 10],1,0,1,0
[44 70 9],2,0,2,0
[44 76 3],1,0,1,0
[44 76 18],1,0,1,0
[44 83 10],1,0,1,0
[44 83 33],1,0,1,0
[44 94 2],5,2,7,0
[44 97 0],11,0,11,0
[44 97 9],5,1,6,0
[44 97 26],2,0,2,0
[44 97 31],1,0,1,0
[45 0 9],4,1,5,0
[45 0 10],3,1,4,0
[45 0 26],1,2,3,0
[45 1 15],13,5,18,0
[45 1 23],6,2,8,0
[45 1 29],1,0,1,0
[45 2 0],67,17,84,0
[45 2 9],10,1,11,0
[45 2 26],3,0,3,0
[45 2 31],7,1,8,0
[45 3 9],2,0,2,0
[45 3 10],1,1,2,0
[45 4 9],2,0,2,0
[45 5 10],1,0,1,0
[45 6 26],2,0,2,0
[45 8 9],1,0,1,0
[45 8 26],1,0,1,0
[45 9 0],2,0,2,0
[45 9 9],3,3,6,0
[45 9 10],1,0,1,0
[45 9 24],1,0,1,0
[45 9 26],2,2,4,0
[45 11 10],1,1,2,0
[45 12 32],1,0,1,0
[45 15 9],1,0,1,0
[45 17 9],1,0,1,0
[45 18 9],1,0,1,0
[45 22 26],1,0,1,0
[45 24 31],1,0,1,0
[45 25 9],4,1,5,0
[45 25 10],1,0,1,0
[45 25 26],1,0,1,0
[45 25 33],1,0,1,0
[45 32 9],1,1,2,0
[45 34 0],4,0,4,0
[45 34 9],5,1,6,0
[45 34 14],1,0,1,0
[45 34 31],2,1,3,0
[45 43 9],1,0,1,0
[45 44 31],1,0,1,0
[45 45 9],1,0,1,0
[45 45 23],1,0,1,0
[45 76 26],1,0,1,0
[45 83 9],1,0,1,0
[45 97 9],3,1,4,0
[45 97 26],2,0,2,0
[45 99 9],1,0,1,0
[46 0 0],1,1,2,0
[46 0 3],1,0,1,0
[46 0 14],1,0,1,0
[46 0 15],21,5,26,0
[46 0 18],2,0,2,0
[46 0 23],10,2,12,0
[46 0 29],14,1,15,0
[46 6 23],1,0,1,0
[46 11 28],1,0,1,0
[46 13 0],1,0,1,0
[46 16 18],1,0,1,0
[46 17 0],2,0,2,0
[46 17 9],1,0,1,0
[46 19 3],1,0,1,0
[46 21 2],10,2,12,0
[46 27 15],1,0,1,0
[46 27 28],1,0,1,0
[46 32 0],1,0,1,0
[46 33 15],2,5,7,0
[46 33 23],1,0,1,0
[46 46 3],2,0,2,0
[46 46 24],1,0,1,0
[46 60 18],2,0,2,0
[46 97 0],10,3,13,0
[46 97 9],3,3,6,0
[46 97 26],1,0,1,0
[46 98 0],10,0,10,0
[46 98 9],7,0,7,0
[46 98 31],1,0,1,0
[47 0 9],4,0,4,0
[47 0 14],3,0,3,0
[47 1 14],1,0,1,0
[47 1 15],2,0,2,0
[47 1 23],5,0,5,0
[47 2 14],9,1,10,0
[47 2 63],1,0,1,0
[47 4 3],1,0,1,0
[47 4 26],1,0,1,0
[47 8 9],3,1,4,0
[47 8 10],1,0,1,0
[47 8 14],2,0,2,0
[47 8 18],1,0,1,0
[47 8 26],1,0,1,0
[47 9 9],1,0,1,0
[47 9 18],1,0,1,0
[47 9 32],1,0,1,0
[47 11 14],2,0,2,0
[47 17 9],2,1,3,0
[47 24 9],1,0,1,0
[47 34 3],1,0,1,0
[47 47 24],1,1,2,0
[47 48 14],1,0,1,0
[47 55 14],1,0,1,0
[47 56 26],1,0,1,0
[47 56 33],1,0,1,0
[47 57 2],1,0,1,0
[47 59 0],2,0,2,0
[47 59 3],2,0,2,0
[47 83 10],1,0,1,0
[47 97 0],7,1,8,0
[47 97 3],1,0,1,0
[47 97 9],9,2,11,0
[47 97 22],2,0,2,0
[47 97 24],2,0,2,0
[47 97 26],5,2,7,0
[48 0 10],3,1,4,0
[48 0 33],1,1,2,0
[48 1 15],2,0,2,0
[48 1 23],1,1,2,0
[48 2 3],2,2,4,0
[48 2 14],15,3,18,0
[48 2 18],2,1,3,0
[48 2 43],1,0,1,0
[48 3 3],1,0,1,0
[48 3 14],1,0,1,0
[48 4 10],1,0,1,0
[48 4 18],1,0,1,0
[48 4 24],1,0,1,0
[48 4 28],1,0,1,0
[48 8 18],1,0,1,0
[48 9 3],2,0,2,0
[48 9 10],1,0,1,0
[48 9 24],1,0,1,0
[48 11 3],3,0,3,0
[48 11 10],1,0,1,0
[48 11 14],2,1,3,0
[48 11 15],1,0,1,0
[48 11 18],1,0,1,0
[48 11 24],1,0,1,0
[48 12 32],1,0,1,0
[48 14 3],1,0,1,0
[48 14 15],2,0,2,0
[48 14 18],2,0,2,0
[48 15 0],1,0,1,0
[48 15 28],1,0,1,0
[48 17 22],1,0,1,0
[48 17 28],1,0,1,0
[48 18 3],1,0,1,0
[48 18 10],1,0,1,0
[48 18 24],1,0,1,0
[48 24 32],1,0,1,0
[48 25 23],1,0,1,0
[48 32 3],2,1,3,0
[48 32 10],2,1,3,0
[48 32 43],1,0,1,0
[48 32 47],1,0,1,0
[48 34 14],1,0,1,0
[48 41 10],1,0,1,0
[48 42 0],6,1,7,0
[48 42 41],1,0,1,0
[48 47 10],1,0,1,0
[48 48 3],1,0,1,0
[48 48 10],1,0,1,0
[48 59 18],1,0,1,0
[48 61 3],1,0,1,0
[48 68 10],1,0,1,0
[48 68 33],1,0,1,0
[48 78 22],1,0,1,0
[48 83 18],1,0,1,0
[48 86 10],1,0,1,0
[48 87 10],1,0,1,0
[48 94 29],1,0,1,0
[48 97 0],6,0,6,0
[48 97 3],4,0,4,0
[48 97 9],1,1,2,0
[48 97 10],1,0,1,0
[48 97 18],1,0,1,0
[48 97 24],3,0,3,0
[48 97 28],1,0,1,0
[48 97 33],1,0,1,0
[49 0 0],1,0,1,0
[49 0 3],3,0,3,0
[49 0 9],1,0,1,0
[49 0 14],2,0,2,0
[49 0 30],10,2,12,0
[49 0 32],2,0,2,0
[49 0 33],1,0,1,0
[49 2 14],1,0,1,0
[49 5 0],20,9,29,0
[49 5 31],2,0,2,0
[49 6 14],1,0,1,0
[49 7 18],1,0,1,0
[49 8 10],1,0,1,0
[49 13 23],1,0,1,0
[49 20 3],1,1,2,0
[49 20 10],1,0,1,0
[49 20 32],1,0,1,0
[49 20 33],2,0,2,0
[49 23 10],1,0,1,0
[49 24 26],1,0,1,0
[49 26 3],1,0,1,0
[49 26 9],1,0,1,0
[49 26 15],1,0,1,0
[49 26 18],1,0,1,0
[49 28 0],1,1,2,0
[49 28 3],2,1,3,0
[49 28 10],1,0,1,0
[49 28 18],1,1,2,0
[49 28 24],1,0,1,0
[49 28 32],1,0,1,0
[49 29 0],19,7,26,0
[49 30 22],1,0,1,0
[49 31 0],1,0,1,0
[49 35 3],1,0,1,0
[49 38 14],1,0,1,0
[49 40 3],1,0,1,0
[49 40 18],1,1,2,0
[49 49 3],5,2,7,0
[49 49 32],4,0,4,0
[49 49 33],5,0,5,0
[49 52 9],1,0,1,0
[49 54 0],2,0,2,0
[49 55 0],1,0,1,0
[49 57 0],1,0,1,0
[49 57 9],1,0,1,0
[49 57 22],10,1,11,0
[49 64 14],1,0,1,0
[49 64 18],1,0,1,0
[49 71 3],2,0,2,0
[49 71 24],1,0,1,0
[49 73 3],1,0,1,0
[49 80 10],1,0,1,0
[49 80 23],3,0,3,0
[49 84 2],1,1,2,0
[49 84 3],2,0,2,0
[49 84 18],1,0,1,0
[49 84 33],1,0,1,0
[49 95 32],1,0,1,0
[49 96 45],1,0,1,0
[50 0 9],1,0,1,0
[50 0 14],1,0,1,0
[50 0 24],1,0,1,0
[50 1 15],4,1,5,0
[50 1 22],7,1,8,0
[50 1 23],6,1,7,0
[50 1 29],2,0,2,0
[50 1 59],2,0,2,0
[50 2 9],1,0,1,0
[50 2 14],3,1,4,0
[50 2 26],1,0,1,0
[50 3 3],1,0,1,0
[50 3 9],1,0,1,0
[50 3 10],2,1,3,0
[50 3 18],1,0,1,0
[50 3 26],1,0,1,0
[50 3 52],1,0,1,0
[50 8 10],1,0,1,0
[50 8 18],1,0,1,0
[50 15 0],1,0,1,0
[50 15 9],1,0,1,0
[50 15 14],1,0,1,0
[50 15 24],1,0,1,0
[50 15 54],1,0,1,0
[50 17 0],5,1,6,0
[50 21 2],3,2,5,0
[50 42 14],2,1,3,0
[50 50 3],3,0,3,0
[50 50 10],3,0,3,0
[50 50 24],1,0,1,0
[50 89 10],1,0,1,0
[50 94 2],8,3,11,0
[50 94 33],1,0,1,0
[50 97 0],13,2,15,0
[50 97 9],1,1,2,0
[50 97 18],1,0,1,0
[50 97 26],2,0,2,0
[50 97 54],1,0,1,0
[51 0 2],1,1,2,0
[51 0 10],7,5,12,0
[51 0 11],1,0,1,0
[51 0 15],5,5,10,0
[51 0 23],1,1,2,0
[51 0 27],2,0,2,0
[51 0 28],1,0,1,0
[51 5 3],5,2,7,0
[51 5 10],10,4,14,0
[51 5 18],3,1,4,0
[51 5 28],1,1,2,0
[51 5 32],1,0,1,0
[51 7 3],1,2,3,0
[51 7 10],2,0,2,0
[51 7 18],2,0,2,0
[51 10 3],1,0,1,0
[51 15 14],1,0,1,0
[51 20 3],1,0,1,0
[51 20 10],1,0,1,0
[51 20 24],1,0,1,0
[51 26 2],1,0,1,0
[51 28 18],1,0,1,0
[51 38 3],3,0,3,0
[51 38 24],1,0,1,0
[51 38 32],1,0,1,0
[51 51 3],1,1,2,0
[51 51 24],1,0,1,0
[51 55 18],1,0,1,0
[51 61 10],1,0,1,0
[51 61 23],1,0,1,0
[51 65 2],6,4,10,0
[51 65 15],1,0,1,0
[51 65 23],1,0,1,0
[51 65 29],1,0,1,0
[51 65 30],1,1,2,0
[51 74 10],1,0,1,0
[51 97 0],1,0,1,0
[51 97 9],1,0,1,0
[51 97 26],1,0,1,0
[52 0 3],3,2,5,0
[52 0 10],1,0,1,0
[52 0 14],5,2,7,0
[52 0 18],3,1,4,0
[52 0 24],2,1,3,0
[52 0 28],1,0,1,0
[52 0 30],1,0,1,0
[52 5 0],54,11,65,0
[52 5 9],2,0,2,0
[52 5 26],2,0,2,0
[52 5 31],2,0,2,0
[52 6 0],1,0,1,0
[52 6 3],1,0,1,0
[52 7 3],1,0,1,0
[52 8 22],1,0,1,0
[52 10 3],4,0,4,0
[52 10 10],1,0,1,0
[52 10 14],1,0,1,0
[52 10 15],1,0,1,0
[52 20 3],3,0,3,0
[52 20 14],1,1,2,0
[52 20 18],1,0,1,0
[52 23 0],4,1,5,0
[52 23 3],4,1,5,0
[52 23 9],1,0,1,0
[52 23 10],2,0,2,0
[52 23 14],2,0,2,0
[52 23 18],2,0,2,0
[52 23 24],1,1,2,0
[52 23 31],1,0,1,0
[52 23 32],1,0,1,0
[52 23 33],1,0,1,0
[52 24 3],1,0,1,0
[52 24 10],1,0,1,0
[52 24 32],1,0,1,0
[52 28 3],2,1,3,0
[52 28 10],1,0,1,0
[52 28 18],1,1,2,0
[52 29 0],10,8,18,0
[52 30 3],1,0,1,0
[52 30 31],1,0,1,0
[52 30 46],1,0,1,0
[52 31 0],8,2,10,0
[52 31 9],1,0,1,0
[52 32 24],1,0,1,0
[52 35 3],1,1,2,0
[52 35 14],1,0,1,0
[52 37 18],1,0,1,0
[52 38 18],1,0,1,0
[52 49 3],1,0,1,0
[52 49 18],1,0,1,0
[52 49 23],1,0,1,0
[52 49 33],1,0,1,0
[52 52 18],1,0,1,0
[52 52 24],2,0,2,0
[52 52 28],1,0,1,0
[52 53 0],2,0,2,0
[52 53 22],1,0,1,0
[52 54 0],1,2,3,0
[52 54 23],1,0,1,0
[52 57 22],2,0,2,0
[52 61 3],2,0,2,0
[52 61 10],1,0,1,0
[52 61 32],1,0,1,0
[52 63 3],1,0,1,0
[52 64 3],1,0,1,0
[52 64 10],1,0,1,0
[52 65 9],1,0,1,0
[52 66 0],1,0,1,0
[52 66 3],1,0,1,0
[52 67 3],1,1,2,0
[52 71 3],1,1,2,0
[52 71 9],1,0,1,0
[52 71 10],1,0,1,0
[52 74 3],2,0,2,0
[52 74 18],2,0,2,0
[52 78 3],1,0,1,0
[52 81 3],1,0,1,0
[52 97 0],3,0,3,0
[53 0 3],1,0,1,0
[53 0 10],1,0,1,0
[53 0 18],1,0,1,0
[53 0 28],1,0,1,0
[53 5 3],1,0,1,0
[53 7 18],1,0,1,0
[53 11 10],1,0,1,0
[53 26 9],1,0,1,0
[53 26 18],1,0,1,0
[53 30 22],2,1,3,0
[53 31 0],7,2,9,0
[53 31 18],1,0,1,0
[53 31 22],19,4,23,0
[53 35 3],1,0,1,0
[53 37 3],2,1,3,0
[53 52 2],1,0,1,0
[53 53 3],1,0,1,0
[53 54 3],1,0,1,0
[53 67 32],3,0,3,0
[53 75 18],1,0,1,0
[53 80 2],1,0,1,0
[53 82 9],1,0,1,0
[53 82 33],1,0,1,0
[53 84 18],1,0,1,0
[53 90 2],12,2,14,0
[53 90 15],5,2,7,0
[53 90 23],6,1,7,0
[53 90 29],2,0,2,0
[53 90 30],1,0,1,0
[53 90 33],1,0,1,0
[54 0 3],2,2,4,0
[54 0 10],2,2,4,0
[54 3 0],1,0,1,0
[54 5 0],1,0,1,0
[54 7 10],1,0,1,0
[54 7 18],1,0,1,0
[54 7 33],1,1,2,0
[54 10 2],1,1,2,0
[54 20 3],1,0,1,0
[54 20 9],1,2,3,0
[54 20 32],1,0,1,0
[54 24 10],1,0,1,0
[54 25 0],1,0,1,0
[54 28 15],1,0,1,0
[54 29 15],1,0,1,0
[54 29 28],1,0,1,0
[54 29 33],1,0,1,0
[54 30 22],1,0,1,0
[54 37 9],1,0,1,0
[54 39 9],1,0,1,0
[54 40 9],2,0,2,0
[54 40 28],1,0,1,0
[54 52 15],1,0,1,0
[54 53 15],1,0,1,0
[54 54 23],1,0,1,0
[54 61 15],1,0,1,0
[54 61 18],1,0,1,0
[54 61 24],1,0,1,0
[54 63 9],1,0,1,0
[54 67 2],1,0,1,0
[54 67 29],1,0,1,0
[54 72 2],1,0,1,0
[54 73 9],1,0,1,0
[54 74 15],1,0,1,0
[54 74 23],1,0,1,0
[54 74 29],1,0,1,0
[54 75 22],1,1,2,0
[55 0 0],2,0,2,0
[55 0 3],3,1,4,0
[55 0 10],4,2,6,0
[55 0 14],1,0,1,0
[55 0 18],2,1,3,0
[55 0 24],1,0,1,0
[55 0 32],1,0,1,0
[55 0 33],1,0,1,0
[55 2 3],1,0,1,0
[55 2 14],2,0,2,0
[55 3 3],1,0,1,0
[55 5 0],11,1,12,0
[55 5 9],1,0,1,0
[55 5 15],1,3,4,0
[55 5 31],1,0,1,0
[55 7 0],1,0,1,0
[55 7 3],1,0,1,0
[55 7 15],1,2,3,0
[55 7 18],1,0,1,0
[55 8 14],1,0,1,0
[55 10 3],1,0,1,0
[55 10 18],1,0,1,0
[55 10 33],1,0,1,0
[55 11 3],1,0,1,0
[55 11 14],1,0,1,0
[55 12 0],1,0,1,0
[55 12 3],1,0,1,0
[55 15 9],1,0,1,0
[55 17 10],1,0,1,0
[55 17 24],1,0,1,0
[55 18 0],6,0,6,0
[55 18 10],6,0,6,0
[55 18 41],4,0,4,0
[55 20 10],1,0,1,0
[55 21 9],1,0,1,0
[55 21 26],1,0,1,0
[55 22 15],1,0,1,0
[55 24 3],1,0,1,0
[55 25 2],2,0,2,0
[55 25 49],2,0,2,0
[55 26 24],2,0,2,0
[55 26 46],1,0,1,0
[55 28 15],1,0,1,0
[55 29 0],2,5,7,0
[55 29 15],1,0,1,0
[55 30 0],1,0,1,0
[55 30 18],1,0,1,0
[55 30 28],1,0,1,0
[55 31 0],7,2,9,0
[55 31 18],1,0,1,0
[55 31 31],1,0,1,0
[55 32 32],1,0,1,0
[55 35 9],1,0,1,0
[55 37 0],1,0,1,0
[55 38 3],1,0,1,0
[55 38 18],1,0,1,0
[55 40 0],1,0,1,0
[55 40 18],1,0,1,0
[55 40 28],1,0,1,0
[55 45 15],1,0,1,0
[55 49 15],1,0,1,0
[55 51 31],1,0,1,0
[55 53 3],1,0,1,0
[55 54 0],6,2,8,0
[55 54 15],1,0,1,0
[55 55 0],2,0,2,0
[55 55 3],4,3,7,0
[55 55 9],1,1,2,0
[55 55 15],1,1,2,0
[55 55 24],1,0,1,0
[55 55 28],1,0,1,0
[55 55 31],1,1,2,0
[55 56 22],1,0,1,0
[55 57 32],1,0,1,0
[55 59 0],1,0,1,0
[55 59 32],1,0,1,0
[55 66 2],3,1,4,0
[55 66 3],1,0,1,0
[55 66 18],1,0,1,0
[55 66 27],2,0,2,0
[55 66 49],1,0,1,0
[55 73 3],1,0,1,0
[55 73 15],1,0,1,0
[55 75 46],1,0,1,0
[55 76 0],2,0,2,0
[55 76 9],1,0,1,0
[55 76 22],1,0,1,0
[55 78 33],1,0,1,0
[55 86 3],1,0,1,0
[55 91 10],1,0,1,0
[55 97 0],6,2,8,0
[55 97 9],2,0,2,0
[55 97 18],1,0,1,0
[55 97 28],1,0,1,0
[55 97 31],1,0,1,0
[56 0 3],3,1,4,0
[56 0 10],4,0,4,0
[56 0 14],1,0,1,0
[56 0 32],1,0,1,0
[56 1 15],5,1,6,0
[56 1 23],4,0,4,0
[56 1 29],1,0,1,0
[56 2 7],1,0,1,0
[56 2 14],8,1,9,0
[56 2 15],1,0,1,0
[56 2 18],1,0,1,0
[56 2 23],1,0,1,0
[56 2 24],1,0,1,0
[56 2 28],1,0,1,0
[56 2 32],1,0,1,0
[56 2 33],1,0,1,0
[56 2 63],1,0,1,0
[56 3 10],2,0,2,0
[56 3 14],3,0,3,0
[56 3 24],1,0,1,0
[56 4 3],1,0,1,0
[56 4 10],8,2,10,0
[56 4 18],1,0,1,0
[56 4 24],2,0,2,0
[56 4 32],2,0,2,0
[56 5 3],1,0,1,0
[56 8 3],1,0,1,0
[56 8 10],8,2,10,0
[56 8 14],7,2,9,0
[56 8 18],1,1,2,0
[56 8 24],3,0,3,0
[56 8 33],1,1,2,0
[56 11 3],1,0,1,0
[56 11 10],1,1,2,0
[56 11 15],1,0,1,0
[56 11 18],1,0,1,0
[56 12 10],1,0,1,0
[56 12 24],1,0,1,0
[56 17 0],10,3,13,0
[56 17 24],1,0,1,0
[56 18 10],2,1,3,0
[56 18 14],1,0,1,0
[56 18 33],1,0,1,0
[56 21 2],6,1,7,0
[56 24 10],1,0,1,0
[56 34 14],1,0,1,0
[56 47 15],1,0,1,0
[56 50 14],1,0,1,0
[56 56 10],1,1,2,0
[56 56 14],1,1,2,0
[56 56 18],1,1,2,0
[56 56 32],1,0,1,0
[56 83 32],1,0,1,0
[56 91 10],1,0,1,0
[56 97 0],23,11,34,0
[56 97 3],1,1,2,0
[56 97 7],1,0,1,0
[56 97 9],3,0,3,0
[56 97 18],2,0,2,0
[57 0 0],3,2,5,0
[57 0 9],2,0,2,0
[57 0 32],1,0,1,0
[57 5 0],5,2,7,0
[57 5 9],1,1,2,0
[57 5 18],1,0,1,0
[57 9 14],1,0,1,0
[57 10 27],1,1,2,0
[57 15 9],1,0,1,0
[57 16 0],1,0,1,0
[57 16 9],2,0,2,0
[57 18 0],1,0,1,0
[57 22 0],1,1,2,0
[57 22 15],1,0,1,0
[57 22 27],1,0,1,0
[57 23 26],1,0,1,0
[57 26 27],2,0,2,0
[57 29 0],1,0,1,0
[57 30 0],1,0,1,0
[57 31 0],1,0,1,0
[57 32 0],1,0,1,0
[57 32 9],1,0,1,0
[57 46 9],1,0,1,0
[57 49 0],1,1,2,0
[57 49 2],1,0,1,0
[57 49 27],4,3,7,0
[57 52 27],1,0,1,0
[57 63 22],1,0,1,0
[57 66 2],1,0,1,0
[57 66 27],1,0,1,0
[57 71 0],2,0,2,0
[57 73 27],1,0,1,0
[57 79 0],1,0,1,0
[57 81 0],1,0,1,0
[57 81 26],1,0,1,0
[57 84 14],1,0,1,0
[57 84 27],2,0,2,0
[57 96 0],2,1,3,0
[57 96 3],1,0,1,0
[57 96 18],1,0,1,0
[57 96 28],1,0,1,0
[57 97 0],1,0,1,0
[57 97 9],1,0,1,0
[58 0 0],25,11,36,0
[58 0 10],1,0,1,0
[58 5 15],2,0,2,0
[58 6 9],1,0,1,0
[58 6 15],6,1,7,0
[58 6 23],10,4,14,0
[58 6 29],3,2,5,0
[58 26 3],1,0,1,0
[58 26 32],1,0,1,0
[58 33 9],3,1,4,0
[58 79 32],1,0,1,0
[59 0 3],1,1,2,0
[59 0 10],1,1,2,0
[59 0 14],1,0,1,0
[59 0 18],1,0,1,0
[59 0 32],1,0,1,0
[59 1 15],3,1,4,0
[59 2 0],1,0,1,0
[59 2 3],2,0,2,0
[59 2 9],2,0,2,0
[59 2 14],7,2,9,0
[59 2 48],1,0,1,0
[59 4 10],6,0,6,0
[59 4 14],1,0,1,0
[59 4 18],1,0,1,0
[59 4 28],1,0,1,0
[59 4 33],1,1,2,0
[59 5 31],1,0,1,0
[59 8 3],1,0,1,0
[59 8 9],1,0,1,0
[59 8 14],1,0,1,0
[59 8 28],1,0,1,0
[59 8 33],1,0,1,0
[59 9 3],2,0,2,0
[59 9 9],1,0,1,0
[59 9 26],1,0,1,0
[59 10 2],1,0,1,0
[59 11 3],1,0,1,0
[59 11 10],2,0,2,0
[59 11 14],2,0,2,0
[59 11 18],1,0,1,0
[59 11 32],1,0,1,0
[59 14 14],2,1,3,0
[59 15 0],3,0,3,0
[59 15 9],1,0,1,0
[59 15 22],5,0,5,0
[59 17 0],2,0,2,0
[59 17 3],2,1,3,0
[59 17 28],1,0,1,0
[59 18 14],1,0,1,0
[59 24 3],1,0,1,0
[59 24 10],1,0,1,0
[59 24 14],1,0,1,0
[59 25 3],1,0,1,0
[59 34 14],1,0,1,0
[59 38 2],3,0,3,0
[59 38 27],1,0,1,0
[59 45 3],1,0,1,0
[59 47 3],1,0,1,0
[59 48 3],1,0,1,0
[59 48 24],1,0,1,0
[59 51 10],1,0,1,0
[59 55 10],1,0,1,0
[59 56 9],1,1,2,0
[59 56 10],1,0,1,0
[59 59 18],1,0,1,0
[59 59 32],1,1,2,0
[59 59 33],1,0,1,0
[59 60 33],1,0,1,0
[59 67 3],1,0,1,0
[59 72 14],1,0,1,0
[59 82 24],1,0,1,0
[59 91 3],1,0,1,0
[59 91 10],1,0,1,0
[59 91 18],2,0,2,0
[59 91 28],1,0,1,0
[59 97 0],15,3,18,0
[59 97 3],5,1,6,0
[59 97 9],3,0,3,0
[59 97 14],1,0,1,0
[59 97 22],4,0,4,0
[60 0 0],22,4,26,0
[60 0 18],2,0,2,0
[60 6 23],3,0,3,0
[60 6 26],1,0,1,0
[60 6 29],2,0,2,0
[60 7 0],1,0,1,0
[60 13 18],1,0,1,0
[60 19 23],1,1,2,0
[60 22 15],1,0,1,0
[60 22 18],1,0,1,0
[60 27 9],1,0,1,0
[60 33 9],3,0,3,0
[60 46 9],1,0,1,0
[60 46 18],2,0,2,0
[60 65 3],1,0,1,0
[61 0 0],2,1,3,0
[61 0 3],2,0,2,0
[61 0 9],1,0,1,0
[61 0 10],2,0,2,0
[61 0 14],1,0,1,0
[61 0 18],2,0,2,0
[61 0 23],1,0,1,0
[61 0 24],1,0,1,0
[61 0 32],1,0,1,0
[61 0 33],1,0,1,0
[61 0 38],2,0,2,0
[61 1 23],1,0,1,0
[61 2 18],1,0,1,0
[61 5 0],3,0,3,0
[61 5 3],1,0,1,0
[61 5 18],1,1,2,0
[61 5 31],2,0,2,0
[61 5 34],2,0,2,0
[61 6 0],1,0,1,0
[61 7 0],4,3,7,0
[61 7 18],1,0,1,0
[61 7 31],1,0,1,0
[61 7 34],2,1,3,0
[61 12 14],1,0,1,0
[61 13 2],1,0,1,0
[61 15 22],1,0,1,0
[61 18 0],1,0,1,0
[61 20 14],2,2,4,0
[61 20 37],1,1,2,0
[61 23 24],1,0,1,0
[61 23 47],1,0,1,0
[61 24 3],1,0,1,0
[61 29 0],2,0,2,0
[61 29 18],1,0,1,0
[61 29 31],1,0,1,0
[61 30 22],1,0,1,0
[61 32 0],3,0,3,0
[61 32 15],1,0,1,0
[61 32 24],1,0,1,0
[61 32 31],1,0,1,0
[61 32 34],2,0,2,0
[61 35 15],1,0,1,0
[61 40 0],3,0,3,0
[61 41 3],1,0,1,0
[61 41 18],1,0,1,0
[61 41 47],1,0,1,0
[61 49 14],1,0,1,0
[61 51 0],5,0,5,0
[61 51 14],1,0,1,0
[61 51 18],1,0,1,0
[61 52 14],2,0,2,0
[61 52 24],1,0,1,0
[61 52 33],1,0,1,0
[61 53 0],1,0,1,0
[61 53 22],3,0,3,0
[61 53 34],2,0,2,0
[61 53 55],1,0,1,0
[61 53 64],1,0,1,0
[61 54 0],1,0,1,0
[61 54 24],1,0,1,0
[61 54 62],1,0,1,0
[61 56 10],1,0,1,0
[61 61 3],2,0,2,0
[61 61 5],3,0,3,0
[61 61 9],1,0,1,0
[61 61 14],1,0,1,0
[61 61 24],2,0,2,0
[61 61 37],2,0,2,0
[61 65 0],1,0,1,0
[61 65 3],1,0,1,0
[61 65 18],1,0,1,0
[61 74 14],1,0,1,0
[61 75 46],1,0,1,0
[61 86 37],1,0,1,0
[61 89 15],1,0,1,0
[61 89 24],1,0,1,0
[61 93 0],1,0,1,0
[61 93 22],1,0,1,0
[61 96 2],1,0,1,0
[61 97 0],6,0,6,0
[61 97 18],1,0,1,0
[61 99 22],1,0,1,0
[62 0 0],47,15,62,0
[62 0 3],1,0,1,0
[62 0 14],2,0,2,0
[62 0 18],2,0,2,0
[62 1 23],1,0,1,0
[62 5 0],6,0,6,0
[62 6 0],2,0,2,0
[62 6 9],1,2,3,0
[62 6 26],1,0,1,0
[62 13 23],1,0,1,0
[62 13 29],1,0,1,0
[62 20 3],1,0,1,0
[62 24 26],1,0,1,0
[62 28 0],1,0,1,0
[62 32 0],1,0,1,0
[62 36 10],1,0,1,0
[62 36 15],2,0,2,0
[62 36 18],1,0,1,0
[62 96 0],9,1,10,0
[63 0 3],1,0,1,0
[63 0 14],2,0,2,0
[63 0 18],1,1,2,0
[63 0 24],1,0,1,0
[63 0 28],1,1,2,0
[63 3 22],1,0,1,0
[63 5 0],34,13,47,0
[63 5 9],3,0,3,0
[63 5 26],1,0,1,0
[63 5 31],3,0,3,0
[63 10 3],1,0,1,0
[63 10 18],1,0,1,0
[63 23 0],2,2,4,0
[63 23 3],3,0,3,0
[63 23 18],1,0,1,0
[63 23 28],1,0,1,0
[63 23 31],1,0,1,0
[63 23 33],1,0,1,0
[63 31 0],10,4,14,0
[63 31 26],1,0,1,0
[63 31 31],2,0,2,0
[63 37 0],3,0,3,0
[63 37 15],1,0,1,0
[63 51 18],1,0,1,0
[63 53 3],1,0,1,0
[63 54 0],5,1,6,0
[63 55 18],2,0,2,0
[63 57 22],1,0,1,0
[63 63 3],5,0,5,0
[63 63 18],1,0,1,0
[63 63 22],1,1,2,0
[63 63 49],1,0,1,0
[63 66 28],1,0,1,0
[63 67 3],1,0,1,0
[63 71 10],1,0,1,0
[63 73 18],2,0,2,0
[63 74 23],1,0,1,0
[64 0 0],2,0,2,0
[64 0 3],2,0,2,0
[64 0 18],1,0,1,0
[64 0 60],1,0,1,0
[64 5 0],7,1,8,0
[64 5 29],1,0,1,0
[64 10 3],1,0,1,0
[64 10 24],1,0,1,0
[64 20 2],1,0,1,0
[64 20 10],1,0,1,0
[64 20 24],1,0,1,0
[64 20 29],1,0,1,0
[64 28 18],1,1,2,0
[64 29 0],18,2,20,0
[64 29 3],1,0,1,0
[64 29 9],2,0,2,0
[64 29 15],2,0,2,0
[64 29 23],1,0,1,0
[64 29 26],3,0,3,0
[64 29 31],1,0,1,0
[64 31 0],1,0,1,0
[64 31 23],1,0,1,0
[64 35 24],1,0,1,0
[64 38 3],1,0,1,0
[64 55 0],1,0,1,0
[64 57 15],1,0,1,0
[64 71 9],2,0,2,0
[64 71 10],1,0,1,0
[64 71 26],1,0,1,0
[65 0 3],3,0,3,0
[65 0 10],5,5,10,0
[65 0 15],3,0,3,0
[65 0 28],1,1,2,0
[65 0 32],1,0,1,0
[65 7 0],9,4,13,0
[65 7 31],1,0,1,0
[65 22 29],1,0,1,0
[65 30 9],1,0,1,0
[65 32 0],1,0,1,0
[65 38 32],1,0,1,0
[65 40 0],29,11,40,0
[65 40 9],4,0,4,0
[65 40 23],1,0,1,0
[65 40 26],1,0,1,0
[65 40 31],3,1,4,0
[65 51 0],46,21,67,0
[65 51 3],1,0,1,0
[65 51 9],1,0,1,0
[65 51 55],1,0,1,0
[65 61 18],1,0,1,0
[65 65 0],1,0,1,0
[65 65 3],5,3,8,0
[65 65 9],1,0,1,0
[65 65 10],1,0,1,0
[65 65 14],1,1,2,0
[65 65 18],2,0,2,0
[65 65 24],2,2,4,0
[65 65 26],1,0,1,0
[65 86 0],1,0,1,0
[66 0 3],3,0,3,0
[66 0 12],1,0,1,0
[66 0 14],4,1,5,0
[66 0 15],1,0,1,0
[66 0 18],3,0,3,0
[66 0 23],2,0,2,0
[66 0 28],3,0,3,0
[66 0 33],1,0,1,0
[66 5 0],12,3,15,0
[66 6 33],1,0,1,0
[66 10 18],2,0,2,0
[66 10 26],1,0,1,0
[66 13 23],1,0,1,0
[66 23 0],18,5,23,0
[66 23 9],1,0,1,0
[66 23 18],2,0,2,0
[66 23 22],1,0,1,0
[66 23 24],1,0,1,0
[66 23 26],1,0,1,0
[66 23 31],1,0,1,0
[66 23 34],1,0,1,0
[66 31 0],2,1,3,0
[66 35 3],1,0,1,0
[66 35 18],1,0,1,0
[66 35 33],1,0,1,0
[66 52 3],2,0,2,0
[66 55 0],1,0,1,0
[66 55 9],1,0,1,0
[66 55 22],7,2,9,0
[66 55 31],1,0,1,0
[66 57 22],2,0,2,0
[66 66 0],2,0,2,0
[66 66 2],1,0,1,0
[66 66 15],7,0,7,0
[66 66 18],4,0,4,0
[66 66 24],1,0,1,0
[66 66 27],1,0,1,0
[66 66 28],6,0,6,0
[67 0 3],2,1,3,0
[67 0 10],3,0,3,0
[67 0 28],2,0,2,0
[67 0 33],1,0,1,0
[67 1 15],1,0,1,0
[67 2 14],1,0,1,0
[67 4 10],1,0,1,0
[67 4 26],1,0,1,0
[67 5 0],12,3,15,0
[67 5 3],1,0,1,0
[67 5 15],1,0,1,0
[67 5 23],1,0,1,0
[67 5 31],3,1,4,0
[67 12 22],1,0,1,0
[67 17 9],1,0,1,0
[67 18 0],3,0,3,0
[67 21 9],2,0,2,0
[67 21 14],1,0,1,0
[67 22 28],1,0,1,0
[67 24 0],15,0,15,0
[67 24 14],1,0,1,0
[67 24 41],2,0,2,0
[67 26 36],1,0,1,0
[67 31 0],3,0,3,0
[67 31 22],1,0,1,0
[67 31 31],1,0,1,0
[67 41 49],1,0,1,0
[67 43 0],1,0,1,0
[67 53 23],1,0,1,0
[67 53 33],3,0,3,0
[67 54 0],2,0,2,0
[67 54 14],1,0,1,0
[67 54 15],2,0,2,0
[67 54 31],1,0,1,0
[67 59 0],1,0,1,0
[67 59 18],1,0,1,0
[67 61 9],1,0,1,0
[67 63 3],1,0,1,0
[67 67 3],4,0,4,0
[67 75 0],2,0,2,0
[67 75 9],1,0,1,0
[67 75 18],1,0,1,0
[67 82 3],1,0,1,0
[67 82 24],1,0,1,0
[67 82 32],1,0,1,0
[67 86 2],1,0,1,0
[67 93 3],1,0,1,0
[67 97 0],2,0,2,0
[67 97 9],1,0,1,0
[68 0 3],3,0,3,0
[68 0 6],1,0,1,0
[68 0 10],2,0,2,0
[68 0 11],1,0,1,0
[68 0 15],2,0,2,0
[68 0 17],1,0,1,0
[68 0 18],2,0,2,0
[68 0 23],2,0,2,0
[68 0 24],1,0,1,0
[68 0 27],1,0,1,0
[68 0 29],1,0,1,0
[68 0 36],1,1,2,0
[68 0 52],2,0,2,0
[68 1 15],2,1,3,0
[68 2 14],3,0,3,0
[68 5 0],1,0,1,0
[68 8 14],2,0,2,0
[68 8 24],1,0,1,0
[68 11 3],1,0,1,0
[68 11 14],1,0,1,0
[68 11 15],1,0,1,0
[68 11 24],1,0,1,0
[68 15 0],1,0,1,0
[68 15 9],1,1,2,0
[68 15 31],1,0,1,0
[68 15 37],1,0,1,0
[68 15 38],2,1,3,0
[68 15 53],1,0,1,0
[68 17 0],2,0,2,0
[68 25 14],1,0,1,0
[68 54 0],1,0,1,0
[68 68 9],1,0,1,0
[68 68 10],5,0,5,0
[68 68 14],3,0,3,0
[68 68 18],2,0,2,0
[68 68 24],3,0,3,0
[68 68 28],2,0,2,0
[68 68 32],2,0,2,0
[68 68 33],2,0,2,0
[68 70 0],1,0,1,0
[68 72 27],1,0,1,0
[68 72 67],1,0,1,0
[68 85 0],1,0,1,0
[68 97 0],5,1,6,0
[69 0 9],16,3,19,0
[69 0 10],2,0,2,0
[69 0 14],1,0,1,0
[69 0 18],1,1,2,0
[69 0 28],1,0,1,0
[69 0 30],1,1,2,0
[69 0 59],1,0,1,0
[69 1 15],4,0,4,0
[69 1 18],1,0,1,0
[69 1 22],33,7,40,0
[69 1 23],3,1,4,0
[69 1 26],1,0,1,0
[69 1 29],3,0,3,0
[69 1 45],4,1,5,0
[69 1 59],4,0,4,0
[69 2 9],2,0,2,0
[69 2 18],1,0,1,0
[69 6 9],5,0,5,0
[69 11 14],1,0,1,0
[69 12 9],3,0,3,0
[69 14 9],1,0,1,0
[69 14 14],1,0,1,0
[69 15 0],1,0,1,0
[69 15 9],3,0,3,0
[69 15 22],1,0,1,0
[69 15 26],1,0,1,0
[69 41 9],1,0,1,0
[69 42 14],1,1,2,0
[69 62 9],1,0,1,0
[69 69 3],1,1,2,0
[69 69 9],1,0,1,0
[69 69 14],1,0,1,0
[69 69 23],2,0,2,0
[69 69 24],1,0,1,0
[69 69 28],4,0,4,0
[69 69 33],2,0,2,0
[69 70 0],3,2,5,0
[69 70 9],3,2,5,0
[69 70 26],1,0,1,0
[69 79 9],1,0,1,0
[69 97 26],1,0,1,0
[70 0 15],5,0,5,0
[70 0 29],2,0,2,0
[70 1 15],6,0,6,0
[70 1 23],5,1,6,0
[70 1 29],2,0,2,0
[70 7 15],1,0,1,0
[70 11 28],1,0,1,0
[70 12 14],2,0,2,0
[70 15 2],1,0,1,0
[70 22 15],4,1,5,0
[70 22 29],2,0,2,0
[70 32 14],1,0,1,0
[70 43 23],1,0,1,0
[70 69 15],3,0,3,0
[70 69 23],2,0,2,0
[70 70 29],1,0,1,0
[70 97 0],1,0,1,0
[71 0 3],1,0,1,0
[71 0 10],1,0,1,0
[71 0 14],1,0,1,0
[71 5 0],6,3,9,0
[71 5 15],2,0,2,0
[71 5 23],1,0,1,0
[71 7 10],1,0,1,0
[71 20 3],5,2,7,0
[71 20 14],14,2,16,0
[71 20 15],6,2,8,0
[71 20 18],2,1,3,0
[71 20 23],7,1,8,0
[71 23 3],1,0,1,0
[71 26 18],1,0,1,0
[71 28 0],4,3,7,0
[71 28 3],4,0,4,0
[71 28 14],1,0,1,0
[71 28 15],1,0,1,0
[71 28 18],2,0,2,0
[71 28 22],1,1,2,0
[71 28 24],1,1,2,0
[71 28 41],1,1,2,0
[71 29 0],30,8,38,0
[71 29 9],1,0,1,0
[71 29 15],3,2,5,0
[71 29 31],1,0,1,0
[71 38 23],1,0,1,0
[71 49 3],2,0,2,0
[71 52 3],1,0,1,0
[71 64 3],1,0,1,0
[71 64 14],3,0,3,0
[71 64 23],1,1,2,0
[71 71 3],1,0,1,0
[71 71 9],1,0,1,0
[71 71 10],1,0,1,0
[71 80 43],3,0,3,0
[71 81 3],3,4,7,0
[71 81 9],1,0,1,0
[71 81 18],6,3,9,0
[71 81 28],1,0,1,0
[71 81 32],1,1,2,0
[71 85 24],1,0,1,0
[72 0 3],3,0,3,0
[72 0 10],10,0,10,0
[72 0 14],2,0,2,0
[72 0 24],1,0,1,0
[72 0 32],1,0,1,0
[72 2 14],1,1,2,0
[72 2 22],1,0,1,0
[72 2 31],1,0,1,0
[72 3 22],1,0,1,0
[72 5 0],5,4,9,0
[72 7 18],1,0,1,0
[72 7 28],1,0,1,0
[72 7 33],1,0,1,0
[72 10 22],1,0,1,0
[72 10 46],1,0,1,0
[72 12 18],1,0,1,0
[72 15 3],1,0,1,0
[72 15 28],1,0,1,0
[72 20 0],1,0,1,0
[72 20 3],1,0,1,0
[72 20 10],1,2,3,0
[72 20 32],1,1,2,0
[72 22 14],1,0,1,0
[72 24 14],1,1,2,0
[72 26 10],1,0,1,0
[72 29 0],2,1,3,0
[72 29 3],1,0,1,0
[72 30 0],1,0,1,0
[72 31 0],3,0,3,0
[72 32 15],1,0,1,0
[72 35 22],1,0,1,0
[72 37 3],1,0,1,0
[72 37 10],1,0,1,0
[72 38 3],1,0,1,0
[72 38 24],1,0,1,0
[72 41 10],1,0,1,0
[72 51 24],1,0,1,0
[72 52 3],1,0,1,0
[72 54 0],2,1,3,0
[72 54 31],1,0,1,0
[72 59 10],1,0,1,0
[72 63 22],1,0,1,0
[72 67 22],2,0,2,0
[72 74 22],7,1,8,0
[72 74 46],1,0,1,0
[72 75 10],1,0,1,0
[72 78 0],1,0,1,0
[72 78 2],1,0,1,0
[72 78 9],1,0,1,0
[72 78 22],29,7,36,0
[72 78 24],1,0,1,0
[72 78 46],2,1,3,0
[72 82 3],1,0,1,0
[72 82 32],1,0,1,0
[72 89 18],1,0,1,0
[73 0 3],1,1,2,0
[73 0 24],1,0,1,0
[73 0 28],1,0,1,0
[73 5 0],18,4,22,0
[73 5 3],1,0,1,0
[73 5 18],1,0,1,0
[73 5 26],1,0,1,0
[73 5 31],1,0,1,0
[73 8 14],1,0,1,0
[73 10 3],1,1,2,0
[73 10 18],1,0,1,0
[73 20 14],1,1,2,0
[73 20 15],1,0,1,0
[73 23 14],1,0,1,0
[73 23 24],1,0,1,0
[73 28 10],1,0,1,0
[73 28 14],1,0,1,0
[73 28 15],1,0,1,0
[73 28 29],1,0,1,0
[73 29 0],1,1,2,0
[73 29 15],1,0,1,0
[73 31 0],1,1,2,0
[73 32 0],1,0,1,0
[73 35 9],3,0,3,0
[73 37 18],1,0,1,0
[73 47 15],1,0,1,0
[73 54 0],1,2,3,0
[73 55 0],1,0,1,0
[73 55 26],1,0,1,0
[73 71 18],1,0,1,0
[73 73 9],1,0,1,0
[73 73 23],1,0,1,0
[73 75 22],1,1,2,0
[73 75 46],1,0,1,0
[73 76 3],1,0,1,0
[73 76 10],1,0,1,0
[73 81 18],2,0,2,0
[73 97 0],1,1,2,0
[73 97 3],1,0,1,0
[74 0 3],1,0,1,0
[74 0 10],1,1,2,0
[74 0 14],1,0,1,0
[74 0 18],1,0,1,0
[74 5 0],21,5,26,0
[74 5 9],1,2,3,0
[74 5 26],2,0,2,0
[74 5 31],3,2,5,0
[74 7 24],1,0,1,0
[74 20 3],1,0,1,0
[74 25 3],1,0,1,0
[74 25 18],1,0,1,0
[74 29 0],1,0,1,0
[74 31 0],1,0,1,0
[74 41 3],2,0,2,0
[74 51 18],1,0,1,0
[74 53 9],1,0,1,0
[74 53 10],1,0,1,0
[74 54 0],7,2,9,0
[74 54 9],1,0,1,0
[74 54 26],1,0,1,0
[74 63 9],1,0,1,0
[74 72 2],3,2,5,0
[74 72 30],1,0,1,0
[74 72 36],1,0,1,0
[74 72 49],1,1,2,0
[74 74 3],2,0,2,0
[74 74 10],1,0,1,0
[74 78 14],1,0,1,0
[74 78 23],1,0,1,0
[75 0 10],2,1,3,0
[75 0 32],1,0,1,0
[75 2 14],1,0,1,0
[75 5 3],1,1,2,0
[75 5 15],1,0,1,0
[75 5 31],1,0,1,0
[75 5 33],1,0,1,0
[75 7 33],1,0,1,0
[75 30 3],1,0,1,0
[75 30 15],2,0,2,0
[75 30 23],2,0,2,0
[75 31 3],1,1,2,0
[75 31 10],1,0,1,0
[75 37 3],1,1,2,0
[75 37 18],1,0,1,0
[75 37 33],1,0,1,0
[75 53 18],1,0,1,0
[75 61 2],1,0,1,0
[75 80 2],1,0,1,0
[75 82 10],1,0,1,0
[75 90 32],1,0,1,0
[75 93 24],2,0,2,0
[75 97 3],1,0,1,0
[75 97 9],1,0,1,0
[75 97 24],1,0,1,0
[75 97 31],1,0,1,0
[76 0 3],3,0,3,0
[76 0 18],1,0,1,0
[76 0 24],1,0,1,0
[76 0 32],1,0,1,0
[76 0 36],1,0,1,0
[76 1 15],1,0,1,0
[76 1 23],1,0,1,0
[76 8 14],2,0,2,0
[76 11 14],1,0,1,0
[76 11 18],1,0,1,0
[76 17 0],1,0,1,0
[76 20 15],1,0,1,0
[76 21 2],6,1,7,0
[76 22 15],1,0,1,0
[76 22 29],2,0,2,0
[76 26 10],1,0,1,0
[76 26 18],2,0,2,0
[76 32 3],1,0,1,0
[76 32 18],1,0,1,0
[76 32 24],1,0,1,0
[76 32 33],1,0,1,0
[76 43 10],1,1,2,0
[76 44 14],1,1,2,0
[76 44 18],2,0,2,0
[76 44 24],1,0,1,0
[76 45 2],1,0,1,0
[76 50 3],1,0,1,0
[76 55 3],1,0,1,0
[76 73 2],1,0,1,0
[76 89 2],1,0,1,0
[76 89 27],1,0,1,0
[76 89 49],1,1,2,0
[76 94 14],1,0,1,0
[76 97 0],5,1,6,0
[76 97 9],1,0,1,0
[76 97 18],1,0,1,0
[77 0 0],5,1,6,0
[77 0 3],3,3,6,0
[77 0 15],13,2,15,0
[77 0 23],4,2,6,0
[77 0 29],2,1,3,0
[77 8 0],1,0,1,0
[77 13 18],1,0,1,0
[77 13 23],1,0,1,0
[77 16 3],1,0,1,0
[77 16 23],2,0,2,0
[77 33 9],1,0,1,0
[77 77 18],1,0,1,0
[77 97 0],2,2,4,0
[78 0 10],3,0,3,0
[78 0 14],1,0,1,0
[78 2 3],1,0,1,0
[78 2 14],1,0,1,0
[78 5 0],1,2,3,0
[78 5 3],1,0,1,0
[78 5 9],1,0,1,0
[78 7 28],1,0,1,0
[78 11 2],1,0,1,0
[78 18 26],1,0,1,0
[78 20 0],1,0,1,0
[78 20 10],1,0,1,0
[78 24 18],1,0,1,0
[78 26 10],1,0,1,0
[78 30 0],1,0,1,0
[78 30 22],1,0,1,0
[78 30 28],1,0,1,0
[78 31 0],3,2,5,0
[78 31 31],1,0,1,0
[78 32 3],1,0,1,0
[78 32 33],1,0,1,0
[78 37 0],10,7,17,0
[78 51 10],1,0,1,0
[78 52 3],1,1,2,0
[78 54 0],2,2,4,0
[78 63 23],1,0,1,0
[78 72 2],6,3,9,0
[78 72 15],4,0,4,0
[78 72 23],1,0,1,0
[78 72 27],1,1,2,0
[78 72 49],3,2,5,0
[78 74 9],1,0,1,0
[78 74 10],1,0,1,0
[78 75 0],1,0,1,0
[78 78 0],1,0,1,0
[78 78 10],1,0,1,0
[78 78 18],1,0,1,0
[78 78 46],1,0,1,0
[78 82 3],1,0,1,0
[78 90 33],1,0,1,0
[78 93 3],1,0,1,0
[78 93 14],1,0,1,0
[78 97 0],2,0,2,0
[78 97 31],1,0,1,0
[79 0 2],1,0,1,0
[79 0 3],2,0,2,0
[79 0 9],2,0,2,0
[79 0 14],2,0,2,0
[79 0 15],4,0,4,0
[79 0 18],1,0,1,0
[79 0 23],3,0,3,0
[79 0 29],5,0,5,0
[79 0 30],1,0,1,0
[79 0 33],2,0,2,0
[79 0 52],1,0,1,0
[79 1 15],1,0,1,0
[79 1 29],1,0,1,0
[79 8 0],1,1,2,0
[79 14 14],1,0,1,0
[79 22 15],1,0,1,0
[79 26 3],1,0,1,0
[79 26 14],1,0,1,0
[79 70 0],1,0,1,0
[79 70 9],2,0,2,0
[79 70 43],1,0,1,0
[79 79 3],1,0,1,0
[80 0 24],1,1,2,0
[80 0 33],1,0,1,0
[80 5 0],12,9,21,0
[80 5 31],1,0,1,0
[80 11 0],1,0,1,0
[80 20 15],1,0,1,0
[80 20 24],1,0,1,0
[80 26 9],1,0,1,0
[80 28 18],1,0,1,0
[80 29 0],16,2,18,0
[80 29 26],1,0,1,0
[80 32 0],1,0,1,0
[80 35 3],1,1,2,0
[80 35 18],1,0,1,0
[80 49 9],1,0,1,0
[80 51 0],1,0,1,0
[80 51 24],1,0,1,0
[80 53 0],1,0,1,0
[80 53 22],1,0,1,0
[80 54 0],1,0,1,0
[80 57 22],2,1,3,0
[80 67 10],1,0,1,0
[80 67 22],1,0,1,0
[80 71 10],1,0,1,0
[80 71 14],1,0,1,0
[80 75 0],2,1,3,0
[80 90 23],1,0,1,0
[80 97 0],3,0,3,0
[81 0 10],1,0,1,0
[81 5 0],6,4,10,0
[81 5 9],1,0,1,0
[81 5 31],1,0,1,0
[81 20 3],3,1,4,0
[81 20 14],2,1,3,0
[81 20 15],2,0,2,0
[81 20 24],1,0,1,0
[81 20 28],2,0,2,0
[81 23 3],1,0,1,0
[81 25 28],1,0,1,0
[81 28 3],8,2,10,0
[81 28 14],1,1,2,0
[81 28 18],1,2,3,0
[81 28 24],5,0,5,0
[81 28 33],1,1,2,0
[81 28 41],1,0,1,0
[81 29 0],20,9,29,0
[81 29 9],1,0,1,0
[81 29 31],1,1,2,0
[81 52 3],2,0,2,0
[81 52 24],1,0,1,0
[81 55 3],1,0,1,0
[81 64 3],1,1,2,0
[81 64 10],1,0,1,0
[81 64 14],2,0,2,0
[81 64 18],1,0,1,0
[81 64 24],1,0,1,0
[81 64 28],1,0,1,0
[81 71 0],1,0,1,0
[81 71 3],7,4,11,0
[81 71 9],3,0,3,0
[81 71 14],3,1,4,0
[81 71 18],2,0,2,0
[81 71 23],1,0,1,0
[81 71 28],1,0,1,0
[81 71 33],3,0,3,0
[81 81 3],2,0,2,0
[81 81 33],1,0,1,0
[82 0 3],1,5,6,0
[82 0 10],2,1,3,0
[82 0 18],1,0,1,0
[82 2 3],1,0,1,0
[82 2 14],6,1,7,0
[82 2 18],3,0,3,0
[82 3 3],1,0,1,0
[82 3 24],1,0,1,0
[82 4 18],1,0,1,0
[82 5 10],1,0,1,0
[82 5 15],2,1,3,0
[82 7 3],1,0,1,0
[82 8 3],2,0,2,0
[82 8 10],1,0,1,0
[82 8 14],1,0,1,0
[82 8 24],1,0,1,0
[82 8 32],1,0,1,0
[82 11 10],1,0,1,0
[82 11 15],1,0,1,0
[82 12 3],1,0,1,0
[82 12 10],1,0,1,0
[82 12 14],2,0,2,0
[82 15 0],3,0,3,0
[82 15 3],1,0,1,0
[82 24 3],1,0,1,0
[82 24 24],1,0,1,0
[82 25 18],1,0,1,0
[82 26 2],3,0,3,0
[82 29 3],2,0,2,0
[82 29 15],4,0,4,0
[82 30 14],1,0,1,0
[82 31 15],4,0,4,0
[82 32 10],1,0,1,0
[82 32 14],1,0,1,0
[82 45 15],1,0,1,0
[82 48 18],1,0,1,0
[82 53 15],1,0,1,0
[82 53 32],1,0,1,0
[82 59 3],1,0,1,0
[82 59 24],1,0,1,0
[82 67 33],1,0,1,0
[82 75 3],2,0,2,0
[82 75 24],1,0,1,0
[82 75 43],1,0,1,0
[82 78 24],1,0,1,0
[82 91 10],1,0,1,0
[82 93 24],1,0,1,0
[82 97 0],18,2,20,0
[82 97 28],1,0,1,0
[82 99 24],1,0,1,0
[83 0 3],2,0,2,0
[83 0 10],1,0,1,0
[83 0 14],2,0,2,0
[83 0 18],3,0,3,0
[83 0 32],1,0,1,0
[83 0 33],3,0,3,0
[83 1 15],3,0,3,0
[83 1 23],3,0,3,0
[83 1 29],1,0,1,0
[83 2 14],2,0,2,0
[83 3 0],2,0,2,0
[83 3 10],1,0,1,0
[83 3 14],6,0,6,0
[83 4 14],2,1,3,0
[83 4 18],1,0,1,0
[83 4 33],1,0,1,0
[83 7 18],1,0,1,0
[83 8 0],1,0,1,0
[83 8 3],1,0,1,0
[83 11 10],1,0,1,0
[83 11 14],3,0,3,0
[83 15 0],2,0,2,0
[83 17 0],8,1,9,0
[83 17 22],1,0,1,0
[83 18 10],1,0,1,0
[83 18 18],1,0,1,0
[83 18 32],1,0,1,0
[83 23 24],1,0,1,0
[83 44 15],1,0,1,0
[83 44 23],1,0,1,0
[83 44 32],1,0,1,0
[83 45 23],1,0,1,0
[83 56 18],1,0,1,0
[83 70 0],1,0,1,0
[83 83 3],15,0,15,0
[83 83 18],4,0,4,0
[83 83 24],1,0,1,0
[83 83 32],2,0,2,0
[83 83 33],1,0,1,0
[83 94 14],1,0,1,0
[83 97 0],14,8,22,0
[83 97 9],1,0,1,0
[83 97 18],1,0,1,0
[83 97 31],1,0,1,0
[84 0 0],3,0,3,0
[84 0 14],2,0,2,0
[84 0 30],1,1,2,0
[84 0 60],2,0,2,0
[84 1 29],1,0,1,0
[84 3 26],1,0,1,0
[84 5 0],5,1,6,0
[84 5 3],1,0,1,0
[84 7 3],1,0,1,0
[84 7 18],1,0,1,0
[84 8 0],1,0,1,0
[84 9 14],1,0,1,0
[84 10 3],1,0,1,0
[84 13 18],1,0,1,0
[84 16 9],1,0,1,0
[84 16 28],1,0,1,0
[84 20 0],1,0,1,0
[84 20 15],1,0,1,0
[84 22 15],2,0,2,0
[84 26 18],1,0,1,0
[84 29 0],1,0,1,0
[84 35 18],1,0,1,0
[84 40 0],1,0,1,0
[84 46 18],1,0,1,0
[84 49 0],1,0,1,0
[84 49 18],1,0,1,0
[84 53 18],1,0,1,0
[84 57 22],3,1,4,0
[84 85 32],1,0,1,0
[84 95 18],1,0,1,0
[84 97 0],1,0,1,0
[85 0 3],3,0,3,0
[85 0 9],9,2,11,0
[85 0 10],1,0,1,0
[85 0 14],6,1,7,0
[85 0 18],3,0,3,0
[85 0 24],1,0,1,0
[85 0 26],1,0,1,0
[85 0 31],1,0,1,0
[85 0 33],1,0,1,0
[85 1 22],1,0,1,0
[85 1 29],1,0,1,0
[85 6 0],2,0,2,0
[85 6 9],1,0,1,0
[85 8 14],1,0,1,0
[85 12 46],1,0,1,0
[85 15 0],3,0,3,0
[85 15 9],3,1,4,0
[85 15 14],1,0,1,0
[85 20 14],1,0,1,0
[85 20 32],1,0,1,0
[85 23 9],1,0,1,0
[85 26 22],1,0,1,0
[85 27 9],1,0,1,0
[85 29 0],2,0,2,0
[85 41 3],1,0,1,0
[85 48 14],1,0,1,0
[85 51 3],1,0,1,0
[85 52 24],1,0,1,0
[85 57 22],1,0,1,0
[85 68 15],1,0,1,0
[85 71 3],1,0,1,0
[85 97 0],1,0,1,0
[85 97 9],3,1,4,0
[86 0 3],1,0,1,0
[86 0 14],1,0,1,0
[86 0 32],1,0,1,0
[86 0 33],1,0,1,0
[86 6 22],1,0,1,0
[86 7 0],1,0,1,0
[86 7 9],1,0,1,0
[86 7 34],1,0,1,0
[86 8 15],1,0,1,0
[86 8 22],1,0,1,0
[86 8 46],1,0,1,0
[86 8 50],1,0,1,0
[86 11 3],2,1,3,0
[86 11 47],1,0,1,0
[86 13 1],1,1,2,0
[86 13 2],1,0,1,0
[86 15 0],2,1,3,0
[86 15 38],1,0,1,0
[86 19 1],2,0,2,0
[86 24 0],1,0,1,0
[86 39 2],1,0,1,0
[86 40 0],1,2,3,0
[86 55 3],1,0,1,0
[86 55 24],1,0,1,0
[86 61 3],1,0,1,0
[86 65 0],1,0,1,0
[86 67 34],1,0,1,0
[86 86 3],2,3,5,0
[86 86 28],3,0,3,0
[86 97 0],1,1,2,0
[87 0 2],1,0,1,0
[87 0 3],1,0,1,0
[87 0 14],1,0,1,0
[87 0 18],3,0,3,0
[87 0 24],1,0,1,0
[87 1 23],1,1,2,0
[87 3 14],1,0,1,0
[87 11 3],2,1,3,0
[87 11 14],1,0,1,0
[87 14 14],3,0,3,0
[87 14 15],1,0,1,0
[87 14 18],1,0,1,0
[87 15 0],2,0,2,0
[87 15 9],1,0,1,0
[87 15 21],1,0,1,0
[87 15 34],1,0,1,0
[87 15 37],1,0,1,0
[87 15 38],1,0,1,0
[87 15 53],1,0,1,0
[87 17 14],1,0,1,0
[87 57 37],1,0,1,0
[87 87 3],2,1,3,0
[87 87 10],1,0,1,0
[87 87 14],6,0,6,0
[87 87 15],1,0,1,0
[87 87 18],1,0,1,0
[87 87 26],1,0,1,0
[87 87 32],1,0,1,0
[87 87 52],4,0,4,0
[87 87 65],2,0,2,0
[87 96 2],1,0,1,0
[87 97 0],2,1,3,0
[87 97 22],1,0,1,0
[87 97 43],1,0,1,0
[88 0 0],27,5,32,0
[88 0 18],1,1,2,0
[88 6 0],2,1,3,0
[88 6 14],1,0,1,0
[88 6 23],1,0,1,0
[88 6 26],1,0,1,0
[88 6 31],2,0,2,0
[88 10 23],1,0,1,0
[88 13 15],1,0,1,0
[88 16 9],2,0,2,0
[88 19 15],1,0,1,0
[89 0 3],6,2,8,0
[89 0 10],1,0,1,0
[89 0 18],2,2,4,0
[89 0 24],1,0,1,0
[89 0 30],1,0,1,0
[89 1 15],1,0,1,0
[89 3 10],1,0,1,0
[89 8 3],1,0,1,0
[89 9 0],1,0,1,0
[89 19 18],1,0,1,0
[89 21 2],1,0,1,0
[89 26 18],1,0,1,0
[89 40 10],1,0,1,0
[89 41 3],1,0,1,0
[89 41 24],1,0,1,0
[89 76 0],14,1,15,0
[89 89 0],3,0,3,0
[89 89 3],3,0,3,0
[89 97 0],10,1,11,0
[89 97 9],1,0,1,0
[90 0 10],1,0,1,0
[90 26 3],1,0,1,0
[90 26 32],1,0,1,0
[90 30 15],1,0,1,0
[90 31 0],3,0,3,0
[90 31 9],4,1,5,0
[90 35 33],1,0,1,0
[90 53 0],14,3,17,0
[90 53 3],3,0,3,0
[90 53 9],18,5,23,0
[90 53 10],2,0,2,0
[90 53 26],1,2,3,0
[90 53 32],1,0,1,0
[90 53 41],1,0,1,0
[90 61 9],1,0,1,0
[91 0 18],2,1,3,0
[91 1 15],1,0,1,0
[91 2 14],1,1,2,0
[91 3 14],1,0,1,0
[91 8 3],1,0,1,0
[91 8 14],1,2,3,0
[91 8 18],2,0,2,0
[91 8 24],1,0,1,0
[91 8 33],1,0,1,0
[91 11 15],1,0,1,0
[91 14 23],1,0,1,0
[91 15 0],3,0,3,0
[91 15 3],1,0,1,0
[91 15 9],1,0,1,0
[91 15 18],1,0,1,0
[91 15 22],1,0,1,0
[91 17 3],3,0,3,0
[91 17 24],1,1,2,0
[91 18 10],1,0,1,0
[91 26 3],1,0,1,0
[91 59 3],1,0,1,0
[91 59 18],1,0,1,0
[91 59 28],1,0,1,0
[91 97 0],15,4,19,0
[91 97 3],2,0,2,0
[91 97 9],1,0,1,0
[91 97 14],1,0,1,0
[91 97 18],3,0,3,0
[91 97 24],2,0,2,0
[91 97 26],1,0,1,0
[91 97 31],1,0,1,0
[91 97 32],1,0,1,0
[92 0 0],2,0,2,0
[92 0 3],3,0,3,0
[92 0 9],1,0,1,0
[92 0 10],3,1,4,0
[92 0 15],9,2,11,0
[92 0 18],3,0,3,0
[92 0 23],2,0,2,0
[92 0 29],4,0,4,0
[92 1 23],2,0,2,0
[92 16 15],1,0,1,0
[92 36 9],1,0,1,0
[92 39 3],1,0,1,0
[92 57 22],1,0,1,0
[92 77 18],1,0,1,0
[92 92 3],4,0,4,0
[92 92 18],1,0,1,0
[92 96 15],1,0,1,0
[92 97 0],3,0,3,0
[93 0 10],1,2,3,0
[93 0 28],1,0,1,0
[93 0 32],1,0,1,0
[93 5 3],1,1,2,0
[93 5 47],1,0,1,0
[93 22 15],1,0,1,0
[93 30 15],2,0,2,0
[93 31 3],1,0,1,0
[93 31 10],2,0,2,0
[93 31 15],1,0,1,0
[93 31 29],1,0,1,0
[93 31 32],1,0,1,0
[93 37 15],1,0,1,0
[93 37 23],1,0,1,0
[93 53 10],1,0,1,0
[93 53 14],1,0,1,0
[93 54 32],1,0,1,0
[93 63 10],1,0,1,0
[93 72 32],1,0,1,0
[93 75 3],1,0,1,0
[94 1 15],1,1,2,0
[94 2 3],1,0,1,0
[94 3 9],1,0,1,0
[94 4 14],1,0,1,0
[94 9 14],1,0,1,0
[94 11 24],1,0,1,0
[94 12 0],3,0,3,0
[94 12 10],1,1,2,0
[94 21 9],2,0,2,0
[94 21 14],1,0,1,0
[94 44 0],8,1,9,0
[94 44 32],1,0,1,0
[94 44 41],3,0,3,0
[94 45 2],1,0,1,0
[94 48 9],1,0,1,0
[94 50 0],7,1,8,0
[94 50 14],1,0,1,0
[94 50 29],1,0,1,0
[94 50 32],1,0,1,0
[94 50 41],2,1,3,0
[94 94 3],1,0,1,0
[94 97 9],2,0,2,0
[95 0 0],21,9,30,0
[95 0 14],1,0,1,0
[95 10 18],1,0,1,0
[95 17 9],1,0,1,0
[95 22 23],1,0,1,0
[95 35 3],1,0,1,0
[95 35 15],1,0,1,0
[95 35 18],1,0,1,0
[95 57 0],3,0,3,0
[95 57 18],1,0,1,0
[95 57 23],1,0,1,0
[96 0 0],3,0,3,0
[96 2 0],1,0,1,0
[96 6 0],1,0,1,0
[96 6 9],1,0,1,0
[96 9 0],1,0,1,0
[96 10 2],3,0,3,0
[96 23 9],1,0,1,0
[96 43 0],1,0,1,0
[96 57 2],1,0,1,0
[96 57 3],1,0,1,0
[96 57 18],1,0,1,0
[97 0 2],3,0,3,0
[97 0 3],3,0,3,0
[97 0 10],6,0,6,0
[97 0 15],49,8,57,0
[97 0 18],5,0,5,0
[97 0 23],25,6,31,0
[97 0 29],21,2,23,0
[97 0 33],1,0,1,0
[97 1 15],32,8,40,0
[97 1 23],24,7,31,0
[97 1 29],9,6,15,0
[97 2 3],4,2,6,0
[97 2 14],15,5,20,0
[97 2 15],6,1,7,0
[97 2 18],5,4,9,0
[97 2 23],2,2,4,0
[97 2 24],5,1,6,0
[97 2 28],5,0,5,0
[97 2 33],1,0,1,0
[97 3 3],1,0,1,0
[97 3 15],13,0,13,0
[97 3 23],3,0,3,0
[97 3 24],1,0,1,0
[97 3 29],5,0,5,0
[97 4 2],1,0,1,0
[97 4 3],2,0,2,0
[97 4 15],24,5,29,0
[97 4 18],1,0,1,0
[97 4 23],9,1,10,0
[97 4 29],6,3,9,0
[97 5 15],1,0,1,0
[97 5 23],2,0,2,0
[97 6 15],2,1,3,0
[97 6 23],1,0,1,0
[97 7 15],2,0,2,0
[97 7 23],1,0,1,0
[97 8 0],1,0,1,0
[97 8 2],2,0,2,0
[97 8 3],2,0,2,0
[97 8 15],23,4,27,0
[97 8 18],3,0,3,0
[97 8 23],9,3,12,0
[97 8 24],1,0,1,0
[97 8 28],1,0,1,0
[97 8 29],8,0,8,0
[97 8 32],2,0,2,0
[97 8 49],1,0,1,0
[97 9 3],1,0,1,0
[97 9 18],1,0,1,0
[97 9 23],2,0,2,0
[97 9 29],1,0,1,0
[97 10 23],1,0,1,0
[97 11 14],1,0,1,0
[97 11 15],2,1,3,0
[97 11 23],3,0,3,0
[97 11 29],1,0,1,0
[97 12 29],1,0,1,0
[97 13 15],2,0,2,0
[97 13 23],1,0,1,0
[97 14 2],1,0,1,0
[97 14 15],3,1,4,0
[97 14 23],1,1,2,0
[97 14 29],1,0,1,0
[97 15 0],1,0,1,0
[97 15 2],6,0,6,0
[97 15 3],2,1,3,0
[97 15 10],1,0,1,0
[97 15 18],1,0,1,0
[97 15 22],1,0,1,0
[97 15 23],1,0,1,0
[97 15 24],2,0,2,0
[97 15 28],1,1,2,0
[97 15 33],1,0,1,0
[97 16 15],2,0,2,0
[97 16 23],1,0,1,0
[97 17 0],1,0,1,0
[97 17 3],6,0,6,0
[97 17 18],1,0,1,0
[97 17 24],1,0,1,0
[97 17 28],7,1,8,0
[97 18 2],1,0,1,0
[97 18 15],7,1,8,0
[97 18 23],3,0,3,0
[97 18 28],1,0,1,0
[97 18 29],2,0,2,0
[97 19 15],1,0,1,0
[97 19 23],1,0,1,0
[97 20 18],1,0,1,0
[97 20 23],1,0,1,0
[97 21 15],2,2,4,0
[97 21 23],2,1,3,0
[97 21 29],1,0,1,0
[97 22 3],1,0,1,0
[97 22 15],3,0,3,0
[97 22 18],1,0,1,0
[97 22 23],2,0,2,0
[97 22 29],1,1,2,0
[97 23 15],1,0,1,0
[97 24 2],1,0,1,0
[97 24 10],1,0,1,0
[97 24 15],6,2,8,0
[97 24 23],1,0,1,0
[97 24 29],1,0,1,0
[97 25 3],2,0,2,0
[97 25 15],1,0,1,0
[97 26 15],2,0,2,0
[97 26 23],1,0,1,0
[97 32 2],1,0,1,0
[97 32 15],2,2,4,0
[97 32 18],1,0,1,0
[97 33 15],2,2,4,0
[97 34 14],1,0,1,0
[97 34 15],2,0,2,0
[97 34 23],1,0,1,0
[97 35 15],1,0,1,0
[97 36 15],1,1,2,0
[97 38 23],1,0,1,0
[97 42 23],1,0,1,0
[97 43 15],3,0,3,0
[97 43 23],4,0,4,0
[97 43 29],3,0,3,0
[97 44 15],3,0,3,0
[97 44 23],1,0,1,0
[97 44 29],1,0,1,0
[97 46 15],2,0,2,0
[97 47 2],1,0,1,0
[97 47 15],4,0,4,0
[97 47 23],3,1,4,0
[97 48 14],1,0,1,0
[97 48 15],2,0,2,0
[97 48 24],1,1,2,0
[97 48 32],1,0,1,0
[97 49 15],1,0,1,0
[97 50 15],2,0,2,0
[97 50 18],1,0,1,0
[97 50 23],1,0,1,0
[97 50 29],2,0,2,0
[97 51 15],1,0,1,0
[97 52 15],1,0,1,0
[97 55 15],1,2,3,0
[97 56 2],1,0,1,0
[97 56 3],1,0,1,0
[97 56 15],3,0,3,0
[97 56 23],3,0,3,0
[97 56 29],1,0,1,0
[97 57 23],1,0,1,0
[97 57 29],1,0,1,0
[97 58 15],1,0,1,0
[97 59 15],1,0,1,0
[97 59 23],2,0,2,0
[97 60 15],2,1,3,0
[97 61 15],1,0,1,0
[97 67 15],2,0,2,0
[97 68 15],4,2,6,0
[97 70 2],1,0,1,0
[97 75 10],1,0,1,0
[97 76 15],1,0,1,0
[97 76 23],1,0,1,0
[97 76 29],1,0,1,0
[97 78 23],1,0,1,0
[97 82 15],2,1,3,0
[97 82 23],1,0,1,0
[97 82 43],1,0,1,0
[97 83 2],1,0,1,0
[97 83 15],1,0,1,0
[97 83 18],1,0,1,0
[97 84 15],1,1,2,0
[97 85 29],1,0,1,0
[97 87 10],1,0,1,0
[97 87 15],1,1,2,0
[97 89 2],1,0,1,0
[97 89 15],1,0,1,0
[97 91 10],1,0,1,0
[97 91 15],2,1,3,0
[97 91 18],1,0,1,0
[97 91 23],1,0,1,0
[97 91 33],1,0,1,0
[97 97 0],1,0,1,0
[97 97 3],24,7,31,0
[97 97 18],5,2,7,0
[97 97 24],13,0,13,0
[97 97 28],3,0,3,0
[97 97 32],1,2,3,0
[97 97 33],1,2,3,0
[97 98 15],1,0,1,0
[97 99 15],1,0,1,0
[98 0 15],6,2,8,0
[98 0 18],1,1,2,0
[98 0 23],4,2,6,0
[98 0 29],4,2,6,0
[98 0 48],1,0,1,0
[98 1 15],1,1,2,0
[98 1 23],1,0,1,0
[98 1 29],1,0,1,0
[98 3 15],1,0,1,0
[98 14 14],2,0,2,0
[98 46 15],3,0,3,0
[98 46 23],1,0,1,0
[98 46 29],2,0,2,0
[98 50 3],1,1,2,0
[98 97 0],5,1,6,0
[99 0 3],5,0,5,0
[99 0 10],2,1,3,0
[99 0 14],1,0,1,0
[99 0 15],1,0,1,0
[99 0 18],2,0,2,0
[99 0 24],1,0,1,0
[99 0 32],1,0,1,0
[99 6 27],1,0,1,0
[99 7 0],1,0,1,0
[99 7 10],1,0,1,0
[99 7 23],1,0,1,0
[99 7 32],1,0,1,0
[99 17 0],1,0,1,0
[99 21 2],1,0,1,0
[99 26 3],2,0,2,0
[99 26 9],1,0,1,0
[99 26 33],1,0,1,0
[99 40 0],1,0,1,0
[99 40 10],1,0,1,0
[99 40 32],1,0,1,0
[99 41 9],1,0,1,0
[99 56 22],1,0,1,0
[99 57 15],1,0,1,0
[99 76 0],3,1,4,0
[99 82 24],1,0,1,0
[99 89 0],1,0,1,0
[99 89 3],1,0,1,0
[99 99 3],4,0,4,0
[99 99 10],1,0,1,0
[99 99 33],1,0,1,0
[0 0 58],0,1,1,1
[0 3 32],0,1,1,1
[0 4 43],0,1,1,1
[0 4 46],0,1,1,1
[0 4 58],0,1,1,1
[0 5 55],0,1,1,1
[0 6 29],0,1,1,1
[0 7 28],0,2,2,2
[0 10 43],0,1,1,1
[0 12 44],0,1,1,1
[0 13 10],0,1,1,1
[0 16 28],0,1,1,1
[0 17 26],0,1,1,1
[0 17 48],0,1,1,1
[0 18 33],0,1,1,1
[0 19 18],0,1,1,1
[0 19 28],0,1,1,1
[0 20 9],0,1,1,1
[0 20 31],0,1,1,1
[0 21 27],0,1,1,1
[0 21 32],0,1,1,1
[0 24 9],0,1,1,1
[0 25 9],0,1,1,1
[0 26 33],0,1,1,1
[0 26 34],0,1,1,1
[0 28 30],0,2,2,2
[0 28 61],0,3,3,3
[0 29 9],0,1,1,1
[0 29 18],0,2,2,2
[0 30 3],0,2,2,2
[0 30 24],0,1,1,1
[0 31 6],0,1,1,1
[0 31 9],0,1,1,1
[0 31 18],0,2,2,2
[0 32 47],0,1,1,1
[0 32 58],0,1,1,1
[0 32 64],0,1,1,1
[0 33 14],0,1,1,1
[0 37 33],0,1,1,1
[0 39 3],0,1,1,1
[0 39 18],0,1,1,1
[0 40 9],0,1,1,1
[0 40 27],0,1,1,1
[0 41 5],0,1,1,1
[0 42 18],0,1,1,1
[0 43 20],0,1,1,1
[0 43 32],0,1,1,1
[0 47 3],0,2,2,2
[0 48 14],0,1,1,1
[0 49 36],0,2,2,2
[0 51 26],0,1,1,1
[0 52 18],0,2,2,2
[0 52 33],0,1,1,1
[0 54 3],0,1,1,1
[0 54 15],0,1,1,1
[0 56 50],0,1,1,1
[0 57 14],0,2,2,2
[0 57 30],0,1,1,1
[0 61 3],0,1,1,1
[0 62 36],0,1,1,1
[0 63 5],0,1,1,1
[0 64 2],0,1,1,1
[0 64 27],0,1,1,1
[0 64 30],0,1,1,1
[0 65 9],0,1,1,1
[0 65 14],0,1,1,1
[0 65 27],0,1,1,1
[0 68 50],0,1,1,1
[0 69 18],0,1,1,1
[0 69 24],0,1,1,1
[0 69 29],0,1,1,1
[0 69 39],0,1,1,1
[0 70 62],0,1,1,1
[0 72 18],0,1,1,1
[0 72 24],0,1,1,1
[0 75 6],0,1,1,1
[0 76 6],0,2,2,2
[0 76 14],0,1,1,1
[0 76 35],0,1,1,1
[0 77 18],0,1,1,1
[0 77 30],0,3,3,3
[0 77 43],0,1,1,1
[0 78 18],0,1,1,1
[0 78 24],0,1,1,1
[0 82 14],0,1,1,1
[0 83 3],0,2,2,2
[0 83 10],0,1,1,1
[0 84 32],0,1,1,1
[0 86 2],0,1,1,1
[0 86 18],0,2,2,2
[0 93 2],0,1,1,1
[0 93 10],0,1,1,1
[0 93 14],0,1,1,1
[0 94 3],0,1,1,1
[0 94 14],0,1,1,1
[0 94 33],0,1,1,1
[0 95 37],0,1,1,1
[0 97 31],0,1,1,1
[0 97 35],0,1,1,1
[0 97 60],0,1,1,1
[0 98 3],0,1,1,1
[0 98 43],0,1,1,1
[1 1 42],0,1,1,1
[1 2 3],0,2,2,2
[1 2 32],0,1,1,1
[1 2 33],0,1,1,1
[1 12 10],0,1,1,1
[1 28 9],0,1,1,1
[1 38 26],0,1,1,1
[1 42 31],0,1,1,1
[1 58 9],0,1,1,1
[1 74 26],0,1,1,1
[1 94 0],0,1,1,1
[2 3 2],0,1,1,1
[2 4 9],0,2,2,2
[2 4 33],0,1,1,1
[2 12 28],0,1,1,1
[2 12 33],0,2,2,2
[2 13 10],0,1,1,1
[2 14 22],0,1,1,1
[2 15 2],0,1,1,1
[2 17 18],0,3,3,3
[2 17 26],0,1,1,1
[2 18 9],0,1,1,1
[2 34 14],0,1,1,1
[2 40 9],0,1,1,1
[2 43 10],0,2,2,2
[2 47 3],0,1,1,1
[2 48 52],0,1,1,1
[2 55 10],0,1,1,1
[2 91 10],0,2,2,2
[2 91 52],0,1,1,1
[3 3 36],0,1,1,1
[3 3 65],0,1,1,1
[3 12 0],0,4,4,4
[3 12 10],0,1,1,1
[3 17 51],0,1,1,1
[3 21 0],0,1,1,1
[3 50 10],0,1,1,1
[3 55 3],0,2,2,2
[3 55 10],0,1,1,1
[3 56 24],0,1,1,1
[3 68 32],0,1,1,1
[3 83 2],0,1,1,1
[4 2 23],0,1,1,1
[4 4 7],0,3,3,3
[4 4 13],0,2,2,2
[4 4 47],0,2,2,2
[4 9 3],0,1,1,1
[4 15 0],0,1,1,1
[4 17 18],0,1,1,1
[4 17 54],0,1,1,1
[4 45 2],0,2,2,2
[4 47 10],0,1,1,1
[4 48 14],0,1,1,1
[4 59 3],0,1,1,1
[4 82 3],0,1,1,1
[4 97 14],0,1,1,1
[4 97 33],0,1,1,1
[4 98 2],0,1,1,1
[5 1 14],0,1,1,1
[5 5 24],0,1,1,1
[5 5 42],0,2,2,2
[5 7 14],0,1,1,1
[5 11 18],0,1,1,1
[5 24 3],0,1,1,1
[5 26 14],0,1,1,1
[5 28 3],0,1,1,1
[5 28 27],0,1,1,1
[5 28 49],0,1,1,1
[5 37 14],0,1,1,1
[5 66 15],0,2,2,2
[5 66 23],0,1,1,1
[5 66 29],0,2,2,2
[5 71 23],0,1,1,1
[5 71 29],0,1,1,1
[5 72 3],0,1,1,1
[5 72 27],0,1,1,1
[5 74 27],0,1,1,1
[5 74 36],0,1,1,1
[5 81 2],0,1,1,1
[5 86 15],0,1,1,1
[5 93 14],0,1,1,1
[6 0 42],0,1,1,1
[6 15 26],0,1,1,1
[6 16 28],0,1,1,1
[6 19 28],0,1,1,1
[6 26 18],0,1,1,1
[6 36 15],0,1,1,1
[6 36 28],0,1,1,1
[6 46 9],0,1,1,1
[6 46 26],0,1,1,1
[6 58 30],0,1,1,1
[7 5 23],0,1,1,1
[7 11 15],0,1,1,1
[7 20 24],0,1,1,1
[7 20 32],0,1,1,1
[7 20 33],0,1,1,1
[7 22 29],0,1,1,1
[7 23 14],0,1,1,1
[7 28 14],0,1,1,1
[7 28 23],0,1,1,1
[7 31 15],0,1,1,1
[7 38 29],0,1,1,1
[7 52 3],0,1,1,1
[7 54 23],0,1,1,1
[7 54 32],0,1,1,1
[7 61 2],0,1,1,1
[7 65 15],0,1,1,1
[7 68 0],0,1,1,1
[7 71 3],0,2,2,2
[7 78 3],0,1,1,1
[7 90 14],0,1,1,1
[7 98 0],0,1,1,1
[8 0 13],0,1,1,1
[8 8 7],0,2,2,2
[8 18 54],0,1,1,1
[8 21 9],0,5,5,5
[8 47 3],0,1,1,1
[8 47 18],0,1,1,1
[8 47 33],0,1,1,1
[8 56 33],0,2,2,2
[8 69 23],0,1,1,1
[8 70 54],0,1,1,1
[8 76 18],0,1,1,1
[8 79 2],0,2,2,2
[8 82 3],0,1,1,1
[8 91 3],0,1,1,1
[8 97 10],0,1,1,1
[8 97 48],0,1,1,1
[9 2 18],0,1,1,1
[9 2 23],0,1,1,1
[9 4 3],0,1,1,1
[9 4 7],0,1,1,1
[9 8 3],0,1,1,1
[9 8 24],0,1,1,1
[9 11 33],0,1,1,1
[9 15 3],0,2,2,2
[9 15 24],0,1,1,1
[9 21 2],0,1,1,1
[9 42 3],0,1,1,1
[9 45 2],0,2,2,2
[9 45 15],0,2,2,2
[9 45 18],0,1,1,1
[9 76 18],0,1,1,1
[10 0 3],0,1,1,1
[10 7 9],0,1,1,1
[10 7 18],0,1,1,1
[10 10 18],0,1,1,1
[10 13 31],0,1,1,1
[10 22 15],0,1,1,1
[10 23 9],0,1,1,1
[10 23 32],0,1,1,1
[10 28 33],0,1,1,1
[10 30 46],0,1,1,1
[10 36 15],0,1,1,1
[10 41 3],0,1,1,1
[10 41 18],0,1,1,1
[10 51 3],0,1,1,1
[10 54 22],0,1,1,1
[10 54 46],0,1,1,1
[10 69 3],0,1,1,1
[10 81 3],0,1,1,1
[11 4 24],0,1,1,1
[11 6 3],0,1,1,1
[11 7 3],0,1,1,1
[11 8 33],0,2,2,2
[11 9 32],0,1,1,1
[11 14 24],0,1,1,1
[11 15 10],0,1,1,1
[11 24 18],0,1,1,1
[11 25 32],0,1,1,1
[11 32 9],0,1,1,1
[11 32 18],0,1,1,1
[11 34 32],0,1,1,1
[11 34 33],0,1,1,1
[11 43 3],0,1,1,1
[11 48 3],0,1,1,1
[11 48 14],0,1,1,1
[11 48 18],0,1,1,1
[11 51 24],0,1,1,1
[11 52 3],0,1,1,1
[11 55 3],0,1,1,1
[11 56 14],0,1,1,1
[11 86 10],0,1,1,1
[11 97 10],0,1,1,1
[12 0 14],0,1,1,1
[12 2 32],0,1,1,1
[12 22 10],0,1,1,1
[12 54 0],0,2,2,2
[12 98 32],0,1,1,1
[13 0 15],0,1,1,1
[13 6 15],0,1,1,1
[13 7 9],0,2,2,2
[13 7 28],0,1,1,1
[13 14 14],0,1,1,1
[13 21 9],0,1,1,1
[13 28 18],0,1,1,1
[13 28 33],0,1,1,1
[13 38 24],0,1,1,1
[13 43 0],0,1,1,1
[13 49 26],0,1,1,1
[13 51 3],0,1,1,1
[13 52 18],0,1,1,1
[13 58 0],0,1,1,1
[13 59 0],0,1,1,1
[13 63 18],0,1,1,1
[13 79 9],0,1,1,1
[13 84 9],0,1,1,1
[13 84 18],0,1,1,1
[14 2 0],0,1,1,1
[14 3 14],0,1,1,1
[14 17 18],0,1,1,1
[14 43 10],0,2,2,2
[14 82 10],0,1,1,1
[14 82 24],0,1,1,1
[14 86 10],0,2,2,2
[14 87 24],0,1,1,1
[15 4 15],0,1,1,1
[15 12 10],0,1,1,1
[15 18 15],0,2,2,2
[15 19 15],0,1,1,1
[15 32 15],0,1,1,1
[15 43 15],0,1,1,1
[15 44 15],0,1,1,1
[15 45 0],0,1,1,1
[15 83 32],0,1,1,1
[15 91 15],0,1,1,1
[15 94 0],0,1,1,1
[16 3 24],0,1,1,1
[16 36 2],0,1,1,1
[16 40 0],0,1,1,1
[16 41 28],0,1,1,1
[16 46 9],0,5,5,5
[16 51 43],0,1,1,1
[16 57 18],0,1,1,1
[17 2 28],0,1,1,1
[17 4 2],0,1,1,1
[17 9 0],0,1,1,1
[17 9 2],0,1,1,1
[17 11 15],0,1,1,1
[17 15 28],0,1,1,1
[17 24 2],0,1,1,1
[17 42 2],0,1,1,1
[17 42 18],0,1,1,1
[17 56 23],0,1,1,1
[17 97 18],0,1,1,1
[18 0 7],0,1,1,1
[18 0 32],0,1,1,1
[18 2 18],0,1,1,1
[18 11 3],0,1,1,1
[18 11 15],0,1,1,1
[18 15 0],0,1,1,1
[18 18 32],0,1,1,1
[18 18 34],0,1,1,1
[18 21 30],0,1,1,1
[18 36 23],0,1,1,1
[18 56 3],0,1,1,1
[18 56 14],0,1,1,1
[18 56 18],0,1,1,1
[18 94 2],0,2,2,2
[18 94 30],0,1,1,1
[19 0 3],0,1,1,1
[19 0 14],0,1,1,1
[19 5 3],0,1,1,1
[19 6 10],0,1,1,1
[19 6 31],0,1,1,1
[19 15 0],0,1,1,1
[19 26 29],0,1,1,1
[19 36 23],0,1,1,1
[19 40 0],0,2,2,2
[19 40 31],0,1,1,1
[19 56 14],0,1,1,1
[19 88 0],0,1,1,1
[20 0 27],0,1,1,1
[20 7 33],0,1,1,1
[20 13 10],0,1,1,1
[20 13 23],0,2,2,2
[20 31 26],0,2,2,2
[20 40 10],0,1,1,1
[20 51 48],0,1,1,1
[20 61 14],0,1,1,1
[20 64 18],0,1,1,1
[20 72 28],0,1,1,1
[21 4 23],0,2,2,2
[21 18 23],0,1,1,1
[21 21 28],0,2,2,2
[21 21 33],0,1,1,1
[21 24 9],0,1,1,1
[21 32 0],0,2,2,2
[21 40 23],0,1,1,1
[21 43 10],0,1,1,1
[21 76 41],0,1,1,1
[21 98 9],0,1,1,1
[22 0 3],0,2,2,2
[22 3 3],0,1,1,1
[22 7 24],0,1,1,1
[22 8 3],0,1,1,1
[22 14 15],0,1,1,1
[22 26 28],0,1,1,1
[22 68 9],0,1,1,1
[22 71 9],0,1,1,1
[22 73 3],0,1,1,1
[22 82 22],0,1,1,1
[22 97 0],0,2,2,2
[22 97 24],0,1,1,1
[23 0 23],0,1,1,1
[23 0 32],0,1,1,1
[23 4 14],0,1,1,1
[23 7 28],0,1,1,1
[23 10 23],0,2,2,2
[23 10 33],0,1,1,1
[23 17 9],0,1,1,1
[23 35 10],0,1,1,1
[23 37 18],0,1,1,1
[23 55 3],0,1,1,1
[23 66 29],0,1,1,1
[23 78 3],0,1,1,1
[23 80 24],0,1,1,1
[24 0 32],0,1,1,1
[24 1 23],0,1,1,1
[24 1 29],0,3,3,3
[24 2 45],0,1,1,1
[24 4 0],0,1,1,1
[24 4 3],0,1,1,1
[24 4 24],0,1,1,1
[24 5 54],0,1,1,1
[24 11 15],0,1,1,1
[24 21 30],0,1,1,1
[24 22 18],0,1,1,1
[24 35 27],0,1,1,1
[24 43 3],0,1,1,1
[24 52 2],0,1,1,1
[24 59 3],0,2,2,2
[25 0 18],0,1,1,1
[25 4 33],0,1,1,1
[25 7 9],0,1,1,1
[25 25 10],0,1,1,1
[25 25 29],0,1,1,1
[25 26 9],0,1,1,1
[25 28 9],0,1,1,1
[25 32 10],0,1,1,1
[25 33 18],0,1,1,1
[25 34 26],0,1,1,1
[25 40 28],0,1,1,1
[25 49 9],0,1,1,1
[25 49 18],0,1,1,1
[25 54 23],0,1,1,1
[25 55 46],0,1,1,1
[25 59 0],0,2,2,2
[25 72 18],0,1,1,1
[25 88 9],0,1,1,1
[25 95 9],0,1,1,1
[26 0 14],0,5,5,5
[26 2 28],0,1,1,1
[26 17 0],0,1,1,1
[26 19 15],0,1,1,1
[26 21 3],0,1,1,1
[26 22 3],0,1,1,1
[26 26 3],0,1,1,1
[26 28 3],0,1,1,1
[26 28 32],0,1,1,1
[26 29 15],0,1,1,1
[26 40 9],0,1,1,1
[26 43 0],0,1,1,1
[26 64 10],0,1,1,1
[26 67 3],0,1,1,1
[26 73 22],0,2,2,2
[26 89 3],0,2,2,2
[26 91 18],0,1,1,1
[26 93 24],0,1,1,1
[27 58 23],0,1,1,1
[28 1 23],0,2,2,2
[28 5 3],0,1,1,1
[28 7 31],0,1,1,1
[28 13 32],0,1,1,1
[28 29 26],0,1,1,1
[28 37 0],0,1,1,1
[28 51 0],0,2,2,2
[28 51 31],0,1,1,1
[28 54 15],0,1,1,1
[28 54 23],0,1,1,1
[28 61 3],0,1,1,1
[28 64 32],0,1,1,1
[28 73 3],0,1,1,1
[28 73 32],0,1,1,1
[28 81 3],0,2,2,2
[29 0 18],0,1,1,1
[29 7 3],0,1,1,1
[29 23 29],0,1,1,1
[29 24 18],0,1,1,1
[29 28 23],0,1,1,1
[29 40 3],0,1,1,1
[29 49 2],0,1,1,1
[29 49 23],0,1,1,1
[29 51 3],0,1,1,1
[29 61 9],0,1,1,1
[29 71 29],0,1,1,1
[29 78 2],0,1,1,1
[30 0 24],0,1,1,1
[30 0 28],0,1,1,1
[30 5 3],0,1,1,1
[30 5 9],0,1,1,1
[30 20 3],0,1,1,1
[30 20 23],0,1,1,1
[30 20 32],0,1,1,1
[30 29 15],0,1,1,1
[30 29 23],0,1,1,1
[30 30 3],0,1,1,1
[30 31 3],0,1,1,1
[30 53 9],0,1,1,1
[30 54 22],0,1,1,1
[30 71 9],0,1,1,1
[30 72 32],0,1,1,1
[31 0 23],0,1,1,1
[31 20 15],0,3,3,3
[31 20 23],0,2,2,2
[31 20 29],0,2,2,2
[31 23 2],0,1,1,1
[31 30 23],0,1,1,1
[31 35 15],0,1,1,1
[31 37 2],0,1,1,1
[31 41 10],0,1,1,1
[31 53 3],0,1,1,1
[31 55 2],0,1,1,1
[31 86 15],0,1,1,1
[31 93 3],0,2,2,2
[32 0 3],0,2,2,2
[32 3 14],0,1,1,1
[32 5 0],0,1,1,1
[32 5 45],0,1,1,1
[32 8 14],0,1,1,1
[32 14 18],0,1,1,1
[32 29 15],0,1,1,1
[32 45 15],0,1,1,1
[32 74 10],0,1,1,1
[33 0 3],0,1,1,1
[33 26 23],0,1,1,1
[33 29 0],0,1,1,1
[33 29 15],0,1,1,1
[33 32 14],0,1,1,1
[33 38 28],0,1,1,1
[33 46 9],0,1,1,1
[33 46 14],0,1,1,1
[33 46 33],0,1,1,1
[33 51 15],0,1,1,1
[34 2 32],0,1,1,1
[34 2 48],0,1,1,1
[34 9 10],0,2,2,2
[34 11 10],0,3,3,3
[34 14 3],0,1,1,1
[34 14 9],0,1,1,1
[34 14 52],0,1,1,1
[34 17 3],0,1,1,1
[34 17 18],0,1,1,1
[34 25 10],0,1,1,1
[34 25 27],0,1,1,1
[34 48 3],0,1,1,1
[35 0 30],0,1,1,1
[35 2 0],0,1,1,1
[35 5 10],0,1,1,1
[35 30 31],0,1,1,1
[35 35 32],0,1,1,1
[35 40 3],0,1,1,1
[35 49 33],0,1,1,1
[35 63 3],0,1,1,1
[35 63 33],0,1,1,1
[35 66 10],0,1,1,1
[35 72 18],0,1,1,1
[36 18 31],0,1,1,1
[36 27 9],0,1,1,1
[36 59 3],0,1,1,1
[36 77 0],0,1,1,1
[36 97 26],0,1,1,1
[37 5 10],0,1,1,1
[37 28 2],0,1,1,1
[37 30 3],0,1,1,1
[37 30 22],0,1,1,1
[37 31 22],0,2,2,2
[37 31 28],0,1,1,1
[37 31 33],0,1,1,1
[37 75 3],0,1,1,1
[37 78 23],0,1,1,1
[38 5 26],0,1,1,1
[38 7 9],0,1,1,1
[38 7 14],0,1,1,1
[38 7 24],0,1,1,1
[38 9 10],0,1,1,1
[38 20 26],0,1,1,1
[38 25 28],0,1,1,1
[38 28 9],0,1,1,1
[38 28 26],0,1,1,1
[38 28 32],0,1,1,1
[38 51 28],0,1,1,1
[38 54 9],0,2,2,2
[38 64 9],0,1,1,1
[39 13 15],0,1,1,1
[39 65 15],0,1,1,1
[40 2 23],0,1,1,1
[40 19 2],0,1,1,1
[40 20 14],0,1,1,1
[40 29 3],0,1,1,1
[40 40 18],0,1,1,1
[40 49 3],0,1,1,1
[40 52 18],0,1,1,1
[40 64 18],0,1,1,1
[41 0 28],0,1,1,1
[41 0 65],0,1,1,1
[41 1 15],0,1,1,1
[41 8 14],0,1,1,1
[41 10 1],0,1,1,1
[41 10 18],0,1,1,1
[41 12 14],0,1,1,1
[41 12 18],0,1,1,1
[41 14 14],0,1,1,1
[41 15 6],0,1,1,1
[41 20 6],0,1,1,1
[41 24 0],0,1,1,1
[41 26 14],0,1,1,1
[41 27 32],0,1,1,1
[41 27 37],0,1,1,1
[41 29 0],0,1,1,1
[41 41 37],0,1,1,1
[41 51 0],0,2,2,2
[41 51 31],0,1,1,1
[41 51 62],0,1,1,1
[41 57 18],0,1,1,1
[41 65 0],0,1,1,1
[41 65 3],0,2,2,2
[41 65 24],0,1,1,1
[41 67 14],0,1,1,1
[41 97 38],0,1,1,1
[42 0 29],0,1,1,1
[42 9 0],0,1,1,1
[42 9 24],0,1,1,1
[42 14 48],0,1,1,1
[42 17 28],0,1,1,1
[42 48 29],0,1,1,1
[42 69 10],0,1,1,1
[43 0 65],0,1,1,1
[43 1 23],0,1,1,1
[43 13 1],0,1,1,1
[43 13 2],0,1,1,1
[43 14 14],0,2,2,2
[43 14 37],0,1,1,1
[43 15 9],0,1,1,1
[43 15 18],0,1,1,1
[43 56 14],0,1,1,1
[43 70 9],0,1,1,1
[43 97 3],0,1,1,1
[43 97 38],0,1,1,1
[44 2 14],0,1,1,1
[44 15 3],0,1,1,1
[44 34 10],0,1,1,1
[44 76 10],0,1,1,1
[44 99 9],0,1,1,1
[44 99 10],0,1,1,1
[45 22 10],0,1,1,1
[45 32 42],0,1,1,1
[45 34 42],0,1,1,1
[45 55 9],0,1,1,1
[45 68 9],0,1,1,1
[45 72 9],0,1,1,1
[45 78 26],0,1,1,1
[46 0 43],0,1,1,1
[46 2 14],0,1,1,1
[46 57 22],0,1,1,1
[47 0 10],0,2,2,2
[47 2 3],0,1,1,1
[47 3 14],0,1,1,1
[47 4 9],0,1,1,1
[47 4 14],0,1,1,1
[47 5 0],0,1,1,1
[47 22 10],0,1,1,1
[47 34 14],0,1,1,1
[47 41 10],0,1,1,1
[47 47 3],0,2,2,2
[47 47 33],0,1,1,1
[47 59 32],0,1,1,1
[48 0 28],0,2,2,2
[48 1 29],0,1,1,1
[48 2 24],0,1,1,1
[48 11 28],0,1,1,1
[48 15 3],0,1,1,1
[48 15 14],0,1,1,1
[48 15 15],0,1,1,1
[48 15 18],0,1,1,1
[48 25 10],0,1,1,1
[48 25 14],0,1,1,1
[48 48 18],0,1,1,1
[48 91 10],0,2,2,2
[49 0 18],0,1,1,1
[49 0 28],0,1,1,1
[49 7 0],0,1,1,1
[49 9 0],0,1,1,1
[49 10 32],0,1,1,1
[49 13 15],0,1,1,1
[49 16 26],0,1,1,1
[49 25 23],0,1,1,1
[49 29 31],0,1,1,1
[49 40 28],0,1,1,1
[49 62 18],0,1,1,1
[49 63 10],0,1,1,1
[49 71 18],0,1,1,1
[49 81 3],0,1,1,1
[49 81 18],0,1,1,1
[50 5 31],0,2,2,2
[50 8 9],0,1,1,1
[50 17 9],0,2,2,2
[50 17 59],0,1,1,1
[51 0 17],0,1,1,1
[51 0 18],0,1,1,1
[51 0 29],0,4,4,4
[51 5 24],0,3,3,3
[51 11 3],0,1,1,1
[51 11 14],0,1,1,1
[51 20 48],0,1,1,1
[51 41 2],0,1,1,1
[51 41 15],0,1,1,1
[51 72 3],0,1,1,1
[52 7 24],0,1,1,1
[52 23 28],0,1,1,1
[52 52 14],0,1,1,1
[52 54 22],0,1,1,1
[52 63 9],0,1,1,1
[52 63 22],0,1,1,1
[52 67 14],0,1,1,1
[52 80 0],0,1,1,1
[53 31 9],0,1,1,1
[53 80 24],0,1,1,1
[53 90 18],0,1,1,1
[54 5 9],0,1,1,1
[54 20 28],0,1,1,1
[54 25 9],0,1,1,1
[54 28 9],0,1,1,1
[54 30 2],0,1,1,1
[54 38 10],0,1,1,1
[54 54 9],0,1,1,1
[55 7 10],0,1,1,1
[55 29 24],0,1,1,1
[55 31 9],0,1,1,1
[55 31 23],0,1,1,1
[55 32 0],0,1,1,1
[55 35 15],0,1,1,1
[55 38 15],0,1,1,1
[55 44 46],0,1,1,1
[55 55 10],0,1,1,1
[55 93 33],0,1,1,1
[56 3 0],0,1,1,1
[56 8 32],0,2,2,2
[56 11 14],0,1,1,1
[56 14 10],0,1,1,1
[56 17 9],0,1,1,1
[56 50 3],0,1,1,1
[56 56 7],0,1,1,1
[56 59 14],0,1,1,1
[57 2 14],0,1,1,1
[57 15 43],0,1,1,1
[57 16 18],0,1,1,1
[57 26 18],0,1,1,1
[57 28 0],0,1,1,1
[57 36 0],0,1,1,1
[57 41 0],0,2,2,2
[57 46 0],0,1,1,1
[57 86 24],0,1,1,1
[57 88 23],0,1,1,1
[57 98 0],0,1,1,1
[58 15 0],0,1,1,1
[58 19 29],0,1,1,1
[58 58 3],0,1,1,1
[58 58 24],0,1,1,1
[59 1 45],0,1,1,1
[59 6 32],0,1,1,1
[59 8 10],0,1,1,1
[59 14 32],0,1,1,1
[59 25 2],0,1,1,1
[59 48 10],0,1,1,1
[59 50 10],0,1,1,1
[59 89 10],0,1,1,1
[59 97 26],0,1,1,1
[60 18 55],0,1,1,1
[61 5 10],0,1,1,1
[61 5 40],0,1,1,1
[61 7 38],0,1,1,1
[61 7 62],0,1,1,1
[61 8 9],0,1,1,1
[61 8 62],0,1,1,1
[61 20 44],0,3,3,3
[61 29 15],0,1,1,1
[61 40 9],0,1,1,1
[61 51 34],0,1,1,1
[61 52 10],0,1,1,1
[61 71 15],0,1,1,1
[61 89 0],0,1,1,1
[62 52 3],0,1,1,1
[62 97 9],0,1,1,1
[63 18 15],0,1,1,1
[63 23 9],0,1,1,1
[63 28 32],0,1,1,1
[63 29 0],0,1,1,1
[63 35 3],0,1,1,1
[63 38 18],0,1,1,1
[63 65 3],0,1,1,1
[63 75 31],0,1,1,1
[63 90 23],0,1,1,1
[64 0 14],0,3,3,3
[64 28 3],0,2,2,2
[64 28 24],0,2,2,2
[64 28 29],0,1,1,1
[64 64 3],0,1,1,1
[65 0 0],0,2,2,2
[65 0 18],0,1,1,1
[65 0 42],0,1,1,1
[65 26 24],0,1,1,1
[65 30 14],0,1,1,1
[65 40 64],0,1,1,1
[65 41 10],0,2,2,2
[65 51 31],0,1,1,1
[65 67 3],0,1,1,1
[65 72 10],0,1,1,1
[66 5 26],0,1,1,1
[66 23 3],0,1,1,1
[66 52 18],0,1,1,1
[66 57 18],0,1,1,1
[66 66 3],0,3,3,3
[66 93 22],0,3,3,3
[67 13 33],0,1,1,1
[67 18 10],0,1,1,1
[67 21 10],0,1,1,1
[67 26 3],0,1,1,1
[67 29 15],0,1,1,1
[67 30 3],0,1,1,1
[67 52 10],0,1,1,1
[67 59 33],0,1,1,1
[67 65 3],0,1,1,1
[67 67 24],0,1,1,1
[67 76 31],0,1,1,1
[67 77 2],0,1,1,1
[68 56 14],0,1,1,1
[68 68 3],0,1,1,1
[68 97 38],0,2,2,2
[69 0 26],0,1,1,1
[69 7 14],0,1,1,1
[69 15 18],0,1,1,1
[69 57 22],0,1,1,1
[69 97 9],0,2,2,2
[71 5 9],0,1,1,1
[71 7 24],0,1,1,1
[71 7 32],0,1,1,1
[71 23 18],0,1,1,1
[71 30 0],0,1,1,1
[71 49 18],0,1,1,1
[72 5 3],0,1,1,1
[72 7 3],0,1,1,1
[72 20 33],0,1,1,1
[72 25 10],0,1,1,1
[72 40 24],0,1,1,1
[72 45 23],0,1,1,1
[72 51 3],0,2,2,2
[72 51 14],0,1,1,1
[72 51 18],0,1,1,1
[72 54 15],0,1,1,1
[72 67 31],0,1,1,1
[72 97 0],0,1,1,1
[73 0 0],0,1,1,1
[73 0 10],0,1,1,1
[73 2 14],0,1,1,1
[73 7 18],0,2,2,2
[73 20 18],0,1,1,1
[73 28 3],0,1,1,1
[73 28 33],0,1,1,1
[73 59 10],0,1,1,1
[74 7 3],0,1,1,1
[74 15 32],0,1,1,1
[74 30 31],0,1,1,1
[74 35 3],0,1,1,1
[74 74 14],0,1,1,1
[75 5 10],0,1,1,1
[75 54 3],0,1,1,1
[76 0 10],0,1,1,1
[76 3 10],0,1,1,1
[76 21 18],0,1,1,1
[76 89 36],0,1,1,1
[76 99 18],0,1,1,1
[76 99 27],0,1,1,1
[76 99 36],0,1,1,1
[77 1 29],0,1,1,1
[77 8 14],0,1,1,1
[77 19 23],0,1,1,1
[77 55 22],0,1,1,1
[77 67 22],0,1,1,1
[78 0 18],0,1,1,1
[78 20 32],0,1,1,1
[78 37 31],0,1,1,1
[78 53 18],0,1,1,1
[78 59 32],0,1,1,1
[78 75 14],0,1,1,1
[79 57 22],0,1,1,1
[80 0 14],0,1,1,1
[80 0 45],0,1,1,1
[80 7 0],0,1,1,1
[80 11 3],0,1,1,1
[80 28 0],0,1,1,1
[80 28 14],0,1,1,1
[80 31 0],0,2,2,2
[80 52 3],0,1,1,1
[80 52 14],0,1,1,1
[80 53 24],0,1,1,1
[80 67 31],0,1,1,1
[80 90 24],0,1,1,1
[81 0 3],0,1,1,1
[81 7 33],0,1,1,1
[81 10 18],0,1,1,1
[81 23 18],0,1,1,1
[81 30 0],0,1,1,1
[81 71 32],0,1,1,1
[81 96 15],0,1,1,1
[82 1 15],0,1,1,1
[82 1 23],0,5,5,5
[82 4 3],0,1,1,1
[82 11 14],0,1,1,1
[82 14 23],0,5,5,5
[82 28 10],0,1,1,1
[82 48 3],0,1,1,1
[82 75 14],0,1,1,1
[82 97 3],0,1,1,1
[82 97 24],0,1,1,1
[82 97 32],0,1,1,1
[83 3 3],0,1,1,1
[83 15 33],0,1,1,1
[83 50 14],0,1,1,1
[83 50 18],0,1,1,1
[83 83 9],0,1,1,1
[83 97 10],0,1,1,1
[83 98 3],0,1,1,1
[83 98 18],0,1,1,1
[84 0 18],0,1,1,1
[84 0 33],0,1,1,1
[84 52 9],0,1,1,1
[84 54 0],0,1,1,1
[85 5 10],0,1,1,1
[85 6 14],0,1,1,1
[85 7 28],0,1,1,1
[85 57 0],0,1,1,1
[86 5 0],0,2,2,2
[86 11 14],0,1,1,1
[86 14 14],0,1,1,1
[86 15 21],0,1,1,1
[86 15 22],0,1,1,1
[86 18 0],0,1,1,1
[86 23 0],0,1,1,1
[86 51 0],0,1,1,1
[86 52 10],0,1,1,1
[86 65 45],0,2,2,2
[86 77 0],0,1,1,1
[86 77 1],0,2,2,2
[86 86 24],0,1,1,1
[86 86 37],0,1,1,1
[86 86 52],0,2,2,2
[87 1 15],0,1,1,1
[87 15 55],0,1,1,1
[87 97 31],0,1,1,1
[88 6 43],0,1,1,1
[88 19 3],0,1,1,1
[89 18 0],0,2,2,2
[89 26 2],0,1,1,1
[89 26 3],0,1,1,1
[89 40 0],0,1,1,1
[89 57 22],0,1,1,1
[89 76 31],0,1,1,1
[89 89 18],0,1,1,1
[90 54 15],0,1,1,1
[90 63 9],0,1,1,1
[90 80 24],0,1,1,1
[91 0 48],0,1,1,1
[91 11 3],0,1,1,1
[91 11 14],0,1,1,1
[91 11 18],0,1,1,1
[91 48 14],0,2,2,2
[91 97 33],0,1,1,1
[92 0 14],0,2,2,2
[92 0 30],0,1,1,1
[92 8 18],0,1,1,1
[93 5 10],0,1,1,1
[93 5 28],0,1,1,1
[93 23 10],0,1,1,1
[93 25 2],0,1,1,1
[93 30 22],0,1,1,1
[93 54 3],0,1,1,1
[94 0 10],0,1,1,1
[94 15 2],0,1,1,1
[94 50 3],0,1,1,1
[95 5 0],0,2,2,2
[95 49 28],0,1,1,1
[96 4 0],0,1,1,1
[96 10 10],0,1,1,1
[96 95 0],0,1,1,1
[97 2 29],0,1,1,1
[97 4 14],0,1,1,1
[97 4 32],0,1,1,1
[97 4 33],0,1,1,1
[97 14 33],0,1,1,1
[97 15 14],0,1,1,1
[97 17 10],0,1,1,1
[97 32 23],0,1,1,1
[97 60 23],0,1,1,1
[97 68 16],0,1,1,1
[97 82 3],0,1,1,1
[97 84 23],0,1,1,1
[97 97 10],0,1,1,1
[97 97 15],0,1,1,1
[98 0 10],0,2,2,2
[98 0 33],0,1,1,1
[98 2 32],0,1,1,1
[98 6 10],0,1,1,1
[98 12 3],0,1,1,1
[98 12 33],0,1,1,1
[98 33 10],0,1,1,1
[98 42 0],0,1,1,1
[98 46 10],0,1,1,1
[99 0 33],0,1,1,1
[99 21 9],0,1,1,1
[99 21 18],0,1,1,1
[99 21 26],0,1,1,1
[99 76 9],0,1,1,1
[99 76 18],0,1,1,1
[99 76 31],0,1,1,1
[99 99 24],0,1,1,1
[99 99 31],0,1,1,1
