play,play,1.0000000000000002,0.25705545931040463,0.22967548436107182,0.10458366646915758,0.28687118571360537,0.2609803157029786,0.3734746272618311,0.3059547352553542,0.29875156374288453
watch,watch,0.25705545931040463,1.0000000000000004,0.3479282725643801,0.18180424736349063,0.36748107943080666,0.27690366049726245,0.3801434225534086,0.29964297987008787,0.39101422783388196
carry,carry,0.22967548436107182,0.3479282725643801,1.0000000000000004,0.1886780601681443,0.3723963425138399,0.2727852150296196,0.41453021270327084,0.5687402538583916,0.45557811911945845
cover,cover,0.10458366646915758,0.18180424736349063,0.1886780601681443,1.0000000000000009,0.1464249223504585,0.1865720784614522,0.04735896812397839,0.23615450216968747,0.16630812556062347
eat,eat,0.28687118571360537,0.36748107943080666,0.3723963425138399,0.1464249223504585,0.9999999999999999,0.29989961003530935,0.46479528328615616,0.3570265988824528,0.41060288213363516
ride,ride,0.2609803157029786,0.27690366049726245,0.2727852150296196,0.1865720784614522,0.29989961003530935,1.0000000000000004,0.3287753302272939,0.2537969851143985,0.2633316837010755
sit,sit,0.3734746272618311,0.3801434225534086,0.41453021270327084,0.04735896812397839,0.46479528328615616,0.3287753302272939,1.0000000000000004,0.5049775560259079,0.4332818019323497
hold,hold,0.3059547352553542,0.29964297987008787,0.5687402538583916,0.23615450216968747,0.3570265988824528,0.2537969851143985,0.5049775560259079,1.0000000000000009,0.44889927264281326
wear,wear,0.29875156374288453,0.39101422783388196,0.45557811911945845,0.16630812556062347,0.41060288213363516,0.2633316837010755,0.4332818019323497,0.44889927264281326,1.0000000000000004
