sit,sit,1.0000000000000002,0.4717471600615351,0.4954554721330105,0.37073911566879636,0.40355034592707545,0.571659507546739,0.43383072148627366,0.34855873380661156,0.2732070915974878
watch,watch,0.4717471600615351,1.0,0.3925998311812573,0.3823809001779894,0.41605905065952,0.41749346180586266,0.4400326359435317,0.39292797062729956,0.33365094958550656
eat,eat,0.4954554721330105,0.3925998311812573,1.0000000000000002,0.42425081077422877,0.34980888811521377,0.412843539891742,0.37040933088632255,0.32843172469380244,0.3233878763453621
carry,carry,0.37073911566879636,0.3823809001779894,0.42425081077422877,1.0000000000000007,0.42948935239813313,0.5127842217591193,0.3535019083301555,0.36844445754493227,0.39682962595379867
wear,wear,0.40355034592707545,0.41605905065952,0.34980888811521377,0.42948935239813313,1.0000000000000002,0.421686398822177,0.30054170300641136,0.34688602306538435,0.38594397938821895
hold,hold,0.571659507546739,0.41749346180586266,0.412843539891742,0.5127842217591193,0.421686398822177,1.0,0.3473130765663274,0.3413164782589976,0.38333328351363627
play,play,0.43383072148627366,0.4400326359435317,0.37040933088632255,0.3535019083301555,0.30054170300641136,0.3473130765663274,1.0000000000000007,0.33793390505085497,0.36950689517622404
ride,ride,0.34855873380661156,0.39292797062729956,0.32843172469380244,0.36844445754493227,0.34688602306538435,0.3413164782589976,0.33793390505085497,1.0,0.36876202444170997
cover,cover,0.2732070915974878,0.33365094958550656,0.3233878763453621,0.39682962595379867,0.38594397938821895,0.38333328351363627,0.36950689517622404,0.36876202444170997,0.9999999999999996
