sit,sit,2.220446049250313e-16,0.06688123435733029,0.08581019781580784,0.09242346859186162,0.1135112696317408,0.17460055184123346,0.10396299722453062,0.06599562085805194,0.1788227278622023
watch,watch,0.06688123435733029,6.661338147750939e-16,0.026509911311349388,0.15287994734055277,0.13028402387522192,0.1784232603109998,0.11806242579696691,0.1574951996806782,0.22519400382436192
eat,eat,0.08581019781580784,0.026509911311349388,0.0,0.15493430997703334,0.003776573581916909,0.19580631958306205,0.133459564713293,0.0967694912550763,0.21632820714969542
carry,carry,0.09242346859186162,0.15287994734055277,0.15493430997703334,4.440892098500626e-16,0.10352020261148798,0.09772634299643734,0.14860895577473135,0.14425877479830185,0.16697587388951785
wear,wear,0.1135112696317408,0.13028402387522192,0.003776573581916909,0.10352020261148798,4.440892098500626e-16,0.15565611723086586,0.04492929366973719,0.13233228179511813,0.22933106116756957
hold,hold,0.17460055184123346,0.1784232603109998,0.19580631958306205,0.09772634299643734,0.15565611723086586,0.0,0.13334869972444763,0.1743337162312238,0.1900938645329351
play,play,0.10396299722453062,0.11806242579696691,0.133459564713293,0.14860895577473135,0.04492929366973719,0.13334869972444763,4.440892098500626e-16,0.14495522280065287,0.2463263412025077
ride,ride,0.06599562085805194,0.1574951996806782,0.0967694912550763,0.14425877479830185,0.13233228179511813,0.1743337162312238,0.14495522280065287,0.0,0.3105151859280404
cover,cover,0.1788227278622023,0.22519400382436192,0.21632820714969542,0.16697587388951785,0.22933106116756957,0.1900938645329351,0.2463263412025077,0.3105151859280404,6.661338147750939e-16
