sit,sit,1.0000000000000004,0.3801434225534086,0.46479528328615616,0.41453021270327084,0.4332818019323497,0.5049775560259079,0.3734746272618311,0.3287753302272939,0.04735896812397839
watch,watch,0.3801434225534086,1.0000000000000004,0.36748107943080666,0.3479282725643801,0.39101422783388196,0.29964297987008787,0.25705545931040463,0.27690366049726245,0.18180424736349063
eat,eat,0.46479528328615616,0.36748107943080666,0.9999999999999999,0.3723963425138399,0.41060288213363516,0.3570265988824528,0.28687118571360537,0.29989961003530935,0.1464249223504585
carry,carry,0.41453021270327084,0.3479282725643801,0.3723963425138399,1.0000000000000004,0.45557811911945845,0.5687402538583916,0.22967548436107182,0.2727852150296196,0.1886780601681443
wear,wear,0.4332818019323497,0.39101422783388196,0.41060288213363516,0.45557811911945845,1.0000000000000004,0.44889927264281326,0.29875156374288453,0.2633316837010755,0.16630812556062347
hold,hold,0.5049775560259079,0.29964297987008787,0.3570265988824528,0.5687402538583916,0.44889927264281326,1.0000000000000009,0.3059547352553542,0.2537969851143985,0.23615450216968747
play,play,0.3734746272618311,0.25705545931040463,0.28687118571360537,0.22967548436107182,0.29875156374288453,0.3059547352553542,1.0000000000000002,0.2609803157029786,0.10458366646915758
ride,ride,0.3287753302272939,0.27690366049726245,0.29989961003530935,0.2727852150296196,0.2633316837010755,0.2537969851143985,0.2609803157029786,1.0000000000000004,0.1865720784614522
cover,cover,0.04735896812397839,0.18180424736349063,0.1464249223504585,0.1886780601681443,0.16630812556062347,0.23615450216968747,0.10458366646915758,0.1865720784614522,1.0000000000000009
