hold,hold,1.0,0.571659507546739,0.41749346180586266,0.5127842217591193,0.412843539891742,0.421686398822177,0.3473130765663274,0.38333328351363627,0.3413164782589976
sit,sit,0.571659507546739,1.0000000000000002,0.4717471600615351,0.37073911566879636,0.4954554721330105,0.40355034592707545,0.43383072148627366,0.2732070915974878,0.34855873380661156
watch,watch,0.41749346180586266,0.4717471600615351,1.0,0.3823809001779894,0.3925998311812573,0.41605905065952,0.4400326359435317,0.33365094958550656,0.39292797062729956
carry,carry,0.5127842217591193,0.37073911566879636,0.3823809001779894,1.0000000000000007,0.42425081077422877,0.42948935239813313,0.3535019083301555,0.39682962595379867,0.36844445754493227
eat,eat,0.412843539891742,0.4954554721330105,0.3925998311812573,0.42425081077422877,1.0000000000000002,0.34980888811521377,0.37040933088632255,0.3233878763453621,0.32843172469380244
wear,wear,0.421686398822177,0.40355034592707545,0.41605905065952,0.42948935239813313,0.34980888811521377,1.0000000000000002,0.30054170300641136,0.38594397938821895,0.34688602306538435
play,play,0.3473130765663274,0.43383072148627366,0.4400326359435317,0.3535019083301555,0.37040933088632255,0.30054170300641136,1.0000000000000007,0.36950689517622404,0.33793390505085497
cover,cover,0.38333328351363627,0.2732070915974878,0.33365094958550656,0.39682962595379867,0.3233878763453621,0.38594397938821895,0.36950689517622404,0.9999999999999996,0.36876202444170997
ride,ride,0.3413164782589976,0.34855873380661156,0.39292797062729956,0.36844445754493227,0.32843172469380244,0.34688602306538435,0.33793390505085497,0.36876202444170997,1.0
