sit,sit,0.0,0.024722503150796216,0.0551500089689535,0.1362145656263361,0.14324272563701507,0.10791860032040235,0.04360690300008807,0.04621221727873426,0.04702539561130711
watch,watch,0.024722503150796216,2.220446049250313e-16,0.001391159560898747,0.11842731972694343,0.1052392010495839,0.06057277837522501,0.06491475083616016,0.0414708895506411,0.07334730160234598
eat,eat,0.0551500089689535,0.001391159560898747,3.3306690738754696e-16,0.10307984171664447,0.0645705676003383,0.13998937857377286,0.04992141954057583,0.06823737659658322,0.03936525315479185
carry,carry,0.1362145656263361,0.11842731972694343,0.10307984171664447,2.220446049250313e-16,0.1296089693328133,0.1536823750957096,0.024782531805647684,0.04859953228298919,0.04117569189613651
wear,wear,0.14324272563701507,0.1052392010495839,0.0645705676003383,0.1296089693328133,2.220446049250313e-16,0.18286899105150212,0.043139154406210356,0.048777942430809296,0.009695207339974088
hold,hold,0.10791860032040235,0.06057277837522501,0.13998937857377286,0.1536823750957096,0.18286899105150212,8.881784197001252e-16,0.09199035841347442,0.08681422308662473,0.04291508318898629
play,play,0.04360690300008807,0.06491475083616016,0.04992141954057583,0.024782531805647684,0.043139154406210356,0.09199035841347442,0.0,0.06800163345277649,0.01859688750455875
ride,ride,0.04621221727873426,0.0414708895506411,0.06823737659658322,0.04859953228298919,0.048777942430809296,0.08681422308662473,0.06800163345277649,4.440892098500626e-16,0.12832523994778267
cover,cover,0.04702539561130711,0.07334730160234598,0.03936525315479185,0.04117569189613651,0.009695207339974088,0.04291508318898629,0.01859688750455875,0.12832523994778267,6.661338147750939e-16
