sit,sit,1.0000000000000004,0.4048659257042048,0.40964527431720266,0.27831564707693474,0.29003907629533465,0.39705895570550553,0.32986772426174304,0.2825631129485596,0.0943843637352855
watch,watch,0.4048659257042048,1.0000000000000007,0.3660899198699079,0.22950095283743666,0.28577502678429806,0.23907020149486286,0.3219702101465648,0.23543277094662135,0.10845694576114465
eat,eat,0.40964527431720266,0.3660899198699079,1.0000000000000002,0.26931650079719544,0.34603231453329686,0.21703722030867995,0.23694976617302954,0.23166223343872613,0.10705966919566666
carry,carry,0.27831564707693474,0.22950095283743666,0.26931650079719544,1.0000000000000002,0.32596914978664515,0.41505787876268196,0.20489295255542414,0.22418568274663042,0.22985375206428083
wear,wear,0.29003907629533465,0.28577502678429806,0.34603231453329686,0.32596914978664515,1.0000000000000007,0.26603028159131115,0.2556124093366742,0.21455374127026622,0.15661291822064938
hold,hold,0.39705895570550553,0.23907020149486286,0.21703722030867995,0.41505787876268196,0.26603028159131115,1.0,0.2139643768418798,0.1669827620277738,0.19323941898070118
play,play,0.32986772426174304,0.3219702101465648,0.23694976617302954,0.20489295255542414,0.2556124093366742,0.2139643768418798,1.0000000000000002,0.1929786822502021,0.12318055397371633
ride,ride,0.2825631129485596,0.23543277094662135,0.23166223343872613,0.22418568274663042,0.21455374127026622,0.1669827620277738,0.1929786822502021,1.0,0.05824683851366956
cover,cover,0.0943843637352855,0.10845694576114465,0.10705966919566666,0.22985375206428083,0.15661291822064938,0.19323941898070118,0.12318055397371633,0.05824683851366956,1.0000000000000002
