play,play,1.0000000000000007,0.4400326359435317,0.3535019083301555,0.36950689517622404,0.37040933088632255,0.33793390505085497,0.43383072148627366,0.3473130765663274,0.30054170300641136
watch,watch,0.4400326359435317,1.0,0.3823809001779894,0.33365094958550656,0.3925998311812573,0.39292797062729956,0.4717471600615351,0.41749346180586266,0.41605905065952
carry,carry,0.3535019083301555,0.3823809001779894,1.0000000000000007,0.39682962595379867,0.42425081077422877,0.36844445754493227,0.37073911566879636,0.5127842217591193,0.42948935239813313
cover,cover,0.36950689517622404,0.33365094958550656,0.39682962595379867,0.9999999999999996,0.3233878763453621,0.36876202444170997,0.2732070915974878,0.38333328351363627,0.38594397938821895
eat,eat,0.37040933088632255,0.3925998311812573,0.42425081077422877,0.3233878763453621,1.0000000000000002,0.32843172469380244,0.4954554721330105,0.412843539891742,0.34980888811521377
ride,ride,0.33793390505085497,0.39292797062729956,0.36844445754493227,0.36876202444170997,0.32843172469380244,1.0,0.34855873380661156,0.3413164782589976,0.34688602306538435
sit,sit,0.43383072148627366,0.4717471600615351,0.37073911566879636,0.2732070915974878,0.4954554721330105,0.34855873380661156,1.0000000000000002,0.571659507546739,0.40355034592707545
hold,hold,0.3473130765663274,0.41749346180586266,0.5127842217591193,0.38333328351363627,0.412843539891742,0.3413164782589976,0.571659507546739,1.0,0.421686398822177
wear,wear,0.30054170300641136,0.41605905065952,0.42948935239813313,0.38594397938821895,0.34980888811521377,0.34688602306538435,0.40355034592707545,0.421686398822177,1.0000000000000002
