wear,wear,0,1045,60,52,11,21,279,67,27
hold,hold,1045,0,261,866,383,26,1998,328,63
sit,sit,60,261,0,618,46,68,108,191,36
ride,ride,52,866,618,0,2,0,387,243,13
eat,eat,11,383,46,2,0,2,43,18,3
cover,cover,21,26,68,0,2,0,1,3,2
carry,carry,279,1998,108,387,43,1,0,88,17
watch,watch,67,328,191,243,18,3,88,0,29
play,play,27,63,36,13,3,2,17,29,0
